1 21086 2908103992563 北京京诚京安保安服务有限公司
2 18889 2608103916687 北京清远至合房地产经纪有限公司
3 45698 6563103821783 北京市环宇电梯工程有限公司
4 28936 4029103633780 北京海旺兴达商贸有限公司
5 16650 2297103662884 飞天诚信科技股份有限公司
6 30097 4221103879659 北京金穗视讯科技有限公司
7 15203 2100103861191 北京市京工雷蒙服装服饰有限公司
8 49670 7124103659613 北京市好利来食品有限公司
9 16290 2249103591492 北京龙源盛装饰有限责任公司
10 53753 7733103969357 北京盛杰联创科贸有限公司
11 64087 9236103935743 北京慈恩天下网络技术有限公司
12 65503 9450103721459 中国环境出版有限责任公司
13 38497 5524103736059 北京昆河医疗设备有限公司
14 31049 4373103882660 北京康宏瑞普物业管理有限公司
15 48233 6916104076852 慧远金盛资产管理股份有限公司
16 59067 8505104082701 北京思路高医疗科技有限公司
17 40662 5838103700254 北京乐和彩科技有限公司
18 62813 9051103838745 稳恩佳力佳（北京）石油化工设备有限公司
19 19026 2625104082255 北京蓝海易通咨询有限公司
20 2025 0281103682388 北京实创盛业电梯有限公司
21 54057 7775104157052 北京华环电子股份有限公司
22 16419 2266104092923 北京新兴宏利钢管有限公司
23 45068 6472103604665 北京海策工程咨询有限公司
24 46466 6672103655346 福建豪太装饰设计工程有限公司北京分公司
25 53468 7691104003718 山东益通安装有限公司北京分公司
26 2475 0341103734284 易智瑞（中国）信息技术有限公司
27 67412 9720103605175 北京蓝天建设有限公司
28 1314 0177103814826 北京金海恒达科技有限公司
29 12558 1732103744175 北京智能睿通劳务有限公司
30 19157 2641103722912 北京印腾飞图文制作有限公司
31 10637 1471103896206 北京市地质矿产勘查开发总公司
32 28938 4029103744666 昆吾九鼎投资管理有限公司
33 61738 8889103912227 北京正合茂祥经贸有限公司
34 60846 8768103636906 北京恩祥蓬瀛阁文化艺术有限公司
35 10479 1446104131493 北京辉煌百利家具销售中心
36 63514 9155103638135 北京华洋捭阖文化发展有限公司
37 67056 9670103859624 北京精升工贸有限公司
38 2030 0281103805397 北京环宇锦盛科技有限公司
39 66498 9589103927064 北京昆仑海岸传感技术有限公司
40 32460 4603104035627 北京中科美伦医疗股份有限公司
41 57602 8281103943569 荣森海姆（北京）输送系统有限公司
42 6622 0902103844022 北京康得新功能材料有限公司
43 49788 7141103924486 北京有间方略广告有限公司
44 32911 4682103618417 北京达美盛软件股份有限公司
45 14845 2049103932404 北京创新文昌伟业家具有限公司
46 62718 9038103839524 北京文兴亚明照明电器商贸有限公司
47 44917 6448103792542 北京太平机电设备安装有限责任公司
48 30890 4346103664106 北京平开智能电气有限公司
49 43622 6248104069409 北京市丰台区长辛店农工商联合总公司
50 39607 5683103743785 北京凯文物流有限公司
51 9269 1259103682543 北京国机丰盛汽车有限公司
52 66009 9526103723133 北京市京潞恒鑫生产资料有限公司
53 14782 2039103678626 北京金索坤技术开发有限公司
54 2599 0359103873152 北京宇华世创科技有限公司
55 58480 8408103749249 北京实强兴盛经贸有限公司
56 4668 0650103646006 北京文房文化发展有限公司
57 43164 6183104033318 北京九通物业管理有限公司
58 68574 9888103616054 北京东雷恒业环保科技有限公司
59 44810 6429103682689 北京北科泰来科技孵化器有限公司
60 14175 1955104161575 北京兴广厦房地产开发有限责任公司
61 32027 4530103842185 北京博纳广通商贸有限公司
62 13890 1914103796618 北京活跃传媒广告有限公司
63 37112 5309104071209 北京睿力恒一物流技术股份公司
64 66476 9586103622733 北京轻舟世纪建筑装饰工程有限公司
65 43116 6176103797558 北京国腾建筑工程有限公司
66 35150 5031103723037 北京立迈健德科技有限责任公司
67 3765 0527103760523 北京中软金卡信息技术有限公司
68 46993 6752103624547 北京海诚世纪国际贸易有限责任公司
69 20570 2834104001335 北京金水中科科技有限公司
70 54062 7776103841016 北京京西阳光投资有限公司
71 61353 8838103588084 北京居庸关长城城隍庙
72 38633 5544104134505 北京市东方万泉汽车销售有限公司
73 65658 9476103803584 北京五环清馨园林绿化有限公司
74 55909 8036103680589 北京天成有道广告有限公司
75 13765 1896104121326 北京金友阳光信息技术有限公司
76 47436 6813103686080 北京佳龙酒店管理有限公司
77 35974 5151103826668 北京国豪恒业工程技术有限公司
78 12157 1678103901054 北京中农牧贸易有限公司
79 31621 4469103721158 北京中传奥美地亚广告传媒有限公司
80 60093 8655103893614 北京超越电缆有限公司
81 26901 3739103690222 北京市国泰鑫盛建筑工程有限公司
82 36522 5230103900829 北京市宇航兴达机械制造有限公司
83 27034 3761103735783 北京波士通达汽车销售服务有限公司
84 42294 6067103594471 深圳市思沃智能科技有限公司北京分公司
85 9888 1354104082681 北京大地风景旅游景观规划院
86 13971 1925103892953 北京怀建集团辰辉建筑工程有限公司
87 14156 1953103841735 北京聚义石医疗器械有限公司
88 59140 8517103774105 清创尚景(北京)景观规划设计有限公司
89 2366 0326103675183 北京亿来置业有限公司
90 5812 0800103775907 北京思未博亚文化艺术发展有限公司
91 20351 2805103651795 北京朝来世纪房地产开发有限公司
92 67824 9781103645802 北京中汽雷日汽车有限公司
93 26562 3691103826144 北京华欧微能建筑科技有限公司
94 52323 7525103811983 北京捷瑞电讯设备有限责任公司
95 433 0061103762442 北京世纪麦田园林设计有限责任公司
96 43713 6262103811298 北京碧水源膜科技有限公司
97 38852 5573103744354 北京西湾光电科技有限公司
98 52654 7575104048236 北京祥峰宏业商贸有限公司
99 59137 8517103636503 北京合康亿盛变频科技股份有限公司
100 49038 7027103600400 北京易华录信息技术股份有限公司
101 58954 8489103682461 北京陆维科技有限公司
102 67267 9698103795918 北京德万隆经贸有限公司
103 10321 1418103736735 新兴铸管股份有限公司北京销售分公司
104 58903 8482103788635 北京皓宇润泰商贸有限公司
105 47597 6832103946284 北京京诚信源汽车维修服务中心
106 39979 5737104115213 北京双富丽建筑工程有限公司
107 351 0048103811950 北京锐易纵横公关顾问有限公司
108 28215 3921103677025 诚和致远（北京）贸易有限公司
109 58176 8366103735463 北京联创广汇自控设备有限公司
110 11045 1529103613269 北京市泵业联合公司
111 38036 5452103896182 中交投资有限公司
112 31007 4367103660735 北京顺东混凝土有限公司
113 36953 5286103950948 中服富胜家居用品（北京）有限公司
114 54060 7776103686102 北京博大昌达文化发展有限公司
115 56617 8136103647896 科技会堂
116 64847 9345103962624 北京宏基富隆建筑装饰工程有限公司
117 56198 8077103627167 中国地质科学院地球物理地球化学勘查研究所驻京办事处
118 64161 9246104175916 江苏银行股份有限公司北京分行
119 56588 8131104031782 北京中建联合知识产权代理事务所
120 29145 4064103765726 北京天润建设有限公司
121 20994 2897103819833 北京华贸奥苑房地产开发有限公司
122 13968 1925103775292 北京中创联合商贸有限公司
123 44627 6399103645390 江河创建集团股份有限公司
124 14758 2036104061986 北京视众传媒科技有限公司
125 33712 4808103791836 北京恒远华信息技术有限公司
126 62871 9059103664162 北京维通利电气有限公司
127 12071 1667103672140 北京顺达峰美服装服饰有限公司
128 13335 1842104027119 北京金银建出租汽车有限公司
129 55476 7976103799619 北京爱捷洲际科技有限公司
130 39395 5651103763040 北京四洋机电设备安装工程有限公司
131 8584 1168103629299 北京卓佳广告有限公司
132 52662 7577103626648 新奥（中国）燃气投资有限公司
133 22363 3082103890490 北京东方捷运物流有限公司
134 51926 7465103618283 北京中进百旺汽车销售服务有限公司
135 1140 0158103646343 北京来福赛尔科技发展有限公司
136 28977 4035103874035 北京百聪建筑工程造价咨询有限公司
137 26202 3639103672639 北京信远筑诚房地产开发有限公司
138 37474 5365103883075 北京汇通融业科技发展有限公司
139 64040 9230103815642 北京鼎润商贸有限公司
140 39252 5628103978936 北京思创贯宇科技开发有限公司
141 13621 1880103659189 北京信德昌科技有限公司
142 55284 7947103605806 北京京电电力工程设计有限公司
143 964 0132103877126 北京奥锐勒商贸有限公司
144 60663 8743103948769 北京京博鑫天地广告有限公司
145 37119 5310104000781 北京京东方真空技术有限公司
146 58687 8446103627262 北京泽人合物资有限公司
147 30871 4343103658356 中邮人寿保险股份有限公司北京分公司
148 41844 6006103675105 北京长信时代科技发展有限公司
149 65049 9374104047068 中国四达国际经济技术合作有限公司
150 4928 0683103955455 北京牛建建筑集团有限公司第二十分公司
151 56857 8167103948657 方圆标志认证集团有限公司
152 44034 6307103653850 北京瑞合嘉业房地产经纪有限公司
153 65409 9432103695319 北京爱德迈德广告有限公司
154 29992 4203103655884 北京市朝阳田华建筑集团公司田五二队
155 28044 3897103631904 北京大诚太和建筑科技有限公司
156 44986 6458103912135 北京睿渡展业会议服务有限公司
157 22640 3121103597815 北京天赐园食品有限责任公司
158 64905 9354103630511 北京东方亚视广告有限公司
159 25192 3486103722638 北京科可兰德建筑设计咨询有限公司
160 54068 7776104022266 新兴铸管国际发展有限公司
161 27908 3880103616450 北京世纪商筑装饰工程有限公司
162 56358 8098104046989 洽圩国际商贸（北京）有限公司
163 42081 6036104047501 北京瑾腾装饰工程有限公司
164 18781 2592104049559 北京东红环境艺术有限公司
165 2462 0339103606172 北京东方日盛科技有限公司
166 54717 7871103758041 中国乳制品工业协会
167 8645 1176103624892 北京易明互动科技发展有限公司
168 54370 7817104063964 北京伊萨科技发展有限公司
169 52921 7614104146098 北京昊洋新杰科技有限公司
170 27641 3842104099817 北京华港兴业商贸有限公司
171 38646 5547103780503 华育天朋（北京）装饰工程有限公司
172 18725 2585103838573 北京拓世寰宇网络技术有限公司
173 122 0016103787540 北京恒弈伟泽科技发展有限公司
174 17337 2391103658557 中国铁路通信信号股份有限公司
175 15525 2145103979253 北京中环鑫融酒店管理有限公司
176 35053 5018103621541 北京汇特嘉新材料科技有限公司
177 13004 1798104090767 北京创升永利房地产开发有限公司
178 53306 7670103743161 北京市宏皓浴池有限公司
179 46982 6750104089968 北京燕清联合文化产业发展中心
180 44368 6359103680466 北京和裕丰田汽车销售服务有限公司
181 32000 4526103928744 北京国信桥通信工程有限公司
182 39569 5678103757216 北京瑞雪春堂房地产有限公司
183 17629 2437103894386 北京宜思博睿文化传媒有限公司
184 50549 7251103733623 北京瑞哈国际假肢矫形器贸易有限公司
185 51881 7457103689668 华教英才（北京）文化交流中心
186 33893 4838103718550 北京鑫紫竹兴业医疗器械有限公司
187 56596 8133103670661 北京九州一轨隔振技术有限公司
188 61713 8887103671152 北京北开科达电气设备有限公司
189 23882 3288104015876 北京奥之光洁保洁服务有限公司
190 25496 3532103726984 北京能动时代教育科技有限公司
191 6337 0869103634315 北京市西城区养老机构服务中心
192 30640 4306103783083 北京中证天通工程造价咨询有限公司
193 12282 1695103741571 北京京业建筑设计有限公司
194 9972 1367103698942 北京江铜营销有限公司
195 11345 1571103819530 北京傲威卓越虚拟技术服务有限责任公司
196 26605 3696103802103 《城市建设》杂志社有限公司
197 13203 1825103909032 北京奥普瑞兴医疗器械有限责任公司
198 51525 7399104045161 北京凯普林光电科技有限公司
199 58202 8370103882919 鲁东人家（北京）餐饮有限公司
200 51744 7435103855614 北大资源集团有限公司
201 50042 7181103673041 北京吉芬时装设计有限公司
202 45844 6583104018933 北京三和药业有限公司
203 58266 8378104116556 北京卡固电气设备有限公司
204 37409 5357103622779 中国进口汽车贸易有限公司
205 35625 5096103745113 北京蓝泰巨慧管理咨询有限公司
206 38132 5468104087370 北京翼速国际物流有限公司
207 43913 6290104001720 北京亿展资产管理有限公司
208 48072 6893103593141 北京恒峰永泰科技有限公司
209 14468 1995103735413 天美（中国）科学仪器有限公司
210 62334 8979103787656 北京科峰轩宇医疗器械有限公司
211 31982 4523103788492 北京华文书苑图书有限公司
212 38676 5552103853014 北京海温气体制造厂
213 17923 2477103621357 北京恒华伟业科技股份有限公司
214 50167 7196103948757 北京盛祺投资有限公司
215 22068 3043103770133 佳菲（北京）建筑景观设计有限公司
216 57681 8293103605323 世纪闻康（北京）科技发展有限公司
217 38730 5558104090618 中国节能减排有限公司
218 60875 8772104031883 北京仁华工程技术有限公司
219 36243 5187103758190 北京纤丝鸟服饰有限公司
220 37911 5432104104797 北京格林物业管理有限公司
221 67463 9728103961646 北京远行房地产经纪有限公司
222 16274 2246103969198 北京韩美药品有限公司
223 30488 4284104016427 北京合力华通汽车服务有限公司
224 27426 3813103686788 北京信诺时代科技发展有限公司
225 21304 2939104025665 北京数码视讯支付技术有限公司
226 8006 1090103965720 北京金博盛华建筑工程有限公司
227 6444 0881103787385 北京基业达电气有限公司
228 59492 8567103598148 北京金卓通达商贸有限公司
229 5992 0822103850347 北京华荣建业房地产开发有限公司
230 58263 8378103803137 北京和记京泰物流有限公司
231 21851 3015103636809 北京中兴恒信工程造价咨询有限公司
232 30822 4332103960728 国民油井华高（北京）投资管理有限公司
233 64446 9289103750034 北京轩宇建筑工程有限公司第四分公司
234 64580 9307103783871 北京市中迈律师事务所
235 63668 9177104170635 北京道亨兴达科技有限公司
236 55499 7980103898427 北京世华智业企业管理有限公司
237 50646 7266104021059 北京中电加美环保科技有限公司
238 49563 7107103820052 北京老虎致远科技有限公司
239 14924 2064103985541 北京北林丽景生态环境规划设计院有限公司
240 13749 1895103594254 北京无忧创想信息技术有限公司
241 59323 8540104176014 北京飞力士物流有限公司
242 8524 1159103834355 北京天润康隆科技股份有限公司
243 47246 6786103938375 北京天易幕墙工程有限公司
244 30891 4346103773991 北京百分通联信息技术有限公司
245 62856 9057103803178 北京成跃搬运服务有限公司
246 37003 5294104055563 北京中城赋比兴投资基金管理中心（有限合伙）
247 12717 1756103981265 北京癫痫病研究中心
248 31458 4444103696007 北京市吴栾赵阎律师事务所
249 57246 8227103633681 北京康泽美医疗器械有限公司
250 23007 3171103883411 北京速通科技有限公司
251 57217 8221104023432 北京徽芝堂药业有限公司
252 21670 2992104087334 北京居然之家乐屋装饰有限公司
253 15282 2110103948157 北京华中新工贸有限公司
254 20291 2798103658500 北京逸乐酒店管理有限公司
255 53624 7715103624136 北京安昆润达国际科技发展有限公司
256 33769 4817104089790 北京鼎华建筑工程有限公司
257 15356 2120103883881 北京京大昆仑房地产开发有限公司
258 30841 4337103656624 北京四海顺达物流有限公司
259 16105 2222104099122 北京国林系统家具有限公司
260 27619 3840103981930 北京方庄物业管理有限责任公司
261 31689 4482104013526 北京方佳物业管理有限公司
262 53763 7734103823548 北京鸿鹰印务有限公司
263 25547 3539103639096 北京瑞通华科科技有限公司
264 40484 5812103660741 北京顺东混凝土有限公司
265 1161 0160103895070 北京天音彩韵国际文化传媒有限公司
266 43572 6240104100197 北京宁俊科技有限公司
267 22685 3127104090837 北京世纪今创房地产开发有限公司
268 55842 8026103729220 北京芯联科泰电子有限公司
269 35912 5138103829832 北京凯思大酒店
270 7035 0956103890577 北京百瑞红祥商贸有限公司
271 58510 8412103918363 北京国润天时机械设备租赁有限责任公司
272 45951 6597104181956 中国长城资产管理公司
273 22494 3100103771312 北京鼎安科技发展有限公司
274 47931 6875103879748 中国上市公司协会
275 58940 8487103640567 北京横店影视电影城有限公司
276 38371 5505104136184 北京北科麦思科自动化工程技术有限公司
277 68940 9942103694872 北京翠维东方科技发展有限公司
278 33912 4842103682051 北京庆生祥工贸有限公司
279 53644 7717103720816 北京百汇通达轮胎有限公司
280 64632 9315104163156 北京顺达昌隆汽车修理有限公司
281 44328 6354104159072 布鲁费尔德（北京）设备有限公司
282 2246 0310103747938 北京科强科技有限公司
283 52328 7526103659576 北京首信市政园林绿化工程有限公司
284 1046 0145103900801 北京华德恒资产评估有限公司
285 181 0024103791730 北京华美天意科技开发有限公司
286 15540 2149103787009 浩缘朋（北京）服饰有限公司
287 44156 6327103883093 北京八倍体科技发展有限责任公司
288 10957 1517103756793 北京景程太和人力资源管理有限公司
289 29899 4191103633913 北京方万源通信器材有限公司
290 40143 5762103796346 北京宏源永昌建筑工程有限公司
291 19806 2728103841289 北京北斗银河科技有限公司
292 33459 4770103659959 北京正鹏房地产开发有限公司
293 56648 8139104155802 中国兵器工业集团公司
294 51403 7379103627759 北京市龙汇景源投资管理公司
295 5560 0768103797635 北京俊逸山水文化交流有限公司
296 35786 5118103649506 北京琦跃成商贸有限责任公司
297 21699 2996103726853 北京四环科宝制药有限公司
298 59749 8603103956316 北京运安达机械施工有限公司
299 61696 8885103913352 北京中电方大科技股份有限公司
300 62773 9047103637467 华通远航（北京）科技发展有限公司
301 59374 8549103623864 北京英迈策源文化传媒有限公司
302 44959 6455103765811 北京健远泰德工程技术有限公司
303 21334 2943103948211 北京路桥诺亚方舟园林绿化有限公司
304 15972 2208104104798 北京格林物业管理有限公司
305 68050 9812103683801 尚美世家（北京）贸易有限公司
306 45061 6471103650721 中金数据系统有限公司
307 62131 8949103721301 北京门得安技术有限公司
308 41703 5988103596259 北京和平简商贸有限公司
309 64026 9228103729149 北京博勘特石油勘探机械设备技术有限公司
310 64740 9331103748165 北京世创精图科技有限公司
311 15759 2179103783573 北京华铝爱森化工技术有限公司
312 66271 9559103682584 北京圣维尔医疗用品有限公司
313 31804 4499104047708 北京天得湾餐饮有限公司
314 32330 4584103650040 北京中科讯博通信技术有限公司
315 56703 8148103700770 北京国承瑞泰科技股份有限公司
316 51517 7398103678783 北京天嘉伟业科贸有限公司
317 59096 8509103605215 古陶文明博物馆
318 24502 3379103632047 北京伯孚科技有限公司
319 40304 5788103652060 北京世纪辉腾广告有限公司
320 54963 7902103608719 北京同创工贸有限公司
321 68759 9914103677975 北京中青宏业工程质量检测有限公司
322 11729 1619103651622 北京市燃气集团有限责任公司工程建设管理分公司
323 25943 3600103791876 北京市奕明律师事务所
324 65112 9383104106358 北京鼎越工程技术有限责任公司
325 56572 8130103769857 北京铭圣海通科技有限公司
326 25051 3464103602910 北京金融资产交易所有限公司
327 58646 8439103846417 北京天马轴承有限公司
328 40434 5804104171308 北京宝荣宸投资管理有限公司
329 42371 6076103815791 北京普净物业管理有限公司
330 23155 3191103650579 北京埃夫信环保科技有限公司
331 16672 2299103969492 国家民委招待所
332 9192 1249104171961 北京广惠康医药有限公司
333 41559 5967103927530 万邦联合（北京）设备有限公司
334 60213 8675103739420 北京深港药业有限公司
335 5258 0728104025187 北京睿凝达生物科技有限公司
336 68712 9907103597245 乐风创想（北京）科技有限公司
337 50255 7208103998854 北京中恒伟业食品科技有限公司
338 36356 5206103670986 北京京通文化传媒有限责任公司
339 2338 0322103802972 北京金海虹氮化硅有限公司
340 24462 3374103834699 北京佳士凯科技中心
341 22752 3136103824480 邦信资产管理有限公司
342 2453 0337103848095 北京通号国铁城市轨道技术有限公司
343 16273 2246103871729 北京瑞特恩自控设备有限公司
344 34501 4934103787502 北京浙杭叉车销售有限公司
345 24384 3363103755637 香港灵盾航空器材供应有限公司北京代表处
346 22877 3155104114081 北京空港物博物业管理有限公司
347 1656 0226103671615 北京龙天陆房地产开发有限公司
348 24318 3354103646063 北京宏祥新兴测绘有限公司
349 64042 9230103946789 北京博之声听力技术有限公司
350 23386 3219103762559 北京金谷瑞景商贸有限责任公司
351 46032 6609103617769 北京盈海盛泰科技有限公司
352 66540 9596103636367 博韩伟业（北京）科技有限公司
353 19446 2681103608256 北京北旅时代商务汽车租赁服务有限公司
354 6733 0916103629296 东方昆仑（北京）律师事务所
355 63357 9132103604250 北京弘宇安成科技发展有限公司
356 47646 6839103602568 北京祥睿信达投资管理有限公司
357 19017 2624103811066 北京奥信胜五金交电销售中心
358 25565 3542103976538 北京小护士纺织科技有限公司
359 28742 3998103787543 北京百图荣冠建筑装饰工程有限公司
360 43000 6161103652635 北京谷赢天下科技有限公司
361 55757 8014103792834 北京慧海会计师事务所（普通合伙）
362 21697 2995104132500 北京联信永益信息技术有限公司
363 68675 9901104060228 北京朝阳隆华电线电缆有限公司
364 40872 5870103692054 北京智敏科技发展有限公司
365 48069 6892103739415 北京国科天创建筑设计院有限责任公司
366 6568 0895103674196 加仑特石油化工（北京）有限公司
367 24712 3408103927581 北京联航航空客舱用品有限公司
368 40933 5878103951239 北京市铁润商贸有限责任公司
369 27072 3765103756904 北京晨阳鸿瑞科技有限公司
370 57334 8242103627035 北京正阳包装纸业有限公司
371 1263 0171104006358 雪山视景（北京）科技有限公司
372 22740 3135103593494 北京市美丹食品有限公司
373 22164 3058103644858 北京市金索恒盾防护设备有限公司
374 15842 2189103770952 北京先锋中企文化有限公司
375 32212 4563103688033 北京北方国信货运代理有限公司
376 66307 9564103695381 北京泰华食品饮料有限公司
377 64798 9339103881720 北京绿之雅建筑装饰有限公司
378 60784 8760103892522 北京科瑞迪特新材料有限公司
379 40728 5848103683357 北京搜斗士信息技术有限公司
380 33695 4805104171493 北京集佳知识产权代理有限公司
381 23396 3220103663855 东方时尚驾驶学校股份有限公司
382 34329 4906104106356 北京鼎越工程技术有限责任公司
383 45734 6568103978715 北京东方国自电力设备有限公司
384 18986 2621103603093 北京四海消防工程有限公司第七工程部
385 46465 6672103633834 北京时代浩达建筑装饰工程有限公司
386 19475 2685103839440 北京荣联建筑工程有限公司
387 59088 8507104026035 北京万荣金汇商贸有限公司
388 34827 4986103656154 北京翰林尚大教育科技有限公司
389 66199 9550104117654 中国工商银行股份有限公司北京市分行
390 26955 3748103632541 北京奕长丰商业有限公司
391 49696 7127103592615 北京骏东汽车销售服务有限公司
392 24690 3406103723962 欧绿保再生资源技术服务（北京）有限公司
393 7614 1038104119889 北京中天兰清环境科技有限公司
394 28681 3990103672805 北京人众创新工贸有限公司
395 38047 5455103861101 北京大荣明睿厨房设备有限公司
396 1055 0147103855495 北京视联动力国际信息技术有限公司
397 3121 0440103628620 深圳历思联行物业管理有限公司北京分公司
398 44744 6417103649967 国电物资集团有限公司
399 55775 8016103875872 北京星和众工设备技术股份有限公司
400 17817 2462104033511 俄罗斯航空运输有限公司北京代表处
401 67508 9733104115109 北京博华信达科技发展有限公司
402 30065 4216103616653 北京协联信息科技公司
403 66589 9602103602362 北京北花园置业有限公司
404 6708 0912103925258 北京德邦货运代理有限公司
405 22123 3051103610182 北京航天嘉合广告有限公司
406 23293 3206103675627 北京赛普信科技术有限公司
407 44376 6360103797455 新华网股份有限公司
408 3604 0508103678406 北京中科国信科技股份有限公司
409 43864 6284103953806 北京浩融同辉酒店有限公司
410 66392 9573104093834 北京博瀚门窗木业有限公司
411 52191 7503103758547 北京京鼎大厦有限公司
412 27575 3834103678588 中国教学仪器设备有限公司
413 54179 7790103687344 北京天诚顺兴商贸有限公司
414 64390 9281103624893 北京开普锐科技有限公司
415 19604 2703103812895 北京世纪德班国际贸易有限公司
416 21429 2957103626505 北京华滨投资有限公司华滨国际大酒店
417 45306 6506103982893 嘉友国际物流（北京）有限公司
418 49689 7126103634583 北京中机恒鼎科技发展有限公司
419 63750 9190103792911 龙源（北京）太阳能技术有限公司
420 28595 3980103744981 北京呀咪呀咪营养快餐有限公司昌平销售分公司
421 16822 2323103968396 北京浩嘉维商贸有限公司
422 59228 8528103593551 北京市中盛律师事务所
423 44077 6315103730807 北京公铁华信物流有限公司
424 118 0015104001394 北京龙兴鼎盛网络科技有限公司
425 7639 1042103588108 北京花园桥招待所
426 45915 6591103927296 北京燕山玉龙石化工程有限公司
427 15126 2090103677448 北京金来德餐饮管理有限公司
428 62826 9053103817483 北京宝宇通达物流有限公司
429 47137 6773103671036 司麦澳（北京）文化艺术有限公司
430 31157 4391103844629 北京国丰建业建筑工程有限公司
431 63186 9103103627184 诚通财务有限责任公司
432 20055 2767103606684 北京创建通达商贸有限公司
433 5010 0695103666389 北京恒嘉印刷有限责任公司
434 22912 3160103774020 北京小浪花科教设备有限公司
435 35530 5082103634505 北京卓远惠科机械工程有限公司
436 62674 9032103760490 北京恒远恒信科技发展有限公司
437 37082 5306103773428 北京思科信业自动化技术有限公司
438 39027 5596103799385 北京市永达瑞通商贸有限公司
439 66206 9551103946188 北京柯秒国际文化传媒有限公司
440 23172 3192104047001 北京安达医院
441 44441 6369103610353 北京华胜银泰商贸有限公司
442 55484 7978103655628 北京吉纳宣兴医疗器械有限公司
443 60305 8690103991478 北京清四汽车销售服务有限公司
444 69149 9971103603874 天女来（北京）装饰工程有限公司
445 44106 6319103787541 北京东方腾龙建材市场有限公司
446 22121 3050103961988 央广幸福购物（北京）有限公司
447 39854 5718103744641 昆吾九鼎投资管理有限公司
448 12567 1734103614618 北京福信通科技有限公司
449 9078 1234103983152 北京华邈中药工程技术开发中心
450 16619 2293103798233 北京豪特耐管道设备有限公司
451 25092 3470103895392 北京久盛康科技有限公司
452 22774 3139104001439 北京百华悦邦科技股份有限公司
453 50336 7219103908698 北京京城水系航运旅游开发有限公司
454 27181 3778103996839 北京京兴和谐建筑劳务分包有限公司
455 996 0138103605357 北京展福科技发展有限公司
456 8280 1128103658901 航天长征化学工程股份有限公司
457 55330 7954103671143 中航捷锐（北京）光电技术有限公司
458 66472 9585103788301 国教视讯（北京）文化传媒有限公司
459 68412 9867103724490 北京交通大学教育基金会
460 45550 6539103811334 北京龙元汉丰商贸有限公司
461 8168 1115103800207 北京白纸坊和家宾馆有限公司
462 50893 7302103775101 北京君道科技发展有限公司
463 25809 3580103910321 卡尔拉得优胜汽车修复系统（北京）有限公司
464 12707 1755103824247 北京金道天成信息系统服务有限公司
465 3206 0451103975721 北京合众思壮科技股份有限公司
466 32137 4549103860766 北京华昌建筑工程有限责任公司
467 22566 3108104090673 北京空港宏远物流有限公司
468 31268 4410103622655 北京诚益通控制工程科技股份有限公司
469 28860 4018103682531 北京市源烽世纪商贸有限责任公司
470 26272 3649103722831 北京中视嘉禾文化传播中心
471 53689 7724103700114 中康酒店管理有限公司
472 6279 0863103607053 北京倍金实科贸有限公司
473 52826 7599103656671 北京银联商务有限公司
474 40578 5826104105021 北京木斯建筑装饰工程设计有限公司
475 53496 7696104093890 北京汉华威宏精典脚轮制造有限公司
476 30680 4311103784353 北京时代辽科图书有限责任公司
477 68266 9843103936160 北京福星盛工贸有限公司
478 44271 6345103854103 北京捷敏光电技术有限公司
479 25354 3514103786805 北京汇杰信安技术有限公司
480 54860 7889103604801 北京锐意魔方文化传播有限公司
481 6062 0830104131328 北京澳雨轩餐饮有限责任公司
482 2559 0353103644121 四川川中孙鲶鱼餐饮有限责任公司北京分公司
483 53748 7733103695783 北京恒富物业服务有限公司
484 30519 4290103651958 宇博宏润（北京）科贸有限公司
485 6066 0831103915055 北京中钞钞券设计制版有限公司
486 40413 5802103935824 龙德置地有限公司
487 39061 5602103739262 北京易艾斯德科技有限公司
488 47171 6777103804153 北京宏奥世纪科技发展有限公司
489 21916 3023103721084 北京日鑫铭阳土石方工程有限公司
490 27251 3788103678965 北京神州远望科技有限公司
491 7344 1001103770675 中铁资源集团有限公司
492 39953 5732104094075 北京天神互动科技有限公司
493 39957 5733103645391 江河创建集团股份有限公司
494 20656 2848103792666 北京贝能达技术有限公司
495 15005 2074104065814 凯比（北京）制动系统有限公司
496 62890 9063103616902 北京世纪依品家具有限公司
497 29676 4156104071936 北京金盾建材有限公司
498 47598 6832103953154 北京日中天地基基础工程有限公司
499 65943 9518103733849 北京庄子工贸有限责任公司
500 11970 1652103739056 中国法学交流基金会
501 68898 9936103616219 北京圣业佳杰科贸发展有限公司
502 8587 1168103699431 北京美特斯邦威服饰有限公司
503 53050 7632103735504 北京华夏视科图像技术有限公司
504 52148 7498103633291 北京世达环球科贸有限公司
505 32272 4575103738649 信诚人寿保险有限公司北京分公司
506 18813 2599103614897 长江证券股份有限公司北京百万庄大街证券营业部
507 39291 5634103791155 北京科住物业管理有限公司
508 9759 1334103691287 大公国际资信评估有限公司
509 43027 6164103882659 北京康宏瑞普物业管理有限公司
510 39658 5691103626830 北京格丽斯聚合技术发展有限公司
511 9357 1273103613976 北京盛世欣兴格力贸易有限公司
512 11060 1531103645413 北京共友投资有限公司
513 41118 5902104146528 北京优品悦动科贸有限公司
514 13552 1871103626736 中咨华科交通建设技术有限公司
515 39489 5666103917967 华企德康科技（北京）有限公司
516 5609 0773103877989 北京三松国际贸易集团有限公司
517 66487 9587103979477 北京京奇非凡影视文化有限公司
518 6642 0905103616763 北京大北方工程设备有限责任公司
519 32136 4549103846268 北京罗麦科技有限公司
520 62418 8992103816331 北京格雷服装服饰有限公司
521 44737 6416103782583 北京中投视讯文化传媒有限公司
522 9352 1272103769388 北京马驹桥青年餐饮有限公司
523 1609 0220103616555 北京天润华兴科技有限公司
524 18928 2613103802561 北京京卫元华医药科技有限公司
525 13737 1893103856495 融智通科技（北京）股份有限公司
526 35665 5102103803136 北京市大华衬衫厂
527 32170 4556103872714 北京香食乐食品有限公司
528 25574 3546103606141 北京航天振邦精密机械有限公司
529 59948 8634103629750 北京尼奥互动广告有限公司
530 1005 0139103881518 华信仪表（北京）有限公司
531 20668 2849103759873 北京市朝阳区黑庄户乡定辛庄西村村民委员会
532 47670 6843103734058 北京新瑞智信科技有限公司
533 13384 1848103859426 上海优耐特斯压缩机有限公司北京分公司
534 55305 7949103786725 北京宸溶餐饮有限公司
535 66817 9636103628123 北京中宏睿智房地产经纪有限公司
536 18852 2603103659740 万达百货有限公司
537 1601 0219103627495 北京鼎盛辉物流有限公司
538 67590 9745103839583 北京蓝色视界广告传媒有限公司
539 56595 8133103662995 北京安瑞普税务师事务所有限公司
540 1122 0155104093587 北京市果品有限公司
541 29303 4089104029548 北京市北电电能调试安装服务处
542 4144 0577103898349 中磊工程造价咨询有限责任公司
543 51601 7413103909051 北京掌一智科技有限公司
544 17895 2473103589955 北京鼎德安科技有限公司
545 65627 9471103654539 迈格斯机械（北京）有限公司
546 68178 9830103976709 北京柯万机电设备有限公司
547 26406 3668104018831 北京福运达货物运输有限公司
548 50510 7246103673758 北京仟佰佳清洗服务有限公司
549 9396 1278103800122 江苏省建筑工程集团有限公司北京分公司
550 65746 9489104145977 泰吉新业科技（北京）有限公司
551 34386 4915103627935 北京中寰工程项目管理有限公司
552 40957 5882103671572 北京理想云天科技有限公司
553 33807 4823104114599 北京达安顺消防科技有限公司
554 18894 2608104178396 国网冀北电力有限公司
555 24161 3329103925190 北京成达强夯商贸有限公司
556 68578 9888104052612 北京数位圆时广告有限公司
557 51441 7386103892924 北京科丰宏达科技发展有限公司
558 33220 4729103882633 北京华顺电气安装工程有限责任公司
559 18536 2556104028658 北京恒久财富投资管理有限公司
560 52491 7552103621533 北京水木石文化传媒有限责任公司
561 7121 0967103877893 北京汇通汇利技术开发有限公司
562 53528 7700103840829 北京中斗科技股份有限公司
563 52421 7540103659285 北京宏伟佳业科技有限公司
564 38654 5548104012371 中都物流有限公司
565 58031 8347103881082 北京环球百利教育科技有限公司
566 32732 4652103830856 北京东方硕领经贸有限公司
567 27734 3856103675027 北京五彩园林绿化有限公司
568 27590 3836103691510 北京依艾伟业科技发展有限公司
569 42014 6029103594433 北京市丰台区马家堡街道瑞丽江畔社区卫生服务站
570 56100 8062104091107 北京华人方创科技有限公司
571 64887 9351104049918 中国人民财产保险股份有限公司北京市平谷支公司
572 66384 9572103816309 北京创辉源科技发展有限公司
573 19390 2673103794459 北京绿都基础设施投资有限公司
574 31014 4368103597472 北京居易居营销策划有限公司
575 33116 4711104028450 北京旋极信息技术股份有限公司
576 40594 5828103950131 华鼎鸿基石油工程技术（北京）有限公司
577 27093 3768103634710 北京川睿科技有限公司
578 53057 7632104176210 北京市德福大业化工有限公司
579 22644 3121103786564 北京东华易时科技有限公司
580 14902 2059103912250 北京圆之翰煤炭工程设计有限公司
581 9260 1258103689162 北京融诚达科技发展有限公司
582 51002 7320103605064 紫光集团有限公司
583 16178 2231103760167 北京润泽庄苑房地产开发有限公司
584 63545 9159103766059 北京东方金钰珠宝有限公司
585 35961 5148104165983 北京和君咨询有限公司
586 49054 7029103877898 普莱美思（北京）科技有限公司
587 13863 1911103648004 北京优鼎优餐饮管理有限公司第一分公司
588 63833 9202104178568 北京同鑫建材有限公司通州分公司
589 31144 4388103790593 北京上投彩虹资产管理中心（有限合伙）
590 67582 9744103964625 北京中航科电测控技术有限公司
591 36753 5263103638479 北京路顺安达汽车租赁有限公司
592 37724 5403103815558 北京凯笛通科技有限公司
593 49055 7029103889215 北京聪宇汽车修理有限公司
594 4104 0572103807194 北京东升伟业不锈钢装饰有限公司
595 63344 9130103835400 同力天合（北京）管理软件股份有限公司
596 45118 6478103943034 北京美添辰环境检测有限公司
597 21065 2906103889097 北京完美蓬瑞影视文化有限公司
598 12948 1790104084888 北京四环生物制药有限公司
599 29206 4075103622135 北京君庆动力科技有限公司
600 32895 4680103793975 营口市人民政府驻北京联络处
601 40444 5806103966481 北京鸿远泰达科技有限公司
602 68158 9827103873652 大华会计师事务所（特殊普通合伙）
603 8497 1155103947577 韩亚银行（中国）有限公司
604 22639 3120103962957 北京凯世嘉年建材有限公司
605 860 0118103598371 北京亿本房地产开发有限公司
606 37344 5345103629655 北京中海和电子科技有限公司
607 21567 2977103656086 北京洪恩教育科技股份有限公司
608 2793 0388103632892 北京天正软件股份有限公司
609 55120 7924103988798 嘉盛兴业(北京)投资有限公司
610 52910 7613103636199 北京春光置地房地产开发有限公司
611 41485 5956103730795 北京康远制药有限公司
612 67726 9767103692158 北京北缆富来电线电缆有限公司
613 10576 1462103880985 华诚博远（北京）投资顾问有限公司
614 3634 0512103633307 北京富士特锅炉有限公司
615 43232 6193103654991 北京东润科石油技术股份有限公司
616 25461 3528103665876 北京嘉州东坡酒楼
617 37350 5346103623896 巨龙在线（北京）科技发展有限公司
618 58219 8372103672407 北京麦诺克科技有限公司
619 2693 0374103736869 北京创高铁研科技发展有限公司
620 8978 1220103592611 北京骏东汽车销售服务有限公司
621 18870 2606103644727 盛隆电气集团有限公司北京分公司
622 33244 4732103924787 联合友为（北京）广告有限公司
623 65788 9495103874033 北京百聪建筑工程造价咨询有限公司
624 43774 6270103803744 北京富高经贸有限责任公司
625 19348 2667103966294 北京机电研究所
626 27163 3777103747240 北京因脉科技有限公司
627 17330 2390103620344 北京越野阳光体育文化传播有限公司
628 15286 2111103623866 北京英迈策源文化传媒有限公司
629 37013 5296103648560 北京铂恒律师事务所
630 57341 8242104013386 北京润和易达科技发展有限公司
631 19529 2693103915915 英联（北京）投资咨询中心（有限合伙）
632 14146 1952103734967 中铁房地产集团北京丰昊置业有限公司
633 23852 3284103739359 河北京能中电电力工程有限公司北京分公司
634 59092 8508103795900 北京普康卫宁医疗器械有限公司
635 43801 6274103988929 北京博泰隆石油设备技术服务有限公司
636 10444 1439104004238 北京格瑞迪斯石油技术有限公司
637 42506 6094103658518 科特贝德机电设备（北京）有限公司
638 62881 9060103804564 北京欣风景园林景观规划设计院
639 62686 9034103638385 北京科丽力尔净水科技有限公司
640 67960 9799103743701 北京高科能源供应管理有限公司
641 27487 3821103655626 北京吉纳宣兴医疗器械有限公司
642 11070 1532103791790 正大汉鼎工程管理有限公司
643 8713 1182103860925 北京金天骄工贸有限公司
644 47577 6830103867113 北京东腾庄园餐饮有限公司
645 26098 3625103900923 中材地质工程勘查研究院有限公司
646 38369 5505104011795 北京华阳奥通技术培训有限公司
647 27148 3775103871390 北京维纳河餐饮管理中心
648 45421 6522103827864 北京小松工程机械有限公司
649 30215 4240104027071 北京中水物业管理有限公司
650 37883 5428103909603 北京润成恒信科技有限公司
651 7768 1061103622236 北京怡成生物电子技术有限公司
652 32189 4559103935914 北京盛邦新业数字技术有限公司
653 10255 1408103912366 北京宏泰博业科技有限公司
654 20228 2790103786888 北京川江电力设备有限公司
655 14026 1934104093588 北京市果品有限公司
656 7200 0978103769922 北京信和源建筑装饰工程有限公司
657 2371 0326104082948 北京东安华业国际经贸有限公司
658 34065 4869103615959 北京博萨汽车配件有限公司
659 3292 0464103604291 北京信诺瑞得信息技术有限公司
660 43039 6166103731304 海鹰航空通用装备有限责任公司
661 20015 2762103933029 北京华箭英泰电子科技有限公司
662 6282 0863103721175 德纳国际管理咨询（北京）有限公司
663 35123 5027103806160 北京斯利安药业有限公司
664 67122 9679103651165 北京精诚通宝机械有限公司
665 33382 4760103720564 北京典盛经贸有限公司
666 27339 3801103809837 北京龙兴业汽车修理有限公司
667 43875 6286103637223 北京卓越世纪电气有限公司
668 20827 2874103771257 泰和嘉实科技（北京）有限公司
669 29176 4069103726959 北京福瑞豆豆儿童文化交流中心
670 32788 4660103782218 中新联进出口公司
671 52298 7521103928472 北京市租赁行业协会
672 43812 6276103905452 冠融前沿（北京）软件技术有限公司
673 64875 9349104178747 绿城北方房产建设有限公司
674 4076 0568103646099 北京优视米网络科技有限公司
675 50834 7295103947521 北京信普达系统工程有限公司
676 7800 1064104156147 北京红螺食品有限公司
677 24532 3382104019079 北京东方仁德公关策划有限公司
678 18211 2515103764966 北京和众奥顺达物流有限公司
679 17677 2444103722431 北京环境特性研究所
680 50321 7217103978995 北京安通伟业物流有限公司
681 16 0002103601448 北京卓兴建设有限公司
682 41251 5920103915212 北京泰然神州科技有限公司
683 54413 7823103618911 北京鸿运荣升文化传媒有限公司
684 68473 9875103881360 北京易正达知识产权代理有限公司
685 49574 7109103696863 京科联通（北京）网络技术有限公司
686 56682 8145103759884 北京聚钢源经贸有限公司
687 3891 0544104175883 北京汇金科技有限责任公司
688 3624 0510103842566 北京万鑫佰隆购物商城有限公司
689 45067 6471104127443 北京尚合佳物业管理有限公司
690 36601 5242104056303 北京合纵文化传播有限公司
691 8074 1103103748259 北京朝顺福物流有限公司
692 8441 1148104136562 北京捷文科技股份有限公司
693 59590 8580104003858 北京华景天瑞科技有限公司
694 19648 2708104062478 北京欧远致科技有限公司
695 47945 6877103899499 北京馨莲茗园物业服务有限公司
696 21206 2926103769158 北京公联洁达公路养护工程有限公司
697 45290 6504103792982 赛斯锋范（北京）科技有限公司
698 10933 1514103648521 北京丰彩包装制品有限公司
699 14196 1957104030769 北京银通先达信息技术有限公司
700 68101 9820103655146 北京瑞风协同科技股份有限公司
701 63836 9203103624914 北京顺鑫安汽车修理厂
702 6322 0867103942762 北京庞源机械工程有限公司
703 16245 2241103622571 北京德奥达汽车用品有限公司
704 66769 9629103783796 北京三夫户外运动管理有限公司
705 54927 7898103620632 葛洲坝（北京）房地产开发有限公司
706 33299 4742103692527 日通国际物流（中国）有限公司
707 36657 5250103594706 北京利福瑞达科贸有限公司
708 6180 0850103982009 北京居安兴盛建筑工程有限公司
709 38737 5559103859146 新中金刚（北京）国际贸易有限公司
710 6226 0857103852953 北京畅游时空软件技术有限公司
711 52010 7477103794789 北京市建设工程招标投标协会
712 53502 7697103925725 北京碧水物业管理有限责任公司
713 16389 2262103882736 中能服（北京）节能投资有限公司
714 22313 3076103792140 北京铭创斐凡文化传媒有限公司
715 43023 6164103686427 北京兴隆朝通电力工程有限公司
716 48106 6896103876276 北京中加伟业房地产开发有限公司
717 21211 2926104026612 北京井上青华汽车设备有限公司
718 35992 5153103924141 北京弘高建筑装饰工程设计有限公司
719 17549 2423104091354 建元装饰股份有限公司
720 46042 6610103845194 北京龙文环球教育科技有限公司
721 23449 3228103795771 北京驰亚物业服务有限公司
722 40252 5778103952668 路德吊索具（北京）有限公司
723 45102 6476103901977 福成肥牛餐饮管理有限公司北京王府井分店
724 61917 8915103617650 北京卓创恒泰机电有限公司
725 24715 3408104026444 北京华丽联合高科技有限公司
726 43858 6284103654300 特瑞斯信力（北京）流体科技有限公司
727 53564 7705104146524 天元四海（天津）置业有限公司北京物业管理分公司
728 45228 6496103823257 高奇工业炉设备（北京）有限公司
729 25473 3529103738925 北京市建筑装饰设计工程有限公司
730 29628 4147103907275 北京蓝泰恒业经贸有限责任公司
731 31852 4507103798786 北京广播大厦管理有限责任公司
732 13600 1876104070032 北京翰林航宇科技发展股份公司
733 4016 0560104133986 北京远见文化传播有限公司
734 18918 2612103683301 北京玉马机动车教练场
735 55827 8024103994167 北京万通互联科技有限公司
736 63037 9084104082134 北京鼎宴餐饮有限公司
737 25006 3457103593238 中华口腔医学会
738 56986 8188103816870 北京易速信信息技术有限公司
739 13547 1870103599093 北京物招金翼翔汽车配件有限公司
740 16275 2246104013925 北京市普兰德方兴洗涤设备有限责任公司第四十六分公司
741 20026 2764103605225 北京奥普龙科技有限公司
742 67053 9670103723952 北京国广公寓有限公司
743 34230 4892103798243 北京大洋路商业管理中心
744 38841 5572103671483 北京北锅环保设备有限公司
745 53934 7758104028461 北京龙华实业公司
746 23914 3292104077128 北京中辉富华企业管理中心
747 61394 8845103614716 北京和杰创新生物医学科技有限公司
748 37278 5335103853766 北京同仁堂通科药业有限责任公司
749 45967 6600103953214 北京华戎冠兴航空科技有限公司
750 69181 9975104131633 北京亿旺家园建材家居市场有限公司
751 69337 9998103932417 北京盛恒益科技有限公司
752 9299 1263103702047 北京金卫华宇保安咨询服务有限公司
753 62727 9040103784739 北京中视妙思国际文化传媒有限公司
754 37497 5369103604993 北京盛达连物业管理有限责任公司
755 44653 6401103823212 北京米泥帕水处理技术有限公司
756 23585 3249103722543 北京市卓业达铁路设备有限责任公司
757 30562 4296103861653 赛玛特传动技术（北京）有限公司
758 23670 3261103682586 北京航天和兴科技有限公司
759 42055 6033103744154 北京齐尔布莱特科技有限公司
760 49078 7034103611425 北京优贝百祺儿童用品有限公司
761 60772 8759103721310 北京思合创雅服饰有限公司
762 50050 7181103996286 北京凯龙伟业科技发展有限公司
763 9109 1238104029392 北京佳凡工程技术有限公司
764 43717 6262104170842 北京华信大成科技有限公司
765 38411 5512103616608 北京阳光佳信医药有限公司
766 49486 7096103882841 北京华晟云联科技有限公司
767 66814 9635104117415 北京六环国际文化创意产业中心
768 35828 5125103593464 北京科方力华电力系统技术有限责任公司
769 49329 7073104116627 北京凯尔医院投资管理有限责任公司
770 23101 3185103602511 北京安和信达科技有限公司
771 33567 4787103877933 北京百量衡工程咨询有限公司
772 22446 3093103769610 北京航通舟科技有限公司
773 1274 0172104057529 武汉三江华宇物流有限公司北京分公司
774 26016 3611104016429 北京合力华通汽车服务有限公司
775 25738 3571103796183 北京拓峰科技开发有限责任公司
776 6023 0826103844625 北京海石花实业开发公司
777 6262 0860103979319 北京协平保安服务有限公司
778 7984 1088103679616 北京能源投资（集团）有限公司
779 801 0107104104762 北京中广赛博文化发展有限公司
780 51806 7445103650495 北京京城普石防水防腐工程有限公司
781 16286 2248103788181 北京久盛鸿业科技有限公司
782 68603 9892103633764 北京陆鼎汽车销售服务有限公司
783 25634 3556103598431 北京北郊回龙观制版有限公司
784 29634 4149103607824 北京富诚致信科技有限公司
785 22553 3107104134492 中国铁道建筑总公司
786 20215 2788104163162 北京京津伟业科贸有限公司
787 35862 5129103731563 中油丰年（北京）石油销售有限公司
788 43607 6247103589524 北京科跃中楷生物技术有限公司
789 32243 4568103977485 北京新航智科技有限公司
790 32475 4606103803279 北京明道电气有限公司
791 1336 0180103918794 北京筑华宇拆迁有限公司
792 14932 2065103913195 北京能科瑞康节能技术开发有限公司
793 2477 0341103782814 北京名合泰园林绿化工程有限责任公司
794 36540 5232104016047 富盛科技股份有限公司
795 28597 3980103796724 北京盛明都物业管理有限公司
796 17004 2350103603775 北京京鼎华商贸有限公司
797 25121 3475103680990 北京美心行咖啡有限责任公司
798 64466 9292103819522 北京佳龙顺达物流有限公司
799 15524 2145103788950 北京直真信通科技有限公司
800 43770 6269104071583 新华联合冶金控股集团有限公司
801 63923 9216103618875 北京欧华益鸿咨询有限公司
802 1450 0197103961693 北京恒瑞千翔科技有限公司
803 65980 9523103632056 北京市西城区硕仁博培训学校
804 46081 6617104179916 北京盛世伟业岩土工程有限公司
805 35771 5116103617102 北京政泉控股有限公司
806 56196 8076103853920 北京中咨时代国际展览有限公司
807 61454 8854103926294 北京华锐视点数字科技有限公司
808 11481 1587103614850 北京德普泰科自动化科技有限公司
809 18916 2612103660064 北京北广科技股份有限公司
810 17563 2426103761095 北京乔治费歇尔管路系统有限公司
811 24301 3350103628600 北京今日影响投资管理有限公司
812 15687 2170103598249 北京鼎发贸易有限公司
813 41254 5921103686116 北京嘉和美康信息技术有限公司
814 28607 3981103788252 网之易信息技术（北京）有限公司
815 32792 4660104019401 卡乐工房（北京）展示技术有限公司
816 61511 8861103915289 北京业峰世纪科技开发有限公司
817 24417 3368103693845 北京瑞德恩税务师事务所有限公司
818 48818 6998103835871 大顺快运（北京）有限公司
819 21164 2921103816304 北京龙熙兴瑞物业管理有限责任公司
820 18196 2512103899158 北京高瞻科技有限公司
821 13625 1880103748180 北京稻草熊商贸有限公司
822 23207 3198103600230 北京清蓝保洁服务有限公司
823 3585 0506103961862 北京华迪讯网络技术服务有限公司
824 16854 2328104019009 北京海博思创科技有限公司
825 21765 3004103628672 国能联合控股有限公司
826 18635 2573104047077 北京螣立达咨询服务有限公司
827 19969 2754103769290 北京市新海园林工程有限公司
828 34076 4870103915218 北京四鸿腾达商贸有限公司
829 66762 9628104028764 北京华信无忧劳务派遣有限公司
830 8735 1185104010656 北京正峰佳源环保设备有限公司
831 50244 7207103816755 北京海思科技有限公司
832 11138 1543103948640 北京远见房地产经纪有限公司
833 61802 8897103805347 北京广盈房地产开发有限公司
834 26374 3663104075785 北京精捷塑料包装厂
835 57225 8223103889412 北京瑞兆兴业科技发展有限公司
836 14836 2048103933279 北京鸿嘉鼎原科技有限公司
837 2623 0362103976939 雷蒙德（北京）阀门制造有限公司
838 48896 7008103798682 盛世宏和（北京）科技有限公司
839 63205 9108103646011 北京古德豪斯酒店管理有限公司
840 35700 5106103860594 北京国信比林通信技术有限公司
841 28104 3906103997095 先智创科（北京）科技有限公司
842 24382 3362104171963 宁波雅戈尔服饰有限公司北京分公司
843 24692 3406103736494 和创联合科技（北京）有限公司
844 14681 2026103648189 北京华电瑞通电力工程技术有限公司
845 8175 1116103799485 北京北方世纪建筑装饰工程有限公司
846 54992 7906103769675 北京市通州区慈善协会
847 43021 6163104130012 北京中工铁科轨道装备有限公司
848 43213 6189104133725 北京速诚广告有限公司
849 3749 0524103916069 北京四方双龙经贸有限公司
850 36428 5217103655277 北京同辉浩宇音响有限公司
851 61930 8916104004175 中国民生银行股份有限公司总行营业部
852 45646 6555104160433 北京博泽汽车部件有限公司
853 43302 6205103803281 北京花亭怡人餐饮有限责任公司
854 66671 9615103695206 北京地源达房地产开发有限公司
855 30146 4230103622952 北京雷博曼科技有限公司
856 40716 5847103918662 中国水利水电第二工程局有限公司
857 67208 9689103663318 北京天地华泰采矿工程技术有限公司
858 49127 7042103876002 北京世纪华光铁道钢结构工程有限公司
859 24316 3353103886270 北京建业恒达建材销售中心
860 17136 2366103701845 中国华电集团物资有限公司
861 36227 5185103627164 北京贝英斯数码技术有限公司
862 27379 3807103748697 北京华泰创兴科技有限公司
863 14062 1939103729125 北京日新奇商贸有限公司
864 10182 1397103798507 中国平安财产保险股份有限公司北京市丰台支公司
865 36661 5250103727147 北京青辰教研国际文化传媒有限公司
866 13163 1819103872750 北京中铁慧通技术发展有限公司
867 23228 3199104033505 北京侨乐房地产管理服务有限公司
868 14880 2054103952631 北京世纪浩博防腐工程有限公司
869 40724 5848103626708 北京鑫京热电器有限责任公司
870 17956 2482103610621 途同科技（北京）有限公司
871 58889 8478104036459 中国中铁股份有限公司
872 44863 6436103609180 北京奥一新源科技有限公司
873 54955 7900104170989 北京森凯建筑设计有限公司怀柔分公司
874 54807 7883103965173 北京心正意诚餐饮有限公司第五分公司
875 59435 8559103593632 北京中诚海华汽车销售有限责任公司
876 58586 8426103892370 北京海开房地产股份有限公司
877 67858 9786103761748 北京信海丰园生物医药科技发展有限公司
878 58247 8376103827995 北京丰航岳科技有限公司
879 8680 1179103614346 北京李先生餐饮管理股份有限公司
880 36116 5168103977059 北京通盛伦货运有限公司
881 44957 6455103685785 北京市建筑设计研究院有限公司
882 46099 6620103761902 北京溢香村食品有限责任公司
883 30327 4261104106446 北京复盛机械有限公司
884 30334 4262103825330 北京华贸素拉潘酒店发展有限公司丽思卡尔顿酒店
885 16147 2228103763050 北京宏源伟业机电设备修理有限公司
886 4599 0639103800401 北京商讯天下科技有限公司
887 37178 5320103791649 北京龙胜佳杰房地产经纪有限公司
888 64474 9293103928720 北京欧德丽尔科技有限公司
889 65571 9462103720096 北京北方果林科技开发有限责任公司
890 16510 2278104138847 北京市艾斯蓝特石油技术有限公司
891 16971 2346103679813 北京中科伏瑞电气技术有限公司
892 22839 3148103724538 北京正元亨利商贸有限公司
893 24580 3391103640301 北京丹海科技有限公司
894 46070 6616103787776 北京万博书香文化有限公司
895 68815 9921103976486 北京瑞研明达科技有限公司
896 725 0097103872040 北京健尔康生物技术开发有限公司
897 10320 1418103699448 北京诚海基科技发展有限公司
898 14511 2003103812072 北京万亨房地产开发有限公司
899 47362 6805103675138 北京光环新网科技股份有限公司
900 64354 9275103675023 康保环亚安全防范技术（北京）有限公司
901 31765 4493103842031 北京易开元国际石材交易市场有限公司
902 28141 3910103743858 北京旭祥瑞特科技有限公司
903 2489 0342103949800 北京志诚泰和数码办公设备股份有限公司
904 55136 7926103631520 北京公科创研路桥技术有限公司
905 46882 6734103801783 中冶海水淡化投资有限公司
906 17067 2358103755337 本田技研工业（中国）投资有限公司
907 60033 8645104045984 恒古（北京）文化发展有限公司
908 57838 8318103650711 深圳市递四方速递有限公司北京分公司
909 7237 0984103847273 北京鼎成典当行有限公司
910 40902 5873104092610 北京博电新能电力科技有限公司
911 42201 6054104176674 北京搜狗网络技术有限公司
912 8961 1217103624538 北京水木源华电气股份有限公司
913 40447 5807103600975 北京央美同辉文化传媒有限公司
914 57543 8273103616387 北京欢颜广告有限公司
915 41521 5960104102252 北京中科江南软件有限公司
916 59471 8564103609116 北京大安映画文化传媒有限公司
917 66394 9574103597094 北京华熙海御科技有限公司
918 53070 7634103670649 北京维斯得凯信息技术有限公司
919 63377 9134103820113 北京托毕西药业有限公司
920 32063 4537103961384 普世通（北京）电气有限公司
921 45328 6509103945547 大唐电力燃料有限公司
922 28096 3905103774022 北京弘康和际医疗器械有限公司
923 18652 2575103734331 北京忠诚恒兴投资管理有限公司
924 24215 3336104028519 北京鑫材泰克材料有限公司
925 985 0135103941491 北汽福田汽车股份有限公司北京欧辉客车分公司
926 36051 5159104015759 北京远大创新物业管理有限责任公司
927 20284 2796104003486 巨力辉腾科技（北京）有限公司
928 8886 1205104045138 北京国森天安生态科技有限公司
929 55335 7955103601723 信帧电子技术（北京）有限公司
930 58710 8449103780331 北京隆旺达新型保温建材有限公司
931 48266 6921104024475 中源博瑞（北京）建筑装饰有限公司
932 53347 7675103795011 北京东方锦泰科技有限公司
933 10886 1507103817432 北京淮扬府安定门餐饮管理有限公司
934 13668 1886103930206 中粮期货有限公司
935 4352 0605103910261 中国证券登记结算有限责任公司
936 16817 2323103620583 普吉十号商务管理（北京）有限公司
937 43610 6247103675657 北京五八信息技术有限公司
938 44533 6385103741398 北京北燃液化石油气有限公司
939 52794 7595103651162 北京中传数广技术有限公司
940 68423 9868103913192 北京能科瑞康节能技术开发有限公司
941 13909 1916104018298 北京军都晨宇工程设计咨询服务有限公司
942 48683 6980103654401 北京春溢通搬家有限公司
943 57238 8226103594334 北京纳网科技有限公司
944 24669 3403103817726 北京中航化安全阀销售有限公司
945 43651 6253103802298 北京创欣凯达科技有限公司
946 8011 1091103823288 中国电影股份有限公司
947 51734 7433103958287 北京东方名代装饰有限公司
948 36380 5210103811607 北京新兴东方航空装备股份有限公司
949 4549 0633103691710 北京盛安酒店管理有限公司
950 9344 1271103691568 北京荣安燕达天马货物运输站
951 3674 0516103870700 北京天智恒邦信息技术有限公司
952 26592 3695103683363 北京檀营房地产开发有限公司
953 20477 2822103681316 北京恒润泽广告有限公司
954 15300 2112103909033 中油首汽石油销售有限公司
955 19027 2625104087211 北京市市政工程设计研究总院有限公司
956 3669 0516103664208 北京维通利电气有限公司
957 9489 1290103696950 北京同控创新电力设备有限公司
958 47617 6835103598301 北京兴长信达科技发展有限公司
959 54152 7786103798837 北京现代高达生物技术有限责任公司
960 10832 1500103739879 斯博锐（北京）科技有限公司
961 66125 9540104022421 北京昌鸿森园林绿化有限公司
962 51148 7342103595607 北京市扁豆科技发展有限公司
963 2503 0345103731273 北京星网宇达科技股份有限公司
964 17869 2468103812597 北京罗斯威尔新技术有限公司
965 61979 8922103623318 北京首汽腾迪汽车销售服务有限公司
966 58196 8369103771357 北京鑫金泊顿资讯有限公司
967 67417 9721103838198 北京国际商务中心区开发建设有限公司
968 26780 3722104045243 熙泽工程技术（北京）有限公司
969 53191 7651104086734 北京盛韬知识产权服务有限公司
970 24705 3408103634590 北京华远达电力工程有限公司
971 15862 2191104109508 北京联合荣大工程材料有限责任公司
972 21861 3016103720087 北京新松时代商业管理有限公司
973 277 0039103966663 北京阳光朋朋信息技术有限公司
974 64296 9267103984866 北京华易智尚能源咨询中心
975 18154 2507104073795 北京安科兴业科技股份有限公司
976 65987 9524103597210 北京鼓乐喧天文化工作室（普通合伙）
977 40201 5772103644724 盛隆电气集团有限公司北京分公司
978 63326 9126103676559 空军直属机关蓝天幼儿园
979 49906 7161104144436 北京大唐燃料有限公司
980 62316 8976103788603 北少芳草文化传媒（北京）有限公司
981 53659 7719103784418 北京达世行北苑汽车销售服务有限公司
982 53247 7660103744747 维唐（北京）文化传播有限公司
983 4337 0604103735507 北京华夏视科图像技术有限公司
984 45991 6603104033619 北京慧运会计师事务所有限公司
985 55037 7912104020807 北京金都御尊酒店管理有限责任公司
986 21674 2993103740469 北京贰零壹零蓝图体育发展有限公司
987 32871 4676103876141 北京博润阳光科技有限公司
988 64929 9357104027074 北京中水物业管理有限公司
989 63983 9223103736116 北京京石丰田汽车销售服务有限公司
990 684 0092103898301 北京百卓网络技术有限公司
991 7328 0998103812136 北京西达信息技术培训有限公司
992 65335 9420103656719 北京天人际教育咨询有限公司
993 59724 8600103629198 北京市凯诺律师事务所
994 41963 6021103875991 红厨帽国际广告传媒（北京）有限公司
995 2298 0317103925550 北京国嘉瑞联合会计师事务所（普通合伙）
996 32104 4544103719268 中国机电工程招标有限公司
997 46180 6632104058167 外语教学与研究出版社有限责任公司
998 39369 5648103739213 北京天安宾馆
999 32033 4532103691755 北京爱普益生物科技有限公司
1000 54798 7882103817824 北京市朝阳商业大楼有限责任公司
1001 9937 1361103765164 北京城市之光园林工程有限责任公司
1002 24955 3449103602807 北京京海恒通金属材料有限公司
1003 52531 7556103816195 北京金太和顺利物流有限公司
1004 49186 7051103824497 百年梦想文化传播（北京）有限公司
1005 62825 9053103663235 北京步印文化传播有限公司
1006 51155 7342104116184 北京华耀广告有限公司
1007 26316 3655103766630 北京融合汇通典当有限公司
1008 25523 3536103799115 北京星烁华创科技有限公司
1009 66488 9588103594134 北京汉华荣欣经贸有限公司
1010 22382 3084103999789 北京内联升鞋业有限公司
1011 32810 4663103675647 华扬基业投资管理（北京）有限公司
1012 15506 2142103986266 北京东南得利卡汽车贸易有限公司
1013 67054 9670103755450 北京神州泰岳软件股份有限公司
1014 61178 8812103796814 北京曲水兰亭度假酒店有限公司
1015 26516 3686103618499 太极计算机股份有限公司
1016 12879 1781103692367 北京玉源恒基餐饮管理有限公司
1017 46811 6721103875971 北京绿特兴商贸有限公司
1018 25854 3588103616185 北京亿鸣中天科技发展有限公司
1019 32175 4557104063566 北京石师傅环保科技有限公司
1020 40305 5788103674404 通号工程局集团有限公司
1021 25325 3509104042480 北京鹏泰海达科技有限公司
1022 32139 4550103654381 北京春溢通物流有限公司
1023 52508 7553103988920 菲乐思飞（北京）国际贸易有限公司
1024 17378 2397103786828 北京华泰科源机电设备有限公司
1025 19869 2736104132275 北京原创园科技有限公司
1026 31480 4448103670494 北京共和康瑞礼品有限公司
1027 27657 3845104089871 佰嘉通（北京）科技有限公司
1028 61998 8925104124206 北京市华龙达商贸公司三湘儿女餐厅
1029 55393 7963103870457 北京诺丁山贸易有限公司
1030 19808 2728104048137 北京城建五市政工程有限公司
1031 833 0113103953370 北京博思永拓软件有限公司
1032 31294 4414103644376 北京华顺宝科贸有限公司
1033 64450 9289103899120 北京龙工博大机械设备有限公司
1034 52380 7532103869712 北京云星宇交通科技股份有限公司
1035 28705 3994103607454 北京谊远达建筑工程有限公司
1036 716 0096103609722 北京文声伟绚舞台设备有限公司
1037 24494 3378103752421 良系（北京）科技有限责任公司
1038 52509 7553104131480 北京银行股份有限公司黄村支行
1039 3883 0543103846414 北京天马轴承有限公司
1040 64700 9324103659901 北京索微信通信息技术有限公司
1041 7349 1001103998501 北京华能达电力技术应用有限责任公司
1042 67784 9775103884216 北京科发伟业农药技术中心
1043 41601 5973103875891 北京黄记煌餐饮管理有限责任公司
1044 37216 5326103766807 北京艺海拾贝广告有限公司
1045 61165 8810103788790 北京兴良勘察测绘有限公司
1046 67623 9751103748655 北京银行股份有限公司大兴支行
1047 67889 9790103641026 北京京同伟业装饰装潢有限公司
1048 15448 2134103804291 北京京东世纪信息技术有限公司
1049 58761 8458103936105 北京文博大厦有限公司
1050 54635 7859103915931 中国国际金融有限公司
1051 20327 2803103703072 北京南银物业管理有限公司
1052 7195 0977103883901 北京建工海亚建设工程有限公司
1053 61070 8797103719552 中安永恒（北京）工程技术有限公司
1054 29473 4119103739541 北京仁和兴业科技有限责任公司
1055 7449 1018103810315 北京多维视通技术有限公司
1056 62158 8952103967735 北京中实国金国际实验室能力验证研究有限公司
1057 24 0002103909542 中国航空工业总公司六二五所招待所
1058 31809 4500103838839 北京安达斯信息技术有限公司
1059 42957 6155103628810 北京市欣达翔装饰集团
1060 19676 2712104094011 北京市昊宇融通典当行有限公司
1061 68002 9805103855845 北京达威华网科技有限公司
1062 32867 4675103893901 北京居酒桃屋餐饮有限责任公司
1063 11095 1536104060727 新航保险经纪（北京）有限公司
1064 2575 0355104146830 北京浩井科技有限责任公司
1065 31978 4522104009254 北京鑫兴元装饰工程有限责任公司
1066 53555 7705103657142 北京天顺祥达物流有限公司
1067 2605 0360103757511 北京传智天杰品牌管理顾问有限公司
1068 8799 1194103889495 宾堡（北京）食品有限公司
1069 67153 9682103860609 北京美丰祥经贸发展有限责任公司
1070 12164 1679103919185 北京苏通双信建筑安装工程有限公司
1071 22318 3077103635762 北京海天方圆测绘有限公司
1072 42688 6116103672104 北京市华光胜远贸易有限公司
1073 28293 3933103655020 北京东晟世纪科技有限公司
1074 44947 6454103874945 北京杜马环境艺术设计有限公司
1075 17977 2484103827705 北京中远洋机电设备有限公司
1076 4047 0564103658401 大唐财富投资管理有限公司
1077 59880 8624103657528 北京迅鼎通信技术有限公司
1078 15292 2111103998790 北京正江房地产开发有限公司
1079 25556 3541103816767 北京光电联众医疗器械有限公司
1080 21588 2980103603812 北达新博（北京）人力资源顾问有限公司
1081 32933 4685103626460 上海大智慧股份有限公司北京网络技术分公司
1082 12209 1686103600973 北京悦筑新天节能科技有限公司
1083 3237 0457103798329 中城建第五工程局有限公司北京总承包部
1084 759 0102103765924 北京盛起发发经贸有限公司
1085 68824 9923103603786 北京世纪祥牟商贸有限公司
1086 62981 9076103731650 北京恒乐工程管理有限公司
1087 39566 5677103847148 北京太平洋博爱医疗管理顾问有限公司
1088 34977 5006104104362 北京素虎素食餐饮文化有限公司
1089 44931 6451103652152 北京合和红灯笼餐饮管理有限公司餐饮分公司
1090 35889 5134103601352 北京康桥思源商务会馆有限公司
1091 692 0093104099076 北京无限新锐网络科技有限公司
1092 62028 8931103603841 北京弘泰嘉业科技发展有限公司
1093 9552 1298103846515 北京立家美居建材有限公司
1094 53549 7704103795869 北京健力源餐饮管理有限公司
1095 66041 9530103671926 北京宏伟顺通市政工程有限公司第二分公司
1096 43824 6278103816171 北京市物资有限公司
1097 56689 8146103724516 北京快图科技有限公司
1098 5239 0726103621177 北京佳华瑞科贸有限公司
1099 7611 1038104045038 北京奥鹏远程教育中心有限公司
1100 65019 9370103617019 北京橡果经贸有限公司
1101 59091 8508103663859 东方时尚驾驶学校股份有限公司
1102 17637 2438103876363 北京万朝税务师事务所有限公司
1103 46598 6691103664114 北京豫东学海商贸有限公司
1104 32318 4582103950886 北京元邑房地产开发有限责任公司
1105 46981 6750103936716 北京秀良建设工程有限公司
1106 48244 6918103600868 中铁物总国际招标有限公司
1107 16124 2225103684954 北京大声恩特娱乐文化传播有限公司
1108 11497 1589103883412 北京速通科技有限公司
1109 3402 0483103882893 迈斯特斯国际文化发展（北京）有限公司
1110 2278 0315103812306 北京嘉孚科技有限公司
1111 54075 7777103802283 顺天通房地产开发集团有限公司
1112 6253 0860103601470 北京普兰迪服装有限公司
1113 21369 2949103782771 北京春庭月文化传媒有限公司
1114 56085 8061103700084 北京城市亮点电气工程有限公司
1115 55793 8019103718988 北大先行科技产业有限公司
1116 29630 4148103783114 北京市成城交大建材有限公司
1117 10337 1421103874391 北京洸洋宏远新材料科技有限公司
1118 3094 0436104178816 北京思达建茂科技发展有限公司
1119 38340 5501103736177 北京东凯助野针纺有限公司
1120 13989 1929103804569 北京东方仁杰展览展示有限公司
1121 36970 5288103872534 北京中培伟业管理咨询有限公司
1122 33210 4728103880836 北京龙脉温泉疗养院
1123 31264 4409103928899 百年树人（北京）科学教育有限公司
1124 11472 1586103681982 北京盛世金宝物业管理有限公司
1125 29632 4148103996908 北京唯美特商贸有限公司
1126 33136 4715103773547 北京天恒乐活城置业有限公司
1127 44086 6316103802247 北京奥祥通风设备有限公司
1128 48249 6919103622562 北京黎明文仪家具有限公司
1129 43495 6229103917833 北京众水智源咨询有限公司
1130 16701 2305103763299 北京瀚莛远晨科技发展有限公司
1131 20854 2878103604164 蒂森电梯有限公司北京分公司
1132 10053 1378103802088 北京城乡建设设备安装工程有限公司
1133 17946 2480103618504 北京精钰人和医疗设备销售有限公司
1134 25911 3596103697188 中国公路车辆机械有限公司
1135 43185 6186103624591 北京银泰建预应力工程有限公司
1136 63915 9214104126998 北京老板电器销售有限公司
1137 25982 3606103638213 北京嘉科星业科技有限公司
1138 37783 5413103759993 北京德彼克创新科技有限公司
1139 21843 3014103744784 北京普达迪泰科技有限公司
1140 14737 2034103874187 广州震雄装饰工程有限公司北京分公司
1141 23443 3227103876699 北京东海物业管理有限公司
1142 23481 3233103615447 北京亦美新娱传媒广告有限公司
1143 41530 5962103736406 北京思妍丽美容有限公司
1144 33612 4793103989188 崇杰坊商贸（北京）有限公司
1145 15959 2207103760343 北京朝阳电力实业开发总公司
1146 57525 8270103787618 北京威力清矿山控制技术有限公司
1147 66807 9634103908617 北京顺福晨阳建筑装饰工程有限责任公司
1148 10248 1408103636808 北京天地泽科技有限公司
1149 14195 1957103882542 金石易服（北京）科技有限公司
1150 46353 6658103750656 北京华通顺贸商贸有限公司
1151 35933 5143103702283 树冠广告（北京）有限公司
1152 36242 5187103618094 北京金科铭泰科技有限责任公司
1153 62964 9074103673469 北京绿光汇网科技有限公司
1154 28049 3897104082803 北京亿城房地产开发有限公司
1155 25882 3591104148356 北京加达恒通汽车服务有限公司
1156 55715 8007104042269 北京亚特兰财务顾问股份公司
1157 35126 5027103992995 北京永惠国康医药有限公司
1158 2686 0373103826793 北京九鼎康元科技有限公司
1159 13845 1908104134448 北京思路高医疗科技有限公司
1160 4159 0580103895342 北京三际无限网络科技有限公司
1161 37217 5326103800501 北京尚易德科技有限公司
1162 37345 5345103633361 北京高士达建筑工程有限责任公司
1163 56044 8056103909660 北京和信瑞泰贸易有限公司
1164 50766 7285103817800 北京丞琦建筑装饰工程有限公司
1165 44023 6304104134490 中国铁道建筑总公司
1166 57650 8288103991477 北京清四汽车销售服务有限公司
1167 64801 9339103990520 北京铁道工程机电技术研究所有限公司
1168 12900 1785103620561 北京华建项目管理有限公司
1169 61221 8819103745073 北京林德国际运输代理有限公司
1170 3649 0514104028915 北京天海瑞格展览展示有限公司
1171 41896 6012103836249 北京康源盛达商贸有限公司
1172 50594 7259103719039 北京永利多房地产有限公司
1173 23603 3251103899384 北京万古汇力科技有限公司
1174 59889 8626103632525 北京立思辰软件技术有限公司
1175 13490 1861103710469 北京静之湖度假酒店有限公司
1176 61022 8791104029274 洋浦中原物业资讯有限公司北京分公司
1177 66995 9662103950184 北京秦明伟业医学仪器有限公司
1178 64855 9347103860831 北京姚氏伟业装饰设计有限公司
1179 43200 6188103631748 中佳润成科技（北京）有限公司
1180 44953 6454104027310 沃迪克（北京）工业技术有限公司
1181 46621 6694104089922 北京联益合创科技股份有限公司
1182 38001 5448103808063 北京市祥润通投资管理公司
1183 29300 4089103936602 中元国信信用融资担保有限公司
1184 39690 5696103680301 北京市永生运佳包装材料有限公司
1185 54263 7802103803259 北京宏昌物业管理有限公司崇文分公司
1186 43154 6181104147068 三星数据系统（中国）有限公司
1187 24325 3355103699918 北京德迈特贸易有限公司
1188 67205 9689103600960 北京玲珑广告有限公司
1189 17304 2386104041548 北京中电伊川测控技术有限公司
1190 8200 1118103823644 君诚厚德商务咨询（北京）有限公司
1191 60198 8673103696188 北京天润鸿业电气安装工程有限公司
1192 35097 5023103925543 北京科学教育电影制片厂
1193 7998 1089104089504 北京戴德宏信科技发展有限公司
1194 10579 1463103699288 北京日坛国际酒店管理有限公司日坛国际酒店
1195 55568 7988104016014 北京昌森商贸有限公司
1196 55478 7976103823354 北京日赫经贸公司
1197 54829 7886103693691 北京八千米餐饮管理有限公司
1198 52188 7503103701985 北京美众信助科技发展有限公司
1199 41279 5925103664228 北京商点空间装饰有限公司
1200 67468 9728104151599 北京兴盛敬业石材养护技术有限公司
1201 62067 8938103755760 北京中自恒立技术有限公司
1202 53907 7755103952670 路德吊索具（北京）有限公司
1203 18370 2535103671360 北京润泽小额贷款股份有限公司
1204 10547 1458103730391 中国宇航出版有限责任公司
1205 4457 0619103942964 方正国际软件（北京）有限公司
1206 54682 7866103600871 中铁物总国际招标有限公司
1207 12639 1744103603555 北京明航科技发展有限公司
1208 3075 0434103736937 北京汇元网科技有限责任公司
1209 14560 2010103615123 北京兆宇同辉科技发展有限公司
1210 34202 4888103798434 北京崇文门菜市场物美综合超市有限公司
1211 58063 8352103604280 北京神州日欣信息技术有限公司
1212 39614 5684103933781 北京发尔赛消防工程有限公司第二分公司
1213 28829 4013103689721 吉林森林工业股份有限公司北京门业分公司
1214 38235 5484103636465 北京东方大美公关策划有限公司
1215 26880 3737103661888 北京鹍鹏鑫伟测绘科技有限公司
1216 68559 9885104128816 百思国际会展（北京）有限公司
1217 8045 1096103901457 北京智达世通装饰工程有限公司
1218 16354 2257103913066 北京明丰宏图商贸有限公司
1219 65845 9504103615984 北京博萨汽车配件有限公司
1220 870 0119103876807 北京华泰焦化工程技术有限公司
1221 33326 4748103899304 北京大地万川测绘有限公司
1222 66938 9655103787220 北京蓝色港湾物业管理有限公司
1223 64939 9359103802937 北京金山软件有限公司
1224 53021 7628103825085 北京静安物业发展有限公司
1225 12793 1767103787627 北京景隆重工机械有限公司
1226 6800 0925103878088 飞石互动（北京）科技有限公司
1227 42596 6103103693739 北京威铭制衣有限公司
1228 13025 1801104107213 北京安源汽车销售服务有限公司
1229 4322 0602103604299 北京中文嘉视演艺文化有限公司
1230 27354 3803103766289 北京翰林创意文化发展有限公司
1231 6194 0854103633765 北京陆鼎汽车销售服务有限公司
1232 14807 2042104173417 北京宏伟瑞腾网络科技有限公司
1233 23577 3248103630720 中国秦文研究会
1234 45075 6472103956148 北京住美嘉业经贸有限公司
1235 52229 7509103697481 北京建信衡工程管理有限公司
1236 62057 8936103642677 北京永发天宇绿化工程有限公司
1237 19632 2707103598198 北京中经科环质量认证有限公司
1238 18754 2589104102087 北京恒泰万博石油科技有限公司
1239 35234 5041103877121 北京市韵泓工艺制品有限公司
1240 68923 9939103702220 北京美凯华伦彩色印刷有限公司
1241 30515 4289103614209 北京嘉林药业股份有限公司
1242 21250 2931103795931 北京木瓜移动科技有限公司
1243 52645 7573104174021 北京龙友设备租赁有限公司
1244 52445 7544104081749 北京太阳宏港投资有限公司
1245 19480 2686103798378 北京盛德福建筑装饰工程有限公司
1246 20585 2837103824463 北京锦赫嘉成广告有限公司
1247 6269 0861103874390 北京洸洋宏远新材料科技有限公司
1248 39106 5609103601288 北京城建十六建筑工程有限责任公司
1249 53041 7631103601397 北京科讯电线电缆厂
1250 56352 8098103659318 东方银座广场有限公司
1251 47434 6813103616285 北京市京鹏联经贸有限公司
1252 38475 5520103872594 北京安泰华维电力工程监理有限公司
1253 55685 8003103980562 北京太宇国际航空服务有限责任公司
1254 40410 5802103654307 北京同仁堂健康药品经营有限公司
1255 34142 4880103841146 北京阳光普仁医疗器械有限公司
1256 64471 9293103683426 央广传媒发展总公司广告分公司
1257 58310 8385103679950 蓝色港湾有限公司
1258 34692 4964104107208 北京首联创展房地产经纪有限责任公司
1259 67096 9675104092697 北京金诺迪迈幕墙装饰工程有限公司
1260 67000 9663103656681 北京惠通陆华汽车服务有限公司
1261 12087 1669103917880 北京创真展雅展览展示有限责任公司
1262 68956 9944103758475 上海中城卫保安服务有限公司北京分公司
1263 68096 9819103967984 北京泰格瑞德科技有限公司
1264 56548 8127103860603 北京中邦亚通电信技术有限公司
1265 28008 3892103770743 北京联峰世纪展览展示有限公司
1266 43257 6197103965411 北京四达时代传媒有限公司
1267 16038 2216104092740 北京国力时代科技有限公司
1268 53096 7637103978127 北京五库传媒广告有限公司
1269 55349 7957103627072 北京麒麟书香图书发行有限公司
1270 34165 4882103743916 华航·云祥（北京）房地产开发有限公司
1271 48927 7012103990482 北京蓝弋化工产品有限责任公司
1272 58633 8437103942736 北京地下铁道通成广告有限公司
1273 50463 7238103800833 北京博纳电气股份有限公司
1274 66264 9558103801154 中铁工程设计咨询集团有限公司
1275 39697 5697103617736 北京鸿恒基幕墙装饰工程有限公司三工程部
1276 12076 1668103847027 北京商企盛世国际广告有限公司
1277 14294 1971103798819 北京东方映象文化传播有限公司
1278 12495 1724103629187 北京海泉电力安装有限公司
1279 33541 4783104134504 北京市东方万泉汽车销售有限公司
1280 61551 8867103873546 宝姿时装（北京）有限公司
1281 531 0072103664639 北京宇成伟业科技有限责任公司
1282 3491 0495103740345 北京多精彩科技发展有限公司
1283 29327 4093103650444 北京湖湘餐饮管理有限公司
1284 17312 2388103645599 北京鑫成斌达商贸有限公司
1285 49263 7064103798576 北京极简科技发展有限公司
1286 37062 5303103638304 北京柯陶洁具有限公司
1287 28464 3959103682777 北京中科软科技有限公司
1288 57100 8203103620760 北京天行网安信息技术有限责任公司
1289 3747 0523103951210 北京电信通电信工程有限公司
1290 54282 7805103608952 北京快运发物流有限公司
1291 21000 2898104123815 北京巽迪亚低碳科技有限公司
1292 37577 5381104032773 空军第一建筑安装工程总队
1293 56837 8165103961980 北京津宇嘉信科技股份有限公司
1294 30902 4350103588006 中国缝制机械协会
1295 22497 3100103856110 北京望时高科科技有限公司
1296 65440 9437103918818 北京古林机电电器制造中心
1297 24437 3370103810318 北京多维视通技术有限公司
1298 45566 6542103827451 中铁通信信号勘测设计（北京）有限公司
1299 4548 0633103651421 中交第一公路工程局有限公司北京建筑分公司
1300 22515 3103103618485 北京荣泰信科技有限公司