1 10009 1169104546493 北京凯瑞房地产开发有限公司
2 52839 6481104491872 北京弘路祥通货物运输有限公司
3 60735 7492104526916 北京中关村开发建设股份有限公司第四建筑工程分公司
4 20827 2466104524126 华翔飞建筑装饰工程有限公司
5 9741 1139104495355 国药控股北京天星普信生物医药有限公司
6 21715 2573104491040 北京好仁缘食品有限公司
7 29388 3510104594573 北京嘉华京顺汽车销售服务有限公司
8 5617 0662104855852 北京天辰伟业商务服务有限公司
9 31885 3817104539155 北京君和信达科技有限公司
10 26285 3124104586702 北京锐宇博图科技有限公司
11 8466 0993104481892 北京合纵实科电力科技有限公司
12 23144 2749104599237 中世通盈国际文化传媒（北京）有限公司
13 7576 0888104807933 双田（北京）机电工程有限公司
14 69936 8642104600173 北京国钢国际贸易有限公司
15 49305 6036104836956 北京丰台永定消毒设备厂
16 78169 9674104716673 康普思创科技（北京）有限公司
17 36936 4470104693578 中国电工技术学会
18 77635 9611104731528 北京东方远创化工有限责任公司
19 70308 8688104524586 中联信通（北京）信息咨询有限公司
20 25653 3050104840031 北京海诚瑞达电力工程有限公司
21 460 0052104604088 北京瑞奇恩互感器设备有限公司
22 1442 0162104547159 北京华海联合物业管理有限公司
23 10003 1168104829325 北京世纪同财软件有限公司
24 54753 6721104817842 北京华生恒业科技有限公司
25 31284 3748104536961 北京政泰隆工程管理有限公司
26 77021 9535104648305 北京东汇天润商贸有限公司
27 59137 7271104727654 北京康比特体育科技股份有限公司
28 33689 4035104564016 北京境转装饰工程有限公司
29 65831 8129104670355 泰吉新业科技（北京）有限公司
30 49262 6031104751543 北京西南物流中心有限公司
31 80094 9906104657246 北京智仁金昊会议展览服务有限公司
32 76562 9478104656620 北京市昌平区裕鑫隆祥棋牌竞技俱乐部
33 26317 3128104558811 北京福增运通运输有限公司
34 73089 9031104487620 北京振利商贸有限公司
35 79163 9795104846593 佛罗伦萨（北京）暖通科技股份有限公司
36 29293 3499104518569 莱凯医疗器械（北京）有限公司
37 16610 1954104582810 北京清净时空保洁服务有限公司
38 3119 0367104584669 北京北方诚信装饰工程有限公司
39 37141 4495105041494 北京湃谷精密机械有限公司
40 76969 9529104578774 北京八大处奥博科技发展有限公司
41 11373 1328104497945 北京界上传媒投资管理有限公司
42 13728 1616104981404 一九零五（北京）网络科技有限公司
43 62282 7682104530450 北京铁路局
44 79198 9799104534806 北京雨中田电子有限公司
45 50804 6214105003038 北京恒者丰投资管理有限公司
46 10436 1218105002925 北京九城口岸软件科技有限公司
47 74751 9239104895298 北京六度方圆办公设备进出口有限公司
48 10929 1275104483334 北京世纪嘉德工程咨询有限公司
49 61066 7530104766090 首都机场地产集团有限公司
50 10335 1208104553178 久银投资基金管理（北京）有限公司
51 72153 8913104749671 北京文豪宏博尔科技股份有限公司
52 78192 9676104697438 北京迈卡多文化传媒有限公司
53 10848 1264104753118 北京市华清地热开发有限责任公司
54 16639 1957104834945 北京洁丽雅保洁有限公司
55 42183 5159104892910 优锐联合（北京）国际贸易有限公司
56 8568 1004104566813 北京海达众源水电设备工程有限公司
57 42837 5236104574920 北京江南投资集团有限公司
58 5982 0703104490677 北京房地集团有限公司第一物业管理分公司
59 70389 8699104497633 北京中天锋安全防护技术有限公司
60 13566 1596104905744 北京中新立兴物流有限公司
61 43424 5309104787377 北京德霖装饰工程有限公司
62 76545 9476104550991 北京真浩泰汽车销售有限公司
63 20633 2437104552854 北京正嘉物业管理有限公司朝阳分公司
64 63470 7832104482204 北京宏利明达市政工程有限公司
65 27037 3214104711083 北京北化高科新技术股份有限公司
66 12750 1501104534477 北京虹凯丰泽科技发展有限公司
67 77673 9615104663590 北京大江世纪展览有限公司
68 15334 1806104709843 北京金雨科创自动化技术有限公司
69 71619 8850104820590 北京中兴建业建筑安装有限公司
70 20012 2356104662866 北京东方诚国际钢结构工程有限公司
71 61560 7594104756437 北京锦秀玲珑商贸有限公司
72 33817 4052104668040 北京联泰工程设计有限公司
73 40494 4947104657228 北京鑫丰达传媒广告有限公司
74 74186 9168104642088 北京伟弘飞腾科技有限公司
75 14280 1681104652904 北京福禄寿禧投资管理有限公司
76 67578 8343104515695 北京家铛艺圆装饰有限公司
77 20006 2356104503149 北京朗道易合科贸有限公司
78 11651 1363104733271 小米科技有限责任公司
79 3950 0471104531680 网擎动力（北京）信息技术有限公司
80 20849 2468104627982 阳光嘉誉金灿酒店（北京）有限公司
81 2271 0262104608307 北京岱摩斯变速器有限公司
82 48208 5898104610290 北京美合振永汽车贸易有限公司
83 53470 6563104488806 北京华宇天控科技有限公司
84 55496 6811104640617 北京京铁大方物业管理中心岳家楼物业管理部
85 57956 7120104751359 长春电业电力工程安装有限公司北京分公司
86 1903 0218104736669 北京正实同创环境工程科技有限公司
87 65714 8115104481500 北京华科环能技术服务有限公司
88 9678 1132104533696 北京逸香庭院饮食文化发展有限公司
89 30906 3698104607934 北京地源达房地产开发有限公司
90 70596 8727104547816 北京海圣天图服饰有限公司
91 67303 8309104718172 北京京杭天丽科技有限公司
92 10629 1236104827837 北京市慈善基金会
93 13577 1598104562458 中浩科仪（北京）技术股份有限公司
94 23576 2798104752138 北京博思兴华软件有限公司
95 33545 4015104701546 北京德信科源科技发展有限公司
96 15675 1847104685549 北京国基科技股份有限公司
97 73942 9138104491594 利诺维奥（北京）科技有限公司
98 79659 9855104600290 北京莱太花卉有限公司
99 52161 6390104834052 泽羚投资咨询（北京）有限公司
100 38054 4616104666282 阿可倍里自行车（北京）有限公司
101 13610 1602104556825 北京红帆联合网络通信科技有限公司
102 59417 7308104792669 北京尚林阳光建筑劳务有限责任公司
103 20157 2375104593182 北京万达广场房地产开发有限公司
104 41054 5020104487522 联合艾华（北京）制药技术有限公司
105 29622 3541104557110 北京弘富伟业科技有限公司
106 38336 4651104515196 北京永信诚业电子商务有限公司
107 37698 4570104481917 中融国投置业有限公司
108 17509 2062104837333 北京市万博达工贸公司
109 2360 0275105010715 北京联郡餐饮管理有限公司
110 55451 6805104812710 北京蓝月谷科技发展有限公司
111 69409 8581104498940 北京博华永益科技有限公司
112 31186 3735104705404 北京碧海怡景园林绿化有限公司
113 2032 0232104534025 北京腾远翔科技开发有限公司
114 49541 6065104919937 北京仁创日升石油开采技术有限公司
115 11295 1318104776649 北京舒尔特机械设备有限公司
116 76062 9405105009303 天向英才(北京)科技有限公司
117 23076 2739104976759 北京富申联合供应链管理有限公司
118 45983 5633104578585 北京通园大鸭梨餐饮有限公司
119 5514 0651104983897 高德中彩科技有限公司
120 25135 2987104725247 北京顺天义餐饮管理有限公司
121 27883 3321104522314 北京宇辉投资管理有限公司
122 67995 8392104545917 传承主建国际展览服务（北京）有限公司
123 65274 8060104579743 北京顺盛行市政工程有限公司
124 1024 0111104938683 北京新网医讯技术有限公司
125 33556 4016104755985 晶华宝岛（北京）眼镜有限公司
126 50932 6231104499418 中建投租赁有限责任公司
127 20240 2385104898538 北京桦盛恒利工程设计有限公司
128 16919 1990104728754 北京三和晨光物业管理有限公司
129 40641 4966104480315 北京拓天装饰工程有限公司
130 79452 9828104710168 北京瑞驰曼科软件技术有限公司
131 74483 9204104766082 北京华谊保险销售有限公司
132 21193 2509104698686 北京康玛克机电设备有限公司
133 40336 4926104822563 北京中铁建工物资有限公司
134 46743 5727104656945 北京乾建绿化工程有限公司
135 7240 0854104484692 北京爱德发科技有限公司
136 23700 2811104665546 北京文房文化发展有限公司
137 28052 3340104554219 北京正保育才教育科技有限公司
138 12417 1459104486153 北京盛世捷威科技有限公司
139 25875 3077104494766 北京嘉诚兴业工贸有限公司
140 19620 2311104551708 北京天助基业科技发展有限公司
141 45052 5519104524785 立信中联会计师事务所（特殊普通合伙）北京分所
142 48206 5898104591799 北京川达科鸿科技有限公司
143 7319 0862104805787 北京云成激光唱盘有限公司
144 56302 6910104956664 北京市昌平区益明医院
145 1188 0130104920200 北京银行股份有限公司两桥支行
146 36117 4357105007047 华远租赁有限公司
147 8597 1007104499416 中建投租赁有限责任公司
148 44883 5501104621269 北京润隆彩色印刷有限公司
149 12281 1441104533060 山水盛典文化产业有限公司
150 38330 4650104854804 北京嘉艺汇美文化传媒有限公司
151 73446 9078104598653 厦门国际银行股份有限公司北京中关村支行
152 27959 3330104880522 北京交通工程学会
153 74145 9164104752684 辽宁安东投资有限公司北京投资管理分公司
154 27027 3212104695129 北京市百荣世贸商城市场有限责任公司
155 10172 1188104494619 北京四环制药有限公司
156 26461 3147105039132 北京金昌泰餐饮有限公司
157 74990 9270104829728 北京春晖园文化娱乐有限责任公司
158 19134 2257104585914 北京环洋溢海科技有限公司
159 7498 0880105020433 瑞尔国际物流（北京）有限公司
160 59537 7323104538540 北京华卫骥生物医药有限公司
161 18096 2131104855254 北京锐康麦德科技有限公司
162 20780 2460104474133 顺义区后沙峪地区办事处前沙峪村村民委员会
163 57714 7091104634263 北京鼎合金通经贸有限责任公司
164 3754 0446104514335 阿肯特（北京）工程设计有限公司
165 61814 7625104959739 北京科奥东泰石油技术开发有限公司
166 48216 5899104621750 北京育新物业管理公司
167 71696 8859104487029 北京紫光博远投资管理有限公司
168 36135 4359104716883 北京奥斯普科技有限公司
169 42301 5173104679691 北京易百得公关顾问有限公司
170 68442 8456104509006 北京燕德宝汽车销售有限公司
171 48010 5873104751496 北京市爱迪发医疗设备公司
172 10659 1240104672757 北京龙湖置业有限公司
173 20109 2366104951176 北京翰林航宇科技发展股份公司
174 66741 8243104528807 北京玉渊潭物业管理集团有限公司第八分公司
175 60930 7512104688692 北京恒源瑞康医疗器械有限公司
176 60523 7460104829048 北京兴业源物业管理股份有限公司
177 60677 7484104483761 北京中电源丰科技有限公司
178 8973 1050104965307 北京天锄快餐有限责任公司
179 80682 9978104899285 北京信力筑正新能源技术股份有限公司
180 78286 9687104591201 北京蓉城永顺餐饮投资管理有限公司
181 42335 5178104631482 北京宇田索诚科技有限公司
182 56204 6899104574798 北京合力华通汽车服务有限公司
183 4638 0551104491395 北京普析通用仪器有限责任公司
184 2311 0268104823920 北京华力恒盛科技有限公司
185 6007 0706104545535 北京鸿鹄教育培训学校
186 46525 5699104869184 北京中润洁豪伟业科贸有限公司海淀教育咨询分公司
187 27894 3322104527484 华杰工程咨询有限公司
188 13310 1568104637374 北京城市捷运汽车贸易有限公司
189 36572 4419104700430 北京市顺义区木林镇上园子村经济合作社
190 61625 7602105034906 北京君合百年房地产开发有限公司
191 29557 3531104952562 搜房投资管理（北京）有限公司
192 8919 1044104491746 天恒瑞达（北京）医疗设备有限公司
193 4919 0583104613909 北京弘高建筑装饰设计工程有限公司
194 47184 5777104527292 北京京贸运通国际物流有限公司
195 1524 0172104554850 北京同有飞骥科技股份有限公司
196 24272 2882104600245 北京创源立晶科技有限责任公司
197 71338 8815104580673 中审华寅五洲会计师事务所（特殊普通合伙）北京分所
198 3565 0422105008561 强力家具集团有限公司
199 75334 9313104733447 北京中诚锐马文化传播有限公司
200 33818 4052104928967 北京南昊科技股份有限公司
201 45268 5544104666061 北京恒乐工程管理有限公司
202 53308 6543104805644 北京鑫敏恒汽车销售有限公司
203 2582 0301104513458 西部新时代能源投资股份有限公司
204 24686 2930104787894 北京安贞和家宾馆有限公司
205 71166 8794104480786 北京蓝华宇房地产开发有限公司
206 62787 7750104960490 北京市紫光园餐饮有限责任公司
207 7850 0920105004381 北京嘉利友商贸中心
208 7405 0870104787117 北京华远开元石油技术有限公司
209 46944 5751104507076 国机资产管理公司
210 30495 3646104891815 北京伊司地曼乐器有限公司
211 46631 5715104513750 北京科玛瑞讯科技有限公司
212 66017 8156104510234 北京东方格莱美墙纸有限公司
213 19298 2273105033742 北京谦林佳艺装饰有限公司
214 10059 1174104773306 北京速尔物流有限公司
215 17202 2023104873988 北京市顺义区律师协会
216 42739 5222104952828 北京锦程赢物流有限公司
217 16143 1897104955932 鼎唐（北京）文化艺术发展中心
218 55404 6800104587931 华涛川杰（北京）科技发展有限公司
219 78594 9728104909705 北京盛明建达工程技术有限公司
220 15289 1801104491157 北京万码时空信息技术有限公司
221 20323 2392104773217 北京佳路机械运输有限公司
222 58387 7178104752890 北京尚合佳物业管理有限公司
223 80410 9945104485559 北京杉舟服装有限公司
224 61523 7589104583718 北京东方京安消防工程有限公司
225 38886 4725104831518 北京亿洲宏达给水设备有限公司
226 39091 4756104727839 北京港龙基业汽车销售服务有限公司
227 5740 0675105022584 北京日出枫林园林工程有限公司
228 53771 6599104878929 北京福天展装工程有限公司
229 65217 8053104574372 河北盛安汽车保险销售有限公司北京分公司
230 36658 4431104685093 悉地（北京）国际建筑设计顾问有限公司
231 70032 8655104506301 北京慧智才多国际传媒广告有限公司
232 57112 7011104537095 北京掌上网科技有限公司
233 14486 1703104522723 北京永乐恒基建筑工程有限公司
234 46864 5741104525847 北京红狮漆业有限公司
235 33019 3951104895115 中国化学矿业协会
236 69874 8636104480314 北京市北安恒基建筑工程有限公司
237 53623 6581104498401 北京博瑞恋特文化传媒有限公司
238 60798 7499104558384 北京美迪爱康科技有限公司
239 11991 1402104672072 北京恒昌惠诚信息咨询有限公司
240 24066 2856104523538 北京宝龙富盛技术有限责任公司
241 38676 4695104715432 北京金广来广告有限公司
242 20489 2416104483584 北京宇正恒创科技有限公司
243 47212 5780104829402 北京灵准营销顾问有限公司
244 6078 0714104923470 北京能为科技股份有限公司
245 14995 1766104962462 北京三川汇设计顾问有限公司
246 44386 5435104884255 北京颐通建业医用工程有限公司
247 70468 8711104718383 利江特能（北京）设备有限公司
248 75707 9359104523795 北京韩建集团有限公司
249 29983 3585104964150 北京新菱柏诚机电工程有限公司
250 39632 4833104831101 北京科诺华有害生物防制有限责任公司
251 8130 0956104801556 北京中铁天瑞机械设备有限公司
252 15935 1875104532222 北京源之祥工业控制设备有限公司
253 5818 0685104532044 彩宣世界贺美丽家（北京）建材市场有限公司
254 60045 7387104991009 八十五度（北京）餐饮管理有限公司
255 13496 1588104914827 北京盛唐传扬国际企业策划有限公司
256 67727 8362104524200 北京翰道律师事务所
257 53745 6596104513259 中能华贸（北京）科技有限公司
258 21906 2596104681779 北京三义电力电子公司
259 66647 8230104499185 博努力（北京）仿真技术有限公司
260 32076 3839104559075 北京京港地铁有限公司
261 57047 7000104709923 北京市奥义行科技有限公司
262 34925 4198104861680 北京惠博普能源技术有限责任公司
263 23034 2735104656474 中国治沙暨沙业学会
264 10286 1201104530660 中交一公局公路勘察设计院有限公司
265 41310 5050104881975 北方爆破科技有限公司
266 70366 8695104669412 北京东方金沙酒店管理有限公司
267 51532 6310104591502 神州长城国际工程有限公司
268 53280 6540104668063 平安喜乐（北京）汽车服务有限公司
269 57886 7112104537349 北京屹立诚诚广告设计有限公司
270 28175 3355105009061 北京七索时代科技有限公司
271 69963 8645104672181 北京恒昌汇财投资管理有限公司
272 36191 4366104513513 北京市海安停车管理有限责任公司
273 43413 5308104514997 大众汽车金融（中国）有限公司
274 54528 6693104802958 北京易豪威动力设备有限公司
275 57460 7061104565720 北京裕兴软件有限公司
276 80680 9978104736192 赫兹汽车租赁（北京）有限公司
277 11175 1304104639441 北京斯伯乐科技发展有限公司
278 74333 9187104547652 中自控自动化技术有限公司
279 46529 5700104513862 北京鸿途科技有限公司
280 75346 9315104528489 彩凤朝凰（北京）国际传媒广告有限公司
281 49470 6057104709575 北京荣泰城不锈钢制品有限公司
282 10880 1267104940954 北京到家时代餐饮管理有限公司
283 23789 2821104979317 北京磁通设备制造有限公司
284 25586 3042104855089 高塔品牌顾问（北京）有限公司
285 28529 3395104954618 北京千山永盛科技有限公司
286 54097 6642104739122 北京市华京源再生资源回收市场有限公司
287 51294 6280104520883 北京金凯拓市政工程有限公司
288 35287 4244105010797 北京科迪通达科技有限公司
289 33369 3995104620591 北京海纳川汽车部件股份有限公司北京分公司
290 46138 5653104485192 北京翔达利诚科技有限公司
291 16129 1896104707520 北京三吉利电力工程设计有限责任公司
292 31717 3797104693187 北京中科启元教育科技投资有限公司
293 74998 9271104866391 北京盛世辰阳科技有限公司
294 60762 7495104653091 北京朗克诗顿服装有限公司
295 47866 5857104559916 中自控（北京）矿业投资有限公司
296 3752 0445104621109 北京众合通达建筑机械租赁有限公司
297 78302 9689104536992 天一星辰（北京）科技有限公司
298 36927 4470104512500 北京市五泰律师事务所
299 45614 5585104910659 北京梦寐家纺有限公司
300 25476 3025104507384 北京讯奇连城商务服务有限公司
301 73700 9109104914157 北京灵智行广告有限责任公司
302 17188 2022104749843 北京联众创业商贸有限公司
303 17821 2099104908171 捷德（中国）信息科技有限公司北京分公司
304 1809 0207104672274 北京云润兴达科技有限公司
305 50515 6180104913496 北京美亨达服装有限公司
306 52785 6474104484704 北京中公未来教育咨询有限公司
307 53369 6551104567325 北京乾园正坤科技发展有限公司
308 32136 3847104652533 民航数据通信有限责任公司
309 2585 0301104947561 北京友宝昂莱科技有限公司
310 13662 1609104607840 北京拓明科技有限公司
311 56553 6940104869720 北京东方英伦国际教育信息技术研究院
312 60259 7422104510846 新秀动力文化传媒（北京）有限公司
313 56224 6900105037398 光大永明人寿保险有限公司北京分公司
314 72147 8912104758573 北京国网先行电力建设有限公司
315 63452 7829104965279 北京博爱瑞康医疗技术有限公司
316 46168 5656104561514 北京博元投资有限公司
317 11137 1299104522040 北京高山物流有限公司
318 78295 9688104687265 国贸工程设计院
319 62604 7724104650538 北京星辉金鼎科技有限公司
320 68059 8400104678107 信达证券股份有限公司
321 19072 2248104871701 北京天盈创智广告有限公司
322 16245 1910104802501 北京首钢饮食有限责任公司
323 19912 2343104830782 北京达九州医疗器械有限公司
324 11749 1372105020590 北京信达诚货运服务有限责任公司
325 12046 1410104998396 北京金诚安泰市政工程有限公司
326 38246 4641104889495 北京市一零一地质大队
327 42040 5140104731582 迈恩德（北京）电子有限公司
328 63497 7836104549466 北京嘉美盛世会展服务有限公司
329 6663 0784104685673 北京嘉恒置业投资有限公司
330 53709 6591104532902 思玛特国际知识产权代理（北京）有限公司
331 2379 0278104509582 北京中育教育发展研究中心
332 55095 6762105006854 北京市自来水集团京兆水表有限责任公司
333 28719 3420104770850 北京力维斯白龙潭旅游开发有限公司
334 21053 2494104717290 北京天福凯运贸易有限公司
335 1646 0186104552240 北京博融先锋展览展示有限公司
336 32283 3865104588508 北京希迪西建筑工程咨询有限公司
337 73905 9134104697313 北京佳艺兴达建筑装饰工程有限公司
338 21980 2606104507921 北京捷创特科技发展有限公司
339 55917 6866105016411 北京环丰世纪绿色能源科技有限公司
340 56590 6945104828368 北京朝立新人防工程防护设备有限公司
341 729 0080104846294 宝姿时装（北京）有限公司
342 19158 2260104487110 北京祥云滕海商贸有限公司
343 32703 3915104556164 北京碧水物业管理有限责任公司
344 19708 2319104951898 北京志精中溢装饰材料有限公司
345 70431 8706104547360 北京北方友芝机电设备有限公司
346 36717 4440104715028 安融（北京）国际机电有限公司
347 56340 6916104543058 北京圣普服装服饰有限责任公司
348 2851 0335104512871 北京耐诺亚科技有限公司
349 78156 9672104855133 北京市平谷区兴谷老年公寓
350 1698 0192104503628 北京信达亿诚医疗科技有限公司
351 73462 9079104962361 鼎兴联通（北京）网络科技有限公司
352 8 0001104494657 北京东方捷通科技发展有限公司
353 55169 6772104964677 北京泰格经济开发公司
354 58402 7179104783791 北京欧华源新技术有限公司
355 6404 0756104538978 北京和丰燕商务服务有限公司
356 57456 7059104920298 北京京电国瑞电子技术有限公司
357 78122 9669104534782 北京嵩天建筑工程劳务有限公司
358 6073 0714104499510 北京洞庭楚乡酒家
359 70610 8728104678822 北京盛臣技术有限公司
360 12270 1440104473375 北京市房山区张坊镇张坊村经济合作社
361 10746 1252104548977 北京积趣网络科技有限公司
362 70718 8742104611114 北京凯裕商贸有限公司
363 25474 3024104753091 网易传媒科技（北京）有限公司
364 29723 3552105003400 北京乐柏教育咨询有限公司
365 11283 1317104996636 北京韩一汽车饰件有限公司
366 1459 0163104681019 北京中豪房地产开发有限公司
367 31540 3777104719912 北京今日时代图片文化发展有限公司
368 35171 4230104584642 基亿恒通（北京）科技有限公司
369 70501 8716104571194 北京奇付通科技有限公司
370 31170 3733104510751 北京仁和通达物流有限公司
371 53110 6517104686090 北京尚伦管理顾问有限公司
372 70003 8651104527475 北京中科美利环保科技有限公司
373 22378 2654104690309 北京世钟汽车配件有限公司
374 6015 0706104790519 北京瀚思伟业国际文化传媒有限公司
375 67331 8313104492354 北京天达联信会展有限公司
376 80760 9988104672048 北京安博瑞尼电气技术有限公司
377 64389 7950104959339 北京金地科创装饰工程有限公司
378 205 0022104501348 马斯利自动化技术（北京）有限公司
379 22165 2628104490781 北京水星投资管理有限责任公司
380 56175 6895104806170 北京凤山瀚缘国际石材贸易有限公司
381 62752 7745104706789 北京方正世纪信息系统有限公司
382 39189 4771104657961 北京捷严德装饰工程有限公司
383 66187 8176105073296 北京昆仑凯利科技有限公司
384 4965 0587104933641 北京北源伟业贸易有限公司
385 61094 7534104507084 北京奥泰视景科技发展有限公司
386 2372 0277104604488 北京海量数据技术股份有限公司
387 80772 9989104868414 北京东方绿锦园林工程有限公司
388 51163 6263104563970 北京安杰玛生物科技有限公司
389 14650 1723104525898 北京中油京成石化有限责任公司
390 25037 2974104508451 北京市天润中电高压电子有限公司
391 35007 4209104656819 北京润德榕馥商贸有限公司
392 67833 8373104592147 北京优炫软件股份有限公司
393 32217 3856104576579 北京易路康科贸有限公司
394 43648 5339105020400 北京咸亨国际通用设备有限公司
395 45844 5614104765902 北京鑫万维富达汽车销售有限公司
396 10857 1265104678090 北京泽通水务建设有限公司
397 74531 9209104919938 北京仁创日升石油开采技术有限公司
398 2980 0350104962610 北京星光之都娱乐有限公司
399 8425 0987105004887 北京智锐纵横科技发展有限公司
400 68973 8522104680226 北京吉星工程项目管理有限公司
401 5177 0610104924803 中科天融（北京）科技有限公司
402 21170 2507104507269 北京首汽腾鹏汽车销售服务有限公司
403 13196 1553104852537 北京银行股份有限公司白石桥支行
404 46987 5755104684747 北京鲜鼎香餐饮管理有限公司
405 29435 3516104924323 北京宝旺慧嫂会议服务有限公司
406 3459 0410104975335 北京华丽联合高科技有限公司
407 58476 7189104692420 北京百利康生化有限公司
408 49154 6020104608174 北京普华智深科技有限公司
409 71918 8884104515500 北京力拓致远技术有限公司
410 6490 0764104551172 北京逐鹿驹企业管理咨询有限公司
411 73914 9135104660622 北京爱可生通信技术有限公司
412 77918 9645104581832 北京星光彩虹电子商贸有限公司
413 64754 7995104753214 北京永顺胜龙货物运输有限公司
414 14435 1698104720252 北京北宽信息工程有限公司
415 30364 3630104768588 北京森敏瑞机电科技有限公司
416 52404 6420104828856 北京华夏盛轩图书有限公司
417 4532 0539104716527 北京伊博蒂斯教育科技有限责任公司
418 20509 2419104540579 北京新金威石科技有限公司
419 49476 6058104573856 北京博创金科科技有限责任公司
420 8911 1042104949835 北京柏威医药科技有限公司
421 1533 0173104561435 北京庆洋汽车服务有限公司
422 61223 7551104660387 华润怡宝饮料（中国）有限公司北京分公司
423 20522 2420104514250 北京泽天厚物资有限公司
424 45465 5566104740488 北京广润灵智国际广告有限公司
425 77009 9533104704397 北京昊天新华商贸有限公司
426 66124 8170104522285 北京燕兴宏达汽车服务有限公司
427 37787 4583104733601 北京新锐英诚软件有限公司
428 59576 7327104670093 北京纪鑫鸿业服装贸易有限公司
429 41018 5015104542760 信德迈科技（北京）有限公司
430 56474 6931104866569 北京中天盛文化艺术中心
431 6230 0733104733426 大千生态景观股份有限公司北京分公司
432 61410 7576104679346 中国市场杂志社
433 72626 8974104727222 北京中科中电电力工程管理有限公司
434 34039 4085104633482 北京市晨光防腐研究所
435 50998 6239104666693 北京麦邦生物技术有限公司
436 41583 5084104863997 北京市嘉宝物业管理有限公司朝阳分公司
437 25994 3091104750356 布特（北京）信息技术有限公司
438 19201 2263104828751 中铁房地产集团北京丰昊置业有限公司
439 56377 6920104615117 北京久伍文化传播有限公司
440 57635 7082104540227 元仪国基生物科技（北京）有限公司
441 24742 2938104965300 北京全景国家地理广告有限公司
442 31618 3786104815483 北京军宣物资有限责任公司
443 60092 7395104483242 北京博维仕科技股份有限公司
444 8160 0960104504303 北京蓝天多维科技有限公司
445 31970 3827104770576 中国建设科技集团股份有限公司
446 37936 4601104768408 北京天拓华然市政工程有限公司
447 3079 0362104583553 北京中外建建筑设计有限公司
448 17782 2095104862797 北京博大水务有限公司
449 13284 1566104525678 北京宏贤达物流有限公司
450 74287 9181104503474 北京市通州市政工程设计有限公司
451 6326 0746104855257 北京锐康麦德科技有限公司
452 54022 6633104625415 北京中润国盛科技有限公司
453 34350 4126104690287 北京旭亚威科技发展有限公司
454 80360 9938104512451 北京鑫润创展房地产经纪有限公司
455 67440 8326104831089 北京市平谷区水利工程公司
456 24801 2945104522028 北京美思国际文化发展有限公司
457 649 0071104756680 北京天利海香精香料有限公司
458 48578 5949104511581 杭州银行股份有限公司北京丰台支行
459 50824 6217104829732 北京春晖园文化娱乐有限责任公司
460 44158 5403104485987 美赫辰进出口（北京）有限公司
461 46519 5699104592207 北京热风时尚贸易有限公司
462 79746 9866104813912 北京中天恒管理咨询有限公司
463 8137 0957104784223 北京天天有余餐饮有限责任公司
464 15445 1819104735149 北京东方华立物业管理有限公司
465 261 0029104543071 北京民福居餐饮有限责任公司
466 12504 1470104784180 北京天安兴达石油科技有限公司
467 5292 0623104920114 北京绿友时代园林机械有限公司
468 30716 3674104758119 小松（中国）矿山设备有限公司
469 44284 5421104852128 北京优贝在线网络科技有限公司
470 69628 8605104737182 北京龙天苑科技发展有限公司
471 26411 3141104547780 北京东方雨虹防水技术股份有限公司
472 66178 8175104783355 北京安宏钢化玻璃有限公司
473 44979 5511104498734 北京瑞格标牌制造有限公司
474 72688 8981104846008 北京市平谷区王辛庄镇莲花潭村民委员会
475 65015 8028104623974 北京怡和嘉业医疗科技有限公司
476 50761 6209104664778 北京银河万达置业有限公司银河万达大饭店
477 1132 0124104961900 北京中海玉液商贸有限公司
478 12362 1452104713390 北京中电创新科技有限公司
479 39074 4754104509874 北京新七天科技有限公司
480 63045 7778104588092 国经环球控股有限公司
481 20005 2356104499174 北京九易正通广告有限公司
482 46293 5670104688868 北京掌阔技术有限公司
483 47577 5821104522898 北京奥群科技有限公司
484 50148 6136104671547 北京三维天地科技有限公司
485 33055 3956104706889 北京东投国信投资管理有限公司
486 27060 3216104584972 北京市英利达标牌制作有限公司
487 73113 9033105030660 北京航德腾达建筑工程有限公司
488 47445 5805104557167 北京市第五建筑工程集团有限公司
489 26198 3114104663576 石化盈科信息技术有限责任公司
490 40934 5005104516820 北京和谐阳光文化传播有限公司
491 58262 7161104477538 北京天博信诚建筑劳务有限公司
492 49223 6027105008725 北京穆恩楼清真饮食有限责任公司
493 12220 1431104784175 北京安能纵横物流有限公司
494 11117 1296104550737 巨力辉腾科技（北京）有限公司
495 25843 3072104551523 中电电研（北京）配电技术有限公司
496 23481 2788104517749 北京展新义恒市政工程有限公司
497 44648 5471104569206 北京福宏杰幕墙门窗有限公司
498 7899 0926104833163 鼎点视讯科技有限公司
499 19466 2293104768954 北京东方百佳建筑装饰工程有限公司
500 32644 3908104734324 北京泰莱特斯贸易有限责任公司
501 53209 6529104664431 北京快乐京林文化传播有限公司
502 54345 6671104681206 北京天下图数据技术有限公司
503 24502 2909104535750 北京百合香商务酒店管理有限公司
504 47877 5858104621208 北京市新奥物业管理有限公司
505 20995 2488104486201 北京振威展览有限公司
506 9043 1058104631687 北京瑞丰宝来资产管理中心（有限合伙）
507 42509 5197104551566 梅赛德斯-奔驰租赁有限公司
508 15345 1807104807331 北京燕京啤酒股份有限公司一分公司
509 16679 1964104490667 北京信得通物流有限公司
510 23669 2808104525941 北京莱恩斯高新技术有限公司
511 69133 8544104817274 华富明中（北京）建筑材料有限公司
512 35082 4218104473846 北京泰格瑞祥科技有限公司
513 11751 1373104598552 北京博爱中西医结合医院
514 61959 7643104562108 北京睿银华信科技有限公司
515 26514 3153104680314 北京湘鄂情饮食服务有限公司
516 33454 4005104826673 北京鑫佳众成房地产经纪有限公司
517 41406 5063104637951 北京恒宇信通科技发展有限公司
518 46143 5653104847568 北京精宇致经贸有限公司
519 48052 5879104581143 北京信远置业有限公司
520 66291 8188104728005 北京中视完美国际传媒广告有限公司
521 13025 1533104625658 棕榈园林股份有限公司北京分公司
522 64118 7913104502116 北京北欧管道制造有限公司
523 18086 2130104607394 四维卓越信息咨询（北京）有限责任公司
524 28695 3416104731450 北京北方嘉诚物流有限公司
525 48995 5999104634262 北京鼎合金通经贸有限责任公司
526 16955 1994104884506 北京禾邦保洁有限公司
527 32760 3922104500765 北京华尔泽工程机械有限公司
528 61571 7595104925502 北京鹏龙星徽汽车销售服务有限公司
529 39173 4769104495831 北京兴创信建筑装饰工程有限公司
530 27281 3243104583265 北京东华合创科技有限公司
531 37331 4521104585070 北京生物产业孵化基地有限责任公司
532 4464 0532104494724 北京胜广达科技有限公司
533 74876 9256104629269 北京世纪烽火科技有限公司
534 6430 0758104509650 远成荣诺机电设备（北京）有限公司
535 9837 1151105011029 北京乐汇天下科技有限公司
536 46507 5698104679532 北京医桥联众医疗器械有限公司
537 21791 2583104821671 北京市梵尔赛灯饰有限公司
538 80547 9962104711591 北京硕泽建筑装饰工程有限公司
539 29154 3479104798043 北京大地会计师事务所有限责任公司
540 24013 2850104506878 河北省建材建设有限公司北京分公司
541 65398 8076104841046 传慧嘉和（北京）管理咨询有限公司
542 57769 7097104915679 北京威宇圣科技有限公司
543 30767 3680104559480 北京正和恒基滨水生态环境治理股份有限公司
544 2529 0296104490294 北京佳惠豪通科技发展有限公司
545 52648 6453104501799 北京德奥达汽车销售有限公司
546 23181 2753104574373 河北盛安汽车保险销售有限公司北京分公司
547 37473 4539105010608 佳杰科技（上海）有限公司北京分公司
548 31107 3723104719691 北京京铁商业服务有限公司北京西站分公司
549 65450 8083104667037 北京市昌平区沙河镇环境卫生管理中心
550 73235 9048104509941 北京金山建筑机械厂
551 62922 7767104509800 北京东南嘉业科技发展有限公司
552 79352 9818104485446 北京林学会
553 40694 4973104750489 北京雅康博生物科技有限公司
554 34022 4082104530711 北京祥煦熙科技有限责任公司
555 19619 2311104549461 北京扶远清隆科贸有限公司
556 69938 8642104663276 北京东方华太工程咨询有限公司
557 36259 4376104526185 北京市开原房地产开发有限责任公司
558 76654 9489104540157 北京唐人伟业投资管理有限公司
559 79728 9863104585072 北京安溪铁观音茶文化研究会
560 4040 0483104688602 北京方舟雅度房地产经纪有限公司
561 57129 7013104845935 北京二锅头酒业股份有限公司
562 61784 7623104529452 北京立必信达商贸有限责任公司
563 57018 6997104490664 北京瑞通大道投资有限公司
564 70245 8680104537575 北京创艺格玻璃装饰工程有限公司
565 67185 8296104498788 北京同兴和航空设备有限公司
566 64670 7986104779938 北京久居房地产经纪有限责任公司
567 41052 5020104481786 北京时代华瑞装饰工程有限公司
568 5321 0627104563596 北京天元特通科技有限公司
569 52122 6386104671395 北京禾田雨橡互联网科技有限公司
570 60853 7504104746960 北京中电红石科技股份有限公司
571 11663 1365104482337 北京智明慧远科技有限公司
572 41706 5099104976844 顺义区北石槽镇南石槽村村民委员会
573 16990 1999104663224 北京乾和晟云电子商务有限公司
574 24040 2853104490780 北京水星投资管理有限责任公司
575 893 0097104513290 北京桑德环境工程有限公司
576 36103 4355104652775 北京红黄蓝科技发展有限公司
577 33352 3993104542297 北京新原立景建筑设计有限公司
578 15557 1832104713784 北京世纪盛诺广告传媒有限公司
579 56894 6981104759690 北京浩然混凝土有限公司
580 25814 3068104682077 北京曼德克环境科技有限公司
581 60329 7431104681324 中都物流有限公司
582 1653 0186104807458 北京同飞汽车维修有限公司
583 76968 9529104567133 北京宝典典当行有限公司
584 46785 5732104480931 北京华玉源科技有限公司
585 45206 5536104711758 北京市华奥润翔石业有限公司
586 38825 4717104534450 北京百万园园林绿化有限公司
587 44616 5466104956142 北京时枫通运科技有限公司
588 40855 4995104798494 北京金田麦国际食品有限公司
589 67657 8354104506193 北京东方宇信装饰工程有限公司
590 20746 2455104534384 北京世奥森林公园开发经营有限公司
591 10248 1197104485816 北京融丰商汇投资有限公司
592 25984 3090104534735 普瑞时代（北京）广告有限公司
593 819 0090104546669 华录出版传媒有限公司
594 25114 2985104505177 北京中裕岩土工程技术有限公司
595 47730 5840105004452 北京谷奥慧能信息系统有限公司
596 3614 0428104639642 北京市园禾方圆植物科技有限公司
597 751 0083104589496 北京众智慧通信息技术有限公司
598 41368 5057105034253 中国同辐股份有限公司
599 16191 1904104670299 北京叁角弈软件技术有限公司
600 68824 8506104503436 北京和创图文制作有限公司
601 62975 7772104681512 国儒广典文化发展（北京）有限公司
602 32152 3849104681765 北京北科亿力科技有限公司
603 59832 7360104685564 北京兴达波纹管有限公司
604 4597 0546104558064 北京元享利通典当行有限公司
605 61572 7595105010298 北京云祥福餐饮有限公司
606 21216 2511104530037 北京亮都投资有限公司
607 62362 7692104610370 北京荣世安达投资有限公司
608 16654 1960104504985 北京搜狐新媒体信息技术有限公司
609 33129 3965104599397 江苏安思博尔楼宇工程有限公司北京分公司
610 64363 7947104485013 北京华素制药股份有限公司
611 36586 4420105008590 北京天宇兴华贸易有限公司
612 20703 2448104544469 北京领诺天下信息服务有限公司
613 19761 2327104528808 北京玉渊潭物业管理集团有限公司第八分公司
614 53915 6618104686896 北京康凯医疗科技有限公司
615 24558 2915104791980 中国招标投标协会
616 55476 6809104629640 北京市西城区水木培训学校
617 65663 8108104665788 北京方恒盛科贸有限公司
618 10234 1195104489513 北京长红汇通管理咨询有限责任公司
619 25040 2974104639483 北京冠群金辰软件有限公司
620 28360 3378104523412 北京中航信旅行社有限公司
621 20054 2361104765801 迅驰九州（北京）汽车科技发展有限公司朝阳分公司
622 198 0021104663680 北京东方皓峰科技有限公司
623 18510 2183104675574 北京诚信天下酒店管理有限公司
624 31376 3758105036285 泰邦（北京）药物研究院有限公司
625 50605 6190104977014 北京环润科技发展有限公司
626 66526 8217104675626 北京日达货运服务有限公司
627 40887 5000104503462 北京国融兴华资产评估有限责任公司
628 72722 8986104688411 中电星润（北京）能源科技有限公司
629 57156 7018104518872 北京前搏汽车贸易有限公司
630 78126 9669104960422 北京光耀东方商业管理有限公司
631 35353 4254104922649 北京瀚景教育科技有限公司
632 72830 8999104584076 北京神州畅通物流有限公司
633 80213 9921104514926 北京陌陌科技有限公司
634 68916 8515104789449 北京威速科技有限公司
635 43686 5344104540751 北京驷骑中天网络工程技术有限公司
636 28177 3356104521673 北京华美风尚国际文化传媒有限公司
637 22668 2690104525766 北京世欣顺达小额贷款有限公司
638 72371 8941104687683 北京掌趣科技股份有限公司
639 66059 8161104500794 北京三木合力建筑装饰工程有限公司
640 23990 2847104678837 北京浩瀚中远工程管理有限公司
641 57310 7041104525879 北京元丰正通汽车销售服务有限公司
642 27962 3331104565310 北京繁硕科技有限公司
643 7727 0905104880760 北京睿信致成管理顾问有限公司
644 3295 0389104561034 北京中佳盛源商贸有限公司
645 65006 8026104955791 北京北元电器有限公司
646 70392 8699104610118 北京富原国德新技术开发有限责任公司
647 6224 0733104610983 北京平开智能电气有限公司
648 27751 3304104845870 北京京兆市政建筑工程有限公司
649 556 0061104601972 万达电影院线股份有限公司
650 73100 9032104673078 北京百惠众和商贸有限公司
651 18798 2217104608306 北京岱摩斯变速器有限公司
652 71364 8818104663495 北京华联数据系统有限公司
653 16329 1918104596528 北京铭致置地物业管理有限公司
654 68677 8489104690457 北京智敏科技发展有限公司
655 48771 5971104690253 北京市远东律师事务所
656 62778 7749104746961 北京中电红石科技股份有限公司
657 13643 1607104700516 北京鑫旺华宇混凝土制品有限公司
658 28456 3387104831954 北京车闻公关咨询有限公司
659 34838 4188104492863 中国民生银行股份有限公司
660 75893 9384104880939 北京利华消防工程有限公司
661 61176 7544104671359 北京康创联盛科技有限公司
662 70487 8714104612025 北京驰际建筑工程有限公司
663 40345 4928104550933 北京智欣联创科技有限公司
664 35850 4322104733308 小米通讯技术有限公司
665 29010 3458104556209 北京洪天力药业有限公司
666 44603 5464104950693 昊瑞森（北京）能源科技有限公司
667 21336 2524104734033 北京市下庄白灰厂
668 31691 3794104580938 北京精雕科技集团有限公司
669 10229 1194104601874 北京龙翥科技有限公司
670 77227 9561104521763 北京星汉特种印刷有限公司
671 32809 3927104879977 北京利德永欣科技发展有限公司
672 74138 9164104513221 北京申特申湘科技有限公司
673 25021 2972104521870 北京徽商情商贸有限公司
674 1051 0116104564310 北京航天天盾安防工程有限公司
675 51897 6358104533218 北京民丰祥和建筑工程有限公司
676 72938 9011104521416 北京升纳科技发展有限公司
677 73318 9060104633999 北京洪恩教育科技股份有限公司
678 15215 1791104868386 国电物资集团有限公司
679 47217 5781104594140 北京泛华易通科技有限公司
680 61060 7528104567955 北京爱德康赛广告有限公司
681 60303 7427104600468 北京河荫路麻辣杂锅鱼餐厅
682 13136 1545104710669 北京鲁和华峰幕墙工程有限公司
683 72166 8915104562034 北京方大思特信息技术有限公司
684 64902 8012104560631 北京晟强贸易有限公司
685 59328 7297104700462 北京三福汇友舞美展示有限公司第一分公司
686 44836 5495104657668 北京中科创新园高新技术有限公司
687 56502 6935104481423 北京合纵科技股份有限公司
688 11536 1349104985711 北京捷迅通力工程咨询有限公司
689 20146 2373104512429 北京恒信易诚电气设备有限公司
690 61755 7619104558708 北京清美同创景观工程有限公司
691 14535 1709104528071 北京盛达龙源不锈钢水箱有限公司
692 75059 9278104929646 北京华联鑫创益科技有限公司
693 37534 4548104621071 北京东方志禾商贸有限公司
694 71013 8776104964279 北京艺林园景人力资源服务有限公司
695 43660 5340104819955 北京瑞驰澳特体育管理有限公司
696 67669 8355104583322 北京通南装饰有限公司
697 68464 8458105029134 北京中装伟佳展览策划有限公司
698 52723 6465104483942 比泽尔制冷技术（中国）有限公司
699 55132 6767104786727 北京市警视达机电设备研究所有限公司
700 20404 2402104955240 北京中电联环保工程有限公司
701 49057 6007104610328 中交路桥技术有限公司
702 55379 6798104489716 天佑科技股份有限公司
703 17523 2064104689303 北京志翔领驭科技有限公司
704 4176 0500104575382 北京上品科技发展有限责任公司
705 40292 4922104715573 北京吉派润达环境检测技术有限公司
706 25507 3029104587594 北京研拓科技有限公司
707 46343 5676104733274 小米科技有限责任公司
708 15279 1800104557616 山花地毯销售有限公司北京分公司
709 16781 1976104894894 北京中视鸿鹏广告有限公司
710 56679 6957104559625 北京科汇加科技发展有限公司
711 70307 8688104499180 国文文化投资（北京）有限公司
712 79274 9808104952621 天地同创商务咨询（北京）有限公司
713 62086 7657104865061 北京伽利奥美数码科技有限公司
714 54625 6704104817155 北京汇力宏业生物科技有限公司
715 15590 1837104716704 北京泰普特线缆有限公司
716 48041 5878104540530 北京华成智云软件有限公司
717 79167 9796104565853 北京时代畅想物业管理有限公司
718 56289 6908104790409 北京阳光视翰科技有限公司
719 57368 7048105034666 北京视酷伟业科技有限公司
720 65021 8029104526568 北京华福神雾工业炉有限公司
721 68948 8520104522447 北京依依亮洁商贸有限公司朝阳分公司
722 9800 1147104474919 北京航天名翰网络科技有限公司
723 11545 1352104598200 厦门国际银行股份有限公司北京分行
724 29321 3502104591489 中国平安财产保险股份有限公司北京市怀柔支公司
725 62692 7737104560948 北京稳固得电子有限公司
726 38596 4684104707224 北京龙熙伟业建筑装饰工程有限公司
727 36605 4422104977153 北京中铁诺德房地产开发有限公司
728 34855 4190104484133 北京瑞乐迪科技有限责任公司
729 38237 4640104559000 北京博扶医药信息咨询有限公司
730 65074 8037104784068 北京北信源软件股份有限公司
731 4474 0533104539032 北京北电华明物业管理有限公司
732 20595 2431104553535 国网物资有限公司
733 40930 5004104775854 北京可恩优势文化传媒有限公司
734 26813 3188104615671 北京北明大成科技有限公司
735 12004 1405104497432 普罗泰新（北京）压缩机有限公司
736 4924 0583105021060 北京鸿程运通物流有限公司
737 76460 9464104546732 北京金五星商贸集团有限公司
738 67991 8391105031456 北京市房山区良乡镇江村经济合作社
739 24610 2922104564288 北京中创天恒自动化设备有限公司
740 33822 4053104661924 中国能源研究会
741 79339 9816104560849 北京北化大投资有限公司
742 41224 5040104558612 北京申洋投资咨询有限公司
743 75602 9344104868521 北京市西单麻辣诱惑餐饮有限公司鲁谷大街店
744 44314 5425104621374 北京旺洋食品有限公司
745 72295 8931104837804 新创机电工程有限公司
746 16108 1894104489625 北京迪蒙特佳工模具技术有限公司
747 12974 1527104510040 北京鑫欣梦达工艺品有限责任公司
748 63755 7870104501016 华能煤业有限公司
749 55423 6802104864419 北京华诚科基教育科技有限责任公司
750 76465 9464104965504 北京思源世纪科贸有限公司
751 69349 8573104608379 北京运通博兴旧机动车经纪有限公司
752 12175 1426104733173 光大永明资产管理股份有限公司
753 76201 9428104488012 北京金捷嘉业机电设备有限公司
754 70957 8769104538858 北京扬子江科贸有限公司
755 32303 3867104499396 北京辰华通运货运代理有限公司
756 39257 4780104622062 北京四合人家餐饮管理有限公司
757 43834 5365104676232 北京天元鸿鼎管理咨询有限公司
758 69049 8533104589273 慧聪商情广告（北京）有限公司
759 22330 2648104561701 北京大陆航星质量认证中心股份有限公司
760 1697 0191104733670 十时十分贸易（北京）有限公司
761 69749 8620104686501 北京天宫空间建筑设计有限公司
762 11489 1344104659653 北京网信通信息技术有限责任公司
763 57888 7112104723808 北京市建林苑化工制品有限公司
764 32553 3895104955793 北京北元电器有限公司
765 52205 6395104851996 北京欧地安科技有限公司
766 49712 6085104502377 北京日祥藤森电机有限公司
767 38344 4652104746811 北京盈盛恒泰科技有限责任公司
768 35273 4243104961647 北京远程快达物流有限公司
769 42622 5209104584702 北京金自天成液压技术有限责任公司
770 10666 1241104672427 国开东方城镇发展投资有限公司
771 52428 6424104954361 北京大唐首邑建筑集团有限责任公司
772 11177 1304104963064 北京金马永恒节能新技术有限公司
773 31679 3792104717396 北京睿奕晟品商贸有限公司
774 23547 2795104739731 北京国浩九州工程设备有限公司
775 66528 8217104832697 北京市房山区霞云岭乡敬老院
776 27725 3300104980067 北京多美视界网络科技有限公司
777 15045 1772104500824 北京链家房地产经纪有限公司
778 48078 5882104774119 北京大正建设监理有限公司
779 37872 4594104489072 北京明大华业科贸有限公司
780 46585 5709104569087 北京世欣资产管理中心
781 25623 3047104752404 北京泰豪智能工程有限公司
782 53696 6589104526001 北京信远博恒检测科技有限责任公司
783 60278 7424104604304 北京车之家信息技术有限公司
784 42618 5209104501998 北京鼎沸人家餐饮管理有限公司
785 76572 9479105023890 北京佑胜绿化服务有限公司
786 73146 9037104497152 北京肥得捞餐饮管理有限公司善缘街餐饮分店
787 25240 2998104759578 北京恒通创新整体房屋组装有限公司
788 50820 6217104503562 神州海德医学技术（北京）有限公司
789 75357 9316104652614 融盛海盈（北京）投资有限公司
790 53594 6577104834949 北京洁丽雅保洁有限公司
791 41937 5125104481126 中核房地产开发有限公司
792 7411 0871104579570 富中海和（北京）进出口贸易有限公司
793 45661 5592104494717 中国电信集团系统集成有限责任公司
794 22914 2722104710470 北京伊锦园清真餐饮有限公司
795 44919 5505104672300 江苏银行股份有限公司北京分行
796 67851 8375104912206 北京凯隆世纪文化传播有限公司
797 64183 7923104558547 北京市煤气热力工程设计院有限公司
798 43050 5261104800562 北京华脉诚信科技有限公司
799 72955 9013104800310 北京东岳物业管理有限责任公司
800 22583 2679104505263 北京艾佛格科技发展有限公司
801 58611 7204104602192 北京紫电捷控电气有限公司
802 58547 7197104667444 北京中电汇声科技有限公司
803 21134 2502104783552 北京亿本房地产开发有限公司
804 44757 5486104527531 北京绿恒科技有限公司
805 24038 2852104991864 北京嘉丽禾餐饮有限公司
806 58173 7150104923227 北京中合信泰投资顾问有限公司
807 61343 7566104480208 北京京禹同创包装制品有限公司
808 52654 6453104833252 北京恒瑞特机电设备有限公司
809 4430 0528104530666 佩尔哲汽车内饰系统（太仓）有限公司北京分公司
810 4578 0544104639584 北京中体骏彩信息技术有限公司
811 24213 2872104990818 北京中兴立资产评估有限公司
812 76603 9483104508817 北京中实信息技术有限公司
813 31177 3734104615948 北京天地合明图书发行有限公司
814 56592 6945104961800 北京市红十字会紧急救援中心
815 56920 6985104658802 北京赛欧科园科技孵化中心有限公司
816 16054 1888104553505 北京京城机电资产管理有限责任公司
817 32057 3837104526569 北京华福神雾工业炉有限公司
818 15270 1799104666574 北京中美荟国际教育咨询有限公司
819 36828 4457104828900 梦腾（北京）投资有限公司
820 59906 7371104709871 北京众智创想文化发展有限公司
821 24473 2905104728423 北京地格规划顾问有限公司
822 68371 8442104796663 北京蓝调雨桐文化艺术有限公司
823 40762 4983104507400 北京华尔骐公路养护有限公司
824 49576 6069104516544 北京鸿业舟科技发展有限公司
825 45017 5515104712091 北京力天神力装卸服务中心
826 46362 5679104577162 索贝运维数码科技（北京）有限公司
827 8766 1024104527034 北京黛英服装服饰有限公司
828 59475 7315104920048 北京天煦德商贸有限公司
829 79523 9838104508187 戴纳索斯（北京）机械有限公司
830 44389 5436104492982 北京环球中鲲投资顾问有限公司
831 52841 6481104701448 北京亚振家具有限公司
832 55969 6874104600563 钢研纳克检测技术有限公司
833 15290 1801104538629 莱宝光学设备（北京）有限公司
834 68820 8505104868440 赛浪汽车科技（北京）股份有限公司
835 47922 5863104485698 北京苏扬永凝机电设备有限公司
836 32562 3897104692856 北京嘉时房地产经纪有限公司
837 15522 1829104713339 北京中百信软件技术有限公司
838 18581 2191104514490 北京中厦投资管理有限公司
839 18399 2169104626284 北京中交华晟科技发展有限公司
840 11804 1379104689319 DTG自动化系统（北京）有限公司
841 53432 6559104783823 北京世田艺建装饰有限公司
842 46391 5682104780564 北京清水泽远设备租赁有限公司
843 70779 8748104884888 北京中科腾宇科技发展有限公司
844 29381 3509104864323 北京文丰晟达商贸有限公司
845 46180 5657104897905 北京平安众贸易有限公司
846 57081 7005104764700 北京美迪天利医疗器械有限公司
847 69915 8640104774145 北京中乐成会计师事务所有限公司
848 46841 5738104566909 东方口岸科技有限公司
849 28866 3439104956198 普拉克环保系统（北京）有限公司
850 35795 4315104507750 北京汇通和泰科技有限公司
851 48913 5990104498922 北京通控电气有限公司
852 6223 0733104561766 北京云顶畅游科技有限责任公司
853 13050 1536104638392 北京市新世纪东方建筑材料有限公司
854 78957 9772104581619 光和通用设备(北京)有限公司
855 71086 8784104489182 北京嘉成基业贸易有限公司
856 17786 2096104610201 世纪融合（北京）科技发展有限公司
857 32106 3843104494958 北京金隅财务有限公司
858 76027 9401104732316 北京鲁远园林绿化有限公司
859 59868 7366104502897 智汇伟业国际医疗科技（北京）有限公司
860 11811 1380104497637 北京中海瑞奇石油技术开发服务有限公司
861 52577 6443104898747 北京国遥新天地信息技术有限公司
862 74026 9149104490909 北京尚唐印刷包装有限公司
863 5753 0678104539033 北京北电华明物业管理有限公司
864 41036 5018104550702 北京鹤延龄药业发展有限公司
865 52218 6397104716696 北京凯利门房地产经纪有限公司
866 20634 2437104564294 北京菱拓电源设备有限公司
867 15888 1869104678523 北京中软国际信息技术有限公司
868 68618 8481104714959 北京辰海高科科技有限公司
869 8998 1053105015559 北京金凯伟业咨询有限公司
870 64338 7942104774993 平顶山市人民政府驻北京联络处
871 16536 1942104830571 中国石油天然气运输公司北京华北分公司
872 77535 9598104535390 北京北方车辆智能装备技术有限公司
873 18429 2172104807927 中国共产党北京市委员会办公厅雅宝大楼管理处
874 48103 5885104689541 万新控股集团有限公司
875 51887 6356104730293 北京新城畅达运输有限公司
876 21981 2606104578624 北京宇信春林园林绿化有限公司
877 50829 6218104553405 北京六福运达文化传媒有限公司
878 3396 0401104472442 北京云鼎弘飞商贸有限公司
879 68782 8502104560085 北京朗睿博才咨询有限公司
880 57293 7038104839194 北京一得阁墨业有限责任公司
881 42771 5226104767468 北京市京南方装饰工程有限公司
882 30609 3662104864464 北京格林吉能源科技有限公司
883 43729 5351104638134 北京君钰彬咨询有限公司
884 76322 9445104502683 北京合鑫合时代物流有限公司
885 46619 5713104847607 北京安和康医药有限公司
886 42920 5246104837412 同方健康科技（北京）股份有限公司
887 17179 2021104587061 北京市兴昌市政工程有限责任公司
888 78581 9727104504804 北京现代汽车有限公司
889 30137 3603104628414 北京鑫诺康桥经贸有限公司
890 456 0052104492024 北京鑫万佳科技发展有限公司
891 20341 2394104652440 北京进步时代科技有限公司
892 39560 4824104631229 北京新联财通咨询有限公司
893 6588 0775104969997 北京温塔热力有限公司
894 40073 4891104600126 聚信互联（北京）科技有限公司
895 60252 7420104851709 华际信息系统有限公司
896 40638 4965104615468 北京西联联合国际石材交易市场有限公司
897 29743 3555104531267 北京舒耐奇科技有限公司
898 58010 7128104652284 北京军合通享物流有限公司
899 25547 3036104690131 北京华晟经世信息技术有限公司
900 41194 5036104606056 中交一公局第一工程有限公司
901 1297 0145104700680 北京天阙建筑设计有限公司
902 37843 4591104517241 北京博睿思迪营销顾问有限公司
903 45374 5555104614019 金银岛（北京）网络科技股份有限公司
904 19260 2269104876472 北京万合佳美皮具有限公司
905 52225 6398104574946 北京盛汇通信工程有限公司
906 68640 8485104751716 北京华德信达通信科技有限公司
907 45794 5608104840367 北京中创建设工程有限公司
908 27070 3217104837353 北京凡元兴科科技有限公司
909 49106 6013104566819 中科软科技股份有限公司
910 47803 5850104576353 北京动力源科技股份有限公司
911 72459 8954104561293 北京中机创杰环境科技股份有限公司
912 72631 8974104951834 北京友缘畅兴汽车维修中心
913 71932 8885104866321 北京医模科技股份有限公司
914 35364 4256104480880 北京瑞宇蓝天节能技术有限公司
915 9807 1148104508439 陕西长之河石油工程有限公司北京工程设计分公司
916 43418 5308104822894 北京信捷国际旅行社有限公司
917 42870 5240104749742 北京康庆顺兴停车管理有限公司
918 45561 5578104506871 北京市阀门总厂（集团）有限公司
919 5600 0661104705338 北京希思腾科智能科技有限公司
920 58560 7198104815457 北京英策长远电子科技有限公司
921 79555 9841104581896 在线途游（北京）科技有限公司
922 70884 8761104485880 北京欣海瑞通科技发展有限公司
923 59708 7345104481239 银谷制药有限责任公司
924 63883 7885104706870 北京永固炜业工贸有限公司
925 77041 9538104562943 北京银行股份有限公司门头沟支行
926 37976 4607104482052 北京艾斯哲科技有限公司
927 11841 1384104720107 北京福田戴姆勒汽车有限公司
928 8031 0942104933658 北京世奇康盛商贸有限公司
929 72482 8956104845825 北京市大兴区金鹤老年护养院
930 62189 7670104881079 北京中都汇宇焊接科技有限公司
931 21086 2497104509239 北京燕宝汽车服务有限公司
932 63330 7814104984403 北京信诚天宇物业管理有限公司
933 58696 7216104576590 北京中科纬图科技有限责任公司
934 27589 3282104865253 中兴森业（北京）科贸有限公司
935 55997 6877104894431 北京中盛浩宇文化传播有限公司
936 4928 0584104581688 北京天恒置业集团有限公司
937 66081 8163104513304 北京圣奥空间家具有限公司
938 24470 2904104880226 北京航峰合顺运输服务有限公司
939 24097 2859104663852 安进医疗科技（北京）有限公司
940 58825 7232104967601 北京塔牌绍兴酒专卖有限公司
941 77973 9652104532475 北京新陆兴业石油技术开发有限公司
942 70956 8769104530473 北京慧行天下国际旅行社有限公司
943 29475 3521104684169 北京恒安永创商贸有限公司
944 63180 7794104583923 北京阳光杰科科技有限公司
945 8843 1032104993695 北京市天虹油墨有限公司
946 28556 3399104502190 北京中治赛瑞科技有限责任公司
947 48474 5933104967567 北京无限点乐科技有限公司第一分公司
948 52071 6380104541230 北京雄越科技发展有限公司
949 30266 3619104686429 北京鑫双特化工有限公司
950 16835 1982104602274 中国铁建电气化局集团有限公司
951 78615 9731104803649 北京开元昌明清洁服务有限公司
952 65028 8030104753600 北京源树景观规划设计事务所
953 52411 6422104529655 北京融商网讯传媒科技有限公司
954 47833 5852105029018 北京耀华兴业科技有限公司
955 42486 5194104717890 北京同盛安电力工程有限公司
956 11260 1313104680667 中国轴承进出口联营公司
957 58982 7252104487410 北京济邦伟业管理咨询有限公司
958 62338 7689104603858 北京盈达园林工程有限公司第一分公司
959 23065 2738104754540 北京易科赛梯景观规划设计有限公司
960 14249 1678104581166 北京卓越联行投资顾问有限公司
961 56800 6972104496095 北京川禹盛宏文化创意有限公司
962 37763 4579104550726 北京龙天陆房地产开发有限公司
963 35435 4267104531876 北京九通物业管理有限公司
964 67764 8366104639885 北京天晓物业管理有限公司三六五酒店管理分公司
965 26718 3177104746948 中科聚联（北京）科技有限公司
966 9130 1068104672963 北京市京昌二次供水有限公司
967 13936 1641104569934 北京特冶工贸有限责任公司
968 44344 5430104657901 北京达世行同驰汽车销售服务有限公司
969 60214 7414104775873 北京汇品传媒广告有限公司
970 4879 0579104494474 密云县放马峪铁矿
971 58183 7151104579764 北京新博凯路商贸有限公司
972 18401 2169104659977 中国文化管理协会艺术研究工作委员会
973 21465 2540104536539 北京朗姿服饰有限公司
974 27622 3286104681504 北京新合作广盛园华夏特产商贸有限公司
975 61434 7579104621375 北京旺洋食品有限公司
976 8600 1007104606205 建峰建设集团股份有限公司
977 41410 5064104494234 康智达数字技术（北京）有限公司
978 77375 9578104566867 北京科兴邦达国际医疗器械有限公司
979 55041 6755104965440 北京瑞兆天成商业管理有限公司
980 48486 5935104638299 北京建德仁和科贸有限公司
981 70348 8693104535503 北京盛通印刷股份有限公司
982 40617 4962104679226 北京普立泰科仪器有限公司
983 55648 6830104613642 北京欧时利家具有限公司
984 64421 7955104482008 北京育强体育才艺幼儿园
985 36904 4466104507115 北京华泽天宏交通建设技术咨询有限公司
986 10920 1273104572375 北京圣洪达业商贸有限公司
987 10863 1265104846344 北京中弘文昌物业管理有限公司
988 65949 8144104852131 北京优贝在线网络科技有限公司
989 44738 5483104507277 北京中电远方电力技术有限公司
990 26793 3186104536798 北京农信银文化传媒有限公司
991 3744 0443104535101 北京新纪元建筑工程设计有限公司
992 1406 0158104899742 北京果实创想影视文化有限公司
993 9848 1152104884163 北京优尔科技有限公司
994 2025 0231104590731 北京中电普华信息技术有限公司
995 40210 4911104513074 北京天隆瑞宸餐饮管理有限公司
996 35521 4278104961591 北京师培网科技有限公司
997 42558 5201104596272 北京路通兴达道路养护有限公司
998 36463 4405104965238 北京大昌庆镇汽车部件有限公司
999 80560 9963104693102 北京中财兄弟科技有限公司
1000 14620 1719104566458 北京中税税务师事务所有限公司
1001 4131 0493104983538 北京长祥盛商贸有限公司
1002 72703 8984104590178 北京金迈视讯科技发展有限公司
1003 25388 3015104489255 五通宏运汽车维修服务（北京）有限公司
1004 39498 4816104532900 北京中创华艺文化传媒有限公司
1005 43564 5329104481949 北京万兴建筑集团有限公司装饰分公司
1006 24789 2944104568033 北京怡正达机械设备有限公司
1007 67246 8302104746477 北京阳明不干胶印刷有限公司
1008 33886 4063105046492 北京市保安服务总公司
1009 50696 6201104757847 北京软谷信息技术有限公司
1010 62453 7703104714492 北京京港盛元贸易有限公司
1011 7298 0860104547092 鼎润百味（北京）食品有限公司
1012 55425 6803104679178 北京韦林意威特工业内窥镜有限公司
1013 24748 2939104523314 北京永康聚格生物科技有限公司
1014 16183 1903104633277 北京市正海律师事务所
1015 59999 7381104731278 北京华夏新桥科技有限公司
1016 60634 7476104524856 北京心光动力文化传媒有限公司
1017 3343 0394104590139 北京晟博隆鸿园林绿化有限公司
1018 70660 8734104817189 北京前视远景科技有限公司
1019 79056 9784104990686 北京安居物业管理有限公司第一分公司
1020 3073 0361104829477 北京海名汇博会展有限公司
1021 59241 7286104478846 北京亿科天元信息技术有限公司
1022 15477 1823104567967 北京海科康威科技有限公司
1023 58932 7244104819440 北京中企建发监理咨询有限公司
1024 54440 6682104889632 北京宇通物流有限公司
1025 16996 1999104962971 北京科利通技术有限公司
1026 11617 1359104621974 北京北变智达科技有限公司
1027 25597 3044104764570 北京阳光运隆物流有限公司
1028 21225 2511104794858 北京鸿昌百贸易有限公司
1029 53925 6620104730486 天港合易（北京）规划设计有限公司
1030 79699 9859104621499 北京易才人力资源顾问有限公司
1031 40913 5003104495255 科海思（北京）科技有限公司
1032 55327 6791104831592 北京博瑞思特展览有限公司
1033 33866 4060104630989 北京恒盛信达通讯技术有限公司
1034 66218 8180104700676 北京万世盛达汽车租赁有限公司
1035 48761 5970104981380 一九零五（北京）网络科技有限公司
1036 33223 3976104479932 安捷诚栋国际集成房屋（北京）有限公司
1037 16150 1898104608265 北京同步信科软件有限公司
1038 4207 0504104614613 北京欧瑞海锋科技有限公司
1039 74187 9168104658314 北京君奥达汽车销售服务有限公司
1040 66977 8273104539077 北京精一强远科技有限公司
1041 24464 2903104836695 北京四达创杰环境工程有限公司
1042 32063 3838104488137 北京久雅酒店管理有限公司
1043 74888 9257104892031 北京安泰佳信建设工程有限责任公司第二分公司
1044 45187 5533104890380 中兴华瑞（北京）投资管理有限公司
1045 77293 9568104534934 今麦郎饮品股份有限公司
1046 26827 3189104962402 北京玖益工程咨询有限公司
1047 65947 8144104714473 北京腾翔永盛商贸有限公司
1048 66689 8235104706215 北京信怡卓越科贸有限责任公司
1049 61057 7527105018093 北京太阳宏港投资有限公司
1050 55734 6839104934149 北京国都信通信息技术有限公司
1051 39215 4775104565470 北京市德奥达旧机动车经纪有限公司
1052 46649 5717104528922 北京华彬国际大厦有限公司
1053 1504 0169104552103 北京鑫诚伟博科技有限公司
1054 11548 1352104831650 江川金融服务股份有限公司
1055 25736 3059104746164 北京北方润泽广告有限公司
1056 57226 7029104697572 北京智愚嘉业软件科技有限公司
1057 47303 5789104774443 北京东方中远市政工程有限责任公司
1058 65904 8138104539872 北京兴华会计师事务所（特殊普通合伙）
1059 43219 5283104634858 北京京师优享教育科技有限公司
1060 31948 3824104997914 北京驾驭精准传媒广告有限公司
1061 80039 9899104681775 北京建黎铝门窗幕墙有限公司
1062 46021 5637104610299 北京市通州区梨园地区小街三队村民委员会
1063 60808 7499104964472 北京恒洋伟业展览展示有限公司
1064 51844 6350104835239 北京华诚未来建设工程有限公司
1065 21541 2550104876504 北京国泰福元百货有限公司
1066 32817 3928104558878 北京光音盛世信息技术有限公司
1067 21559 2552104833544 中国人民解放军海军第三招待所京海分所
1068 39376 4797104579043 北京宏景世纪软件股份有限公司
1069 48269 5906104537147 北京博瑞祥云汽车销售服务有限公司
1070 26776 3184104492894 北京中科联教科技有限公司
1071 44484 5448104577294 北京佳印盛达印刷技术有限公司
1072 79983 9892104714364 北京众合领航教育咨询有限责任公司
1073 77320 9571104484465 北京市西城区悦群社会工作事务所
1074 12079 1415104834652 中安消技术有限公司
1075 59455 7313104678956 泓源环保科技有限公司
1076 27178 3230104656801 北京翰海货运有限公司
1077 21436 2536104790747 北京博达泓翼公关策划有限公司
1078 13746 1618104590768 北京燕英捷燕顺捷汽车销售服务有限公司
1079 57994 7126104526487 恒泰证券股份有限公司北京南滨河路证券营业部
1080 71015 8777104531921 宝辉阳（北京）灯饰有限公司
1081 26516 3153104734044 利星行（北京）汽车有限公司
1082 39755 4850104736530 北京中科森德科技发展有限公司
1083 41014 5015104484579 北京东方联星科技有限公司
1084 79038 9782104575832 北京红棕熊艺念影视文化工作室
1085 40484 4946104589603 北京五彩石广告有限公司
1086 75110 9285104836459 北京伟业恒信不锈钢材料有限公司
1087 53824 6607104523232 北京蓝石致远投资有限公司
1088 22319 2647104472289 北京艾科迈新能源科技有限公司
1089 40482 4946104547126 北京杰锐会展有限公司
1090 72381 8944104546602 北京新帅建筑工程有限公司
1091 66767 8247104532485 北京孚仑达信息咨询有限公司
1092 31093 3720105016360 北京奥德行丰田汽车销售服务有限公司
1093 41835 5114104501603 北京中科用通减振技术有限公司
1094 42239 5166104642041 北京筑信易通科技发展有限公司
1095 67784 8368104765836 北京环宇京辉京城气体科技有限公司
1096 59289 7292104494978 北京博知四方图书有限公司
1097 52102 6383104961807 北京马大姐食品有限公司
1098 23044 2736104564065 北京星光阳印刷技术开发有限公司
1099 23646 2805105031435 北京博远创先实验室技术有限公司
1100 44476 5446104949937 北京维佳物业管理有限责任公司
1101 5268 0621104771929 北京华夷通文化咨询有限公司
1102 26572 3158104733745 中天伯鸿投资顾问（北京）有限公司
1103 18420 2172104481366 北京普彩科技有限公司
1104 34281 4116104750452 北京国研数通软件技术有限公司
1105 11251 1312104733696 北京天时恒生商贸有限公司
1106 40079 4891104890830 天弘创新资产管理有限公司
1107 50176 6140104502434 北京三聚创洁科技发展有限公司
1108 70271 8682104789450 北京威速科技有限公司
1109 32939 3941104701350 北京汇通时光科技发展有限公司
1110 79405 9823104758305 北京力方凡图数码科技有限公司
1111 35791 4314104936782 滕氏工贸发展有限公司
1112 33557 4016104895173 北京惠通华远国际会展中心有限公司
1113 7911 0929104562510 电信科学技术仪表研究所
1114 53051 6510104731579 迈恩德（北京）电子有限公司
1115 5433 0638104714101 拉扎斯网络科技（上海）有限公司北京分公司
1116 40285 4921104671014 北京九合尚品科技有限公司
1117 5008 0591104804523 北京爱博广告有限公司
1118 62617 7725104933765 北京特亮光电科技有限公司
1119 11360 1325104980302 广州震雄装饰工程有限公司北京分公司
1120 27278 3243104490729 中国电子工程设计院
1121 59840 7361104773548 北京人在旅途投资管理有限公司
1122 80087 9905104803863 北京中北博健科贸有限公司
1123 79741 9866104488863 北京佳捷翔货运代理有限公司
1124 56735 6963104789446 中国世纪新城投资集团有限公司
1125 40856 4995104870830 国内贸易工程设计研究院
1126 13392 1578104829382 北京天金石油销售有限公司
1127 38148 4629104684125 北京中科博联环境工程有限公司
1128 35081 4217104870884 北京澄怀科技有限公司
1129 25142 2988104570169 北京山水泰禾科技发展有限公司
1130 166 0017105006604 北京鲁能物业服务有限责任公司
1131 55923 6868104491507 北京中科富邦医疗设备有限公司
1132 79238 9804104639524 北京冠群金辰软件有限公司
1133 70947 8767104540532 北京华成智云软件有限公司
1134 13518 1591105022315 天美健生物科技（北京）股份有限公司
1135 65747 8118104481846 北京世纪海森防水材料有限公司
1136 80791 9992104496955 国都证券股份有限公司
1137 21335 2524104697989 北京牛建建筑集团有限公司
1138 6733 0791104598821 北京中拓创新科技有限公司
1139 67788 8369104501167 北京中源瑞通商贸有限公司
1140 406 0046104515138 北京蓝天建设有限公司
1141 24934 2962104611622 北京联想利泰软件有限公司
1142 64399 7951104801095 北京名道恒通信息技术有限公司
1143 70226 8676104607421 北京朗格腾龙科技有限公司
1144 41924 5123104602848 北京龙尚广源商贸有限公司
1145 36590 4421104783088 北京金索坤运输有限公司
1146 33210 3974104490284 保定建业集团有限公司北京房山分公司
1147 23182 2753104585059 北京八宝地文化传播有限公司
1148 69631 8606104481439 北京格雷时尚科技有限公司
1149 36807 4453105032451 北京伟达中医肿瘤医院有限公司工会委员会
1150 27500 3269104840196 北京安赛博技术有限公司
1151 54282 6664104566715 北京瑞德联盟房地产估价有限公司
1152 70332 8691104667329 北京市文化产业小额贷款股份有限公司
1153 11685 1367104664463 北京恒远恒信科技发展有限公司
1154 77214 9559104741657 北京科瑞康医疗仪器有限公司
1155 65483 8086104795134 北京倍思科高真空技术有限公司
1156 6028 0708104502890 北京汉恩国际装饰设计有限公司
1157 27677 3293104553282 北京中兴天元投资管理有限公司
1158 42532 5199104546437 闪联信息技术工程中心有限公司
1159 74272 9179104611791 北京汇元网科技股份有限公司
1160 78705 9743104585330 北京匠心置业有限公司
1161 1931 0221104672030 国测地理信息科技产业园集团有限公司
1162 15096 1779104578868 北京瑞隆祥模具有限公司
1163 45130 5527104914491 通宇工程有限责任公司
1164 32773 3923104696688 北京广信盈科技术有限公司
1165 23482 2788104573932 北京宝利中电子技术开发有限责任公司
1166 37400 4529104699073 北京上地四方汽车销售服务有限公司
1167 43457 5314104497091 北京翼骑兵网络科技有限公司
1168 75239 9299104816896 北京飙莎工贸有限公司
1169 68150 8413104492297 北京嘉业天兴路桥养护有限公司
1170 5488 0647104767641 北京京客隆首超商业有限公司
1171 18951 2233104706785 北京方正世纪信息系统有限公司
1172 79121 9791104523399 北京瑞亚阳光科技有限公司
1173 75675 9355104496088 北京奇迹光通科技有限公司
1174 10955 1277104921973 北京瀛正日尚装饰装璜有限公司
1175 2345 0273104576964 北京朝林置业有限公司第二房屋租赁分公司
1176 76287 9439104575087 北京航天博业科技发展有限公司
1177 9861 1153104882341 北京同仁堂药材有限责任公司
1178 37817 4586105006862 北京天罡星机械设备租赁有限公司
1179 20145 2373104498315 五洲大通（北京）科技有限公司
1180 7646 0896104751880 北京天骐卓越企业管理咨询有限公司
1181 71056 8781104568754 北京经典格律科技发展有限公司
1182 49364 6044104587174 北京达泰宏业房地产经纪有限公司
1183 78488 9713104705612 北京集东建设工程监理有限责任公司
1184 26731 3179104513786 新湖财富投资管理有限公司
1185 66437 8204104731961 北京紫荆视通科技有限公司
1186 67554 8340104680304 机械科学研究院工程机械军用改装车试验场
1187 74579 9216104684813 北京军荣伟业信息技术有限公司
1188 28882 3441104552172 北京蒙牛宏达乳制品有限责任公司
1189 59720 7347104494556 北京华泰昌汽车贸易有限公司
1190 53114 6518104504376 北京英龙华辰科技有限公司
1191 59650 7337104557165 北京市第五建筑工程集团有限公司
1192 13308 1568104579169 中昂地产（集团）有限公司
1193 69929 8641104970057 北京市朝阳区爱迪幼儿园
1194 79321 9814104529595 北京希倍佳科贸有限公司
1195 9839 1152104502166 北京华伟汇腾汽车技术有限公司
1196 19269 2270104635819 北京海融云智软件有限公司
1197 37454 4537104831152 北京康汇佳食品有限公司
1198 18442 2174104730170 北京科亿宏华油气技术有限公司
1199 80037 9899104565985 北京启明信源电力工程有限公司
1200 70599 8727104627772 北京科实同利环境工程技术有限公司