1 1 0013104889577 和创新天(北京)环保科技有限公司
2 2 0023104880282 北京龙元建筑工程管理有限公司
3 3 0027104910427 北京科城大厦
4 4 0033104822521 北京北大纵横管理咨询有限责任公司
5 5 0063104904684 沃水金禾（北京）机电设备有限公司
6 6 0070104828671 北京中盛天创科技发展有限公司
7 7 0077104889661 北京德风广行建材有限公司
8 8 0090104833420 北京京南海科普文化传播有限公司
9 9 0096104833471 北京达实德润能源科技有限公司
10 10 0100104876082 北京恒轩众达汽车技术有限公司
11 11 0125104846718 北京掌阅科技有限公司
12 12 0126104878064 荷兰哈萨克斯坦国家石油天然气财务公司北京代表处
13 13 0145104915545 中国兵器装备集团公司
14 14 0154104819391 北京百合建业建筑工程有限公司
15 15 0155104830756 北京路鹏达市政工程有限责任公司
16 16 0160104861686 北京惠博普能源技术有限责任公司
17 17 0168104799037 北京普地兰科技有限公司
18 18 0183104813835 北京市通州区梨园地区东总屯村民委员会
19 19 0183104826800 北京特奇酒屋有限公司
20 20 0214104907463 志成凌云（北京）科技有限公司
21 21 0229104875600 北京爱奇艺科技有限公司
22 22 0239104807010 北京广爱欣电器设备安装技术有限责任公司第四分公司
23 23 0257104840622 北京中铁富红保洁服务有限责任公司第一分公司
24 24 0263104846035 北京增方源金刚石材料有限公司
25 25 0278104915820 北京海派奥特经贸有限公司
26 26 0327104880553 北京春海建设发展有限公司
27 27 0341104852827 北京中鸿隆盛工程咨询有限公司
28 28 0351104880104 北京华安保信息技术有限公司
29 29 0367104822753 北京志诚行建筑装饰有限公司
30 30 0410104899039 北京太宇国际航空服务有限责任公司
31 31 0421104882994 北京铂亭柯建筑装饰有限公司
32 32 0432104802522 北京佳华泰科技有限公司
33 33 0484104790226 北京伊普国际水务有限公司
34 34 0498104846715 北京掌阅科技有限公司
35 35 0502104839386 北京中柏创业化工产品有限公司
36 36 0513104915535 中国兵器装备集团公司
37 37 0520104864071 北京华盛福源汽车销售服务有限公司
38 38 0523104825978 长安通信科技有限责任公司
39 39 0524104908216 北京波士通达汽车销售服务有限公司
40 40 0527104875587 北京爱奇艺科技有限公司
41 41 0556104880223 北京奥之通科技发展有限公司
42 42 0566104817329 丰田汽车金融（中国）有限公司
43 43 0572104915530 中国兵器装备集团公司
44 44 0613104840489 北京希福电气安装工程有限公司
45 45 0613104864654 北京维通利电气有限公司
46 46 0616104899186 北京华戎创世石油化工控股有限公司
47 47 0627104830874 北京联信永益信息技术有限公司
48 48 0627104884113 北京康比特体育科技股份有限公司
49 49 0638104915546 中国兵器装备集团公司
50 50 0641104868729 北京汉今国际文化发展有限公司
51 51 0654104912377 拓速乐汽车销售（北京）有限公司
52 52 0663104910649 北京沁翠苑酒店有限公司海淀颐和园路二分公司
53 53 0664104906208 中国航天科技集团公司第一研究院航天幼儿园
54 54 0695104912406 北京海石花实业开发公司
55 55 0699104912404 北京海石花实业开发公司
56 56 0711104787587 北京布衣鼎盛建筑劳务有限公司
57 57 0716104802614 北京乾顺隆达工贸有限公司
58 58 0721104877730 北京天予世纪劳务服务有限公司
59 59 0736104893081 北京星灿科技开发有限责任公司
60 60 0740104817328 丰田汽车金融（中国）有限公司
61 61 0754104861689 北京惠博普能源技术有限责任公司
62 62 0764104868314 北京宝希迪商贸有限公司
63 63 0778104834266 北京世纪天美商业运营管理有限公司
64 64 0783104875892 北京中联京电电力工程有限责任公司
65 65 0793104839948 北京振利建筑工程有限责任公司
66 66 0795104913147 北京新亚天影科技发展有限公司
67 67 0802104864169 北京北方泊头除尘设备有限公司
68 68 0805104880072 梅赛德斯-奔驰租赁有限公司
69 69 0814104846733 恺王科技（北京）有限公司
70 70 0817104880076 梅赛德斯-奔驰租赁有限公司
71 71 0825104908219 北京波士通达汽车销售服务有限公司
72 72 0831104828682 北京中盛天创科技发展有限公司
73 73 0836104912382 拓速乐汽车销售（北京）有限公司
74 74 0855104822574 北京中铁建工物资有限公司
75 75 0861104896708 北京盛世越超建筑工程有限公司
76 76 0867104880073 梅赛德斯-奔驰租赁有限公司
77 77 0868104880833 北京暴风科技股份有限公司
78 78 0904104879079 芬兰辛创有限公司北京代表处
79 79 0905104856841 中豪（北京）律师事务所
80 80 0905104885221 北京海润嘉汽车销售服务有限公司
81 81 0914104833282 北京欣欣陆岩印刷技术研究中心
82 82 0914104872984 丰台区太平桥街道顺驰蓝调社区卫生服务站
83 83 0923104868728 北京汉今国际文化发展有限公司
84 84 0943104884122 北京康比特体育科技股份有限公司
85 85 0998104915551 中国兵器装备集团公司
86 86 1001104854398 北京航盛新能科技有限公司
87 87 1021104817312 丰田汽车金融（中国）有限公司
88 88 1023104813459 北京市津威康达医疗器械有限公司
89 89 1030104830878 北京联信永益信息技术有限公司
90 90 1066104807793 北京金驰之星商贸有限公司
91 91 1073104912171 北京中康华力医疗器械有限公司
92 92 1088104875586 北京爱奇艺科技有限公司
93 93 1090104887907 北京外环香缘环保设备有限公司
94 94 1108104900905 北京市海淀区金乐学培训学校
95 95 1117104800593 北京华脉诚信科技有限公司
96 96 1126104817766 北京健安诚岩土工程有限公司
97 97 1126104875611 北京龙腾达混凝土有限公司
98 98 1127104825979 长安通信科技有限责任公司
99 99 1135104895508 北京慧清科技有限公司
100 100 1145104918266 北京瑞康慈航科技服务有限公司
101 101 1155104850243 北京佰果聚商贸有限公司
102 102 1165104890838 天弘创新资产管理有限公司
103 103 1167104822398 钱林恒兴（北京）科技有限公司
104 104 1186104834163 北京中超伟业信息安全技术有限公司
105 105 1187104884116 北京康比特体育科技股份有限公司
106 106 1195104867629 厦门航空有限公司北京分公司
107 107 1196104882806 北京双圆工程咨询监理有限公司
108 108 1203104880071 梅赛德斯-奔驰租赁有限公司
109 109 1221104862894 北京东方绮丽服装服饰有限责任公司
110 110 1222104846716 北京掌阅科技有限公司
111 111 1244104849202 北京飞龙瑞商贸有限公司
112 112 1257104828676 北京中盛天创科技发展有限公司
113 113 1260104882812 北京双圆工程咨询监理有限公司
114 114 1268104875560 北京爱奇艺科技有限公司
115 115 1270104849807 北京慈福公益基金会
116 116 1272104826450 北京鄂尔多斯创展服装有限公司
117 117 1289104831432 北京卡兰度服饰有限公司
118 118 1296104835153 北京赛尔克瑞特电工有限公司
119 119 1312104898984 北京俊望律师事务所
120 120 1313104862886 北京东方绮丽服装服饰有限责任公司
121 121 1322104855542 北京万泰金艺文化传媒有限责任公司
122 122 1325104915554 中国兵器装备集团公司
123 123 1330104864667 北京维通利电气有限公司
124 124 1330104914990 北京光彩公益基金会
125 125 1349104818251 北京平安阳光高尔夫运动管理有限公司
126 126 1355104828707 北京中盛天创科技发展有限公司
127 127 1358104832055 北京磐炎石材有限公司
128 128 1364104882804 北京双圆工程咨询监理有限公司
129 129 1369104817322 丰田汽车金融（中国）有限公司
130 130 1369104875605 北京爱奇艺科技有限公司
131 131 1372104924820 北京翻译研修学院
132 132 1374104828679 北京中盛天创科技发展有限公司
133 133 1392104862592 北京扬仁网络科技有限公司
134 134 1411104861685 北京惠博普能源技术有限责任公司
135 135 1418104890190 北京璜冠圣达装饰工程有限责任公司
136 136 1423104817327 丰田汽车金融（中国）有限公司
137 137 1425104890191 北京璜冠圣达装饰工程有限责任公司
138 138 1425104890660 北京敦煌飞天商贸大厦
139 139 1433104798523 北京天越门窗制造有限公司
140 140 1447104855075 中国人民财产保险股份有限公司
141 141 1449104817335 丰田汽车金融（中国）有限公司
142 142 1456104826454 北京鄂尔多斯创展服装有限公司
143 143 1471104822519 北京北大纵横管理咨询有限责任公司
144 144 1474104826448 北京鄂尔多斯创展服装有限公司
145 145 1477104825980 长安通信科技有限责任公司
146 146 1487104856941 北京好利来工贸有限公司
147 147 1493104880042 梅赛德斯-奔驰租赁有限公司
148 148 1533104818055 北京邵青汽车服务有限公司
149 149 1534104822520 北京北大纵横管理咨询有限责任公司
150 150 1549104828672 北京中盛天创科技发展有限公司
151 151 1552104905443 航天神舟投资管理有限公司
152 152 1555104798518 北京天越门窗制造有限公司
153 153 1562104910868 北京恒信信恒建筑装饰材料商贸中心
154 154 1579104830760 北京路鹏达市政工程有限责任公司
155 155 1579104913235 京能电力后勤服务有限公司北京分公司
156 156 1591104864068 北京华盛福源汽车销售服务有限公司
157 157 1595104908224 北京波士通达汽车销售服务有限公司
158 158 1603104877707 北京天利翔源汽车销售服务有限公司
159 159 1626104839657 北京百富天房地产经纪有限责任公司
160 160 1628104919756 北京联袂义齿技术有限公司
161 161 1633104831835 北京同思佳创电子技术有限公司
162 162 1634104828371 北京朝立新人防工程防护设备有限公司
163 163 1645104831339 北京达源利能科技有限公司
164 164 1655104830766 北京路鹏达市政工程有限责任公司
165 165 1667104822575 北京中铁建工物资有限公司
166 166 1675104875590 北京爱奇艺科技有限公司
167 167 1676104856179 北京市权达律师事务所
168 168 1685104884083 北京康比特体育科技股份有限公司
169 169 1688104828678 北京中盛天创科技发展有限公司
170 170 1690104879757 北京荣景天悦电力设备安装有限公司
171 171 1701104933720 中外运－敦豪国际航空快件有限公司北京分公司
172 172 1722104830753 北京路鹏达市政工程有限责任公司
173 173 1738104819423 北京明弘科贸有限责任公司
174 174 1744104890928 北京金茂永勤财务咨询有限公司
175 175 1751104823512 北京宏大智邦装饰有限责任公司
176 176 1759104825977 长安通信科技有限责任公司
177 177 1763104817338 丰田汽车金融（中国）有限公司
178 178 1764104828675 北京中盛天创科技发展有限公司
179 179 1776104875891 北京中联京电电力工程有限责任公司
180 180 1793104798987 北京极富房地产开发有限公司
181 181 1795104910465 北京南航地面服务有限公司
182 182 1804104920843 北京普雷创新文化传播有限公司
183 183 1806104911057 北京嘉润通力科技有限公司
184 184 1818104879773 金乐伟业（北京）商贸有限公司
185 185 1837104886959 北京尚善厚德教育科技有限公司
186 186 1845104836919 北京山牛装卸有限责任公司
187 187 1846104805307 北京首科万业物业管理有限公司
188 188 1857104880108 北京华安保信息技术有限公司
189 189 1864104910797 北京敦华石油技术有限公司
190 190 1873104799006 北京富源盛达房地产开发有限公司
191 191 1877104826457 北京鄂尔多斯创展服装有限公司
192 192 1878104801346 中国教育后勤协会
193 193 1882104889038 北京汇丰合利国际商贸有限公司
194 194 1895104822518 北京北大纵横管理咨询有限责任公司
195 195 1909104817331 丰田汽车金融（中国）有限公司
196 196 1916104817323 丰田汽车金融（中国）有限公司
197 197 1927104907483 北京金融街国际酒店有限公司
198 198 1950104827738 北京中清龙图网络技术有限公司
199 199 1956104862891 北京东方绮丽服装服饰有限责任公司
200 200 1957104933716 中外运－敦豪国际航空快件有限公司北京分公司
201 201 1967104830761 北京路鹏达市政工程有限责任公司
202 202 1986104899657 北京奥尚国际物流有限公司
203 203 1991104830759 北京路鹏达市政工程有限责任公司
204 204 2001104908269 北京池玖园林工程有限公司
205 205 2002104833358 北京市皮鞋厂
206 206 2023104914829 北京盛唐传扬国际企业策划有限公司
207 207 2028104799007 北京富源盛达房地产开发有限公司
208 208 2034104892252 北京亨利源通商贸有限公司
209 209 2038104882873 北京融智惠科投资顾问有限公司
210 210 2044104808009 北京网域达科技有限公司
211 211 2051104882815 北京双圆工程咨询监理有限公司
212 212 2051104884107 北京康比特体育科技股份有限公司
213 213 2056104862893 北京东方绮丽服装服饰有限责任公司
214 214 2060104862890 北京东方绮丽服装服饰有限责任公司
215 215 2069104908209 北京波士通达汽车销售服务有限公司
216 216 2072104882827 北京市岳成律师事务所
217 217 2083104829295 北京京运盛通物业管理有限公司
218 218 2108104817314 丰田汽车金融（中国）有限公司
219 219 2109104910440 北京龙祥昕天地电子科技有限公司
220 220 2115104901818 北京市大兴区京军医院
221 221 2128104826447 北京鄂尔多斯创展服装有限公司
222 222 2154104908205 北京波士通达汽车销售服务有限公司
223 223 2158104878716 北京建业创源设备安装工程有限公司
224 224 2169104828705 北京中盛天创科技发展有限公司
225 225 2172104850735 北京德林缘科技有限公司
226 226 2172104907005 北京跨世纪乔鸿建设工程有限公司
227 227 2188104839548 北京佰联建筑设计有限公司
228 228 2190104802774 北京海之沃汽车服务有限公司
229 229 2192104839388 北京中柏创业化工产品有限公司
230 230 2195104907165 北京江海电气安装有限公司
231 231 2214104856711 北京碧盛食品有限责任公司
232 232 2226104908212 北京波士通达汽车销售服务有限公司
233 233 2228104884082 北京康比特体育科技股份有限公司
234 234 2233104875869 北京通和盛远汽车贸易有限公司
235 235 2236104839389 北京中柏创业化工产品有限公司
236 236 2236104908527 北京永诚鸿鑫广告图文设计有限公司
237 237 2265104910466 北京南航地面服务有限公司
238 238 2301104905853 北京市海勤律师事务所
239 239 2308104791111 北京智明恒石油科技股份有限公司
240 240 2323104864657 北京维通利电气有限公司
241 241 2324104854893 北京世锦科技有限公司
242 242 2332104880082 梅赛德斯-奔驰租赁有限公司
243 243 2354104822379 北京市腾飞汽车服务有限公司
244 244 2358104884579 北京祥恒德侍科技有限公司
245 245 2359104806420 北京力川国际商务酒店有限公司
246 246 2376104857353 北阀科技集团股份有限公司
247 247 2378104829546 北京东方大源非织造布有限公司
248 248 2381104862887 北京东方绮丽服装服饰有限责任公司
249 249 2388104817317 丰田汽车金融（中国）有限公司
250 250 2401104908210 北京波士通达汽车销售服务有限公司
251 251 2409104887398 北京市平谷区马坊镇老年协会
252 252 2412104830752 北京路鹏达市政工程有限责任公司
253 253 2413104884110 北京康比特体育科技股份有限公司
254 254 2441104890662 北京敦煌飞天商贸大厦
255 255 2444104904801 北京金诺长盛商贸有限公司
256 256 2462104880083 梅赛德斯-奔驰租赁有限公司
257 257 2468104878026 北京京园诚得信工程管理有限公司
258 258 2471104840490 北京希福电气安装工程有限公司
259 259 2473104862898 北京东方绮丽服装服饰有限责任公司
260 260 2478104861690 北京惠博普能源技术有限责任公司
261 261 2487104826442 北京鄂尔多斯创展服装有限公司
262 262 2491104913561 北京市圆融律师事务所
263 263 2498104875596 北京爱奇艺科技有限公司
264 264 2503104915556 中国兵器装备集团公司
265 265 2521104907614 北京市昌平区幸福童年幼儿园
266 266 2527104913195 北京中鼎恒业科技有限公司
267 267 2546104852908 北京中建华辰建筑安装有限公司
268 268 2562104890192 北京璜冠圣达装饰工程有限责任公司
269 269 2585104890661 北京敦煌飞天商贸大厦
270 270 2589104813458 北京市津威康达医疗器械有限公司
271 271 2616104830622 中悦浦利莱环保科技有限公司
272 272 2632104800592 北京华脉诚信科技有限公司
273 273 2655104908214 北京波士通达汽车销售服务有限公司
274 274 2661104907505 北京金融街国际酒店有限公司
275 275 2687104830879 北京联信永益信息技术有限公司
276 276 2689104915671 北京韦德意尔科技发展有限公司
277 277 2694104852474 中科筑诚建设工程有限公司
278 278 2694104862885 北京东方绮丽服装服饰有限责任公司
279 279 2712104889827 北京众橙世纪传媒技术有限公司
280 280 2718104822577 北京中铁建工物资有限公司
281 281 2740104910464 北京南航地面服务有限公司
282 282 2761104861684 北京惠博普能源技术有限责任公司
283 283 2762104830764 北京路鹏达市政工程有限责任公司
284 284 2788104912503 汇智泰康生物技术（北京）有限公司
285 285 2798104875597 北京爱奇艺科技有限公司
286 286 2835104822569 北京中铁建工物资有限公司
287 287 2840104913591 日产（中国）投资有限公司
288 288 2848104847742 北京金通远广厦建筑工程有限公司
289 289 2864104882814 北京双圆工程咨询监理有限公司
290 290 2873104880105 北京华安保信息技术有限公司
291 291 2875104904819 比安奇自行车（北京）有限公司
292 292 2877104880037 梅赛德斯-奔驰租赁有限公司
293 293 2885104899877 北京梦想之音休闲娱乐有限公司
294 294 2894104880835 北京暴风科技股份有限公司
295 295 2895104798546 北京天越门窗制造有限公司
296 296 2911104880041 梅赛德斯-奔驰租赁有限公司
297 297 2915104868338 北京海之沃汽车服务有限公司
298 298 2915104880247 北京隆安德建筑工程有限公司
299 299 2921104855228 北京市红十字会紧急救援中心
300 300 2922104821994 北京东润明珠物业管理有限责任公司
301 301 2929104889964 北京华捷宇泰科技有限公司
302 302 2937104798521 北京天越门窗制造有限公司
303 303 2941104884115 北京康比特体育科技股份有限公司
304 304 2953104826449 北京鄂尔多斯创展服装有限公司
305 305 2957104875594 北京爱奇艺科技有限公司
306 306 2966104817318 丰田汽车金融（中国）有限公司
307 307 2971104833209 北京翰博瑞强医药信息咨询有限公司
308 308 2986104862897 北京东方绮丽服装服饰有限责任公司
309 309 2988104907479 北京金融街国际酒店有限公司
310 310 2998104865119 北京市世方永泰律师事务所
311 311 2999104833465 北京博客空间数码科技有限公司
312 312 3005104878215 北京中通讯杰通信工程有限公司
313 313 3007104853039 北京添彩嘉业商贸有限公司
314 314 3009104829361 北京市大兴区乒乓球俱乐部
315 315 3013104907480 北京金融街国际酒店有限公司
316 316 3014104862900 北京东方绮丽服装服饰有限责任公司
317 317 3033104875595 北京爱奇艺科技有限公司
318 318 3037104881996 北京宏华电器有限公司
319 319 3039104798545 北京天越门窗制造有限公司
320 320 3053104875561 北京爱奇艺科技有限公司
321 321 3058104908208 北京波士通达汽车销售服务有限公司
322 322 3064104834597 北京西默勒电气设备有限公司
323 323 3076104815150 北京星网信通教育科技有限公司
324 324 3082104852616 北京市国睿律师事务所
325 325 3082104901264 北京永信华轩科技发展有限公司
326 326 3092104888533 北京市丹斯克国际投资有限公司
327 327 3092104914608 北京链家房地产经纪有限公司
328 328 3096104834496 多立恒（北京）能源技术有限公司
329 329 3096104915542 中国兵器装备集团公司
330 330 3101104826443 北京鄂尔多斯创展服装有限公司
331 331 3105104818249 北京平安阳光高尔夫运动管理有限公司
332 332 3116104907506 北京金融街国际酒店有限公司
333 333 3121104889876 北京航天正通汽车销售服务有限公司
334 334 3124104890544 北京浩华志洋机电设备安装工程有限公司
335 335 3131104793190 北京佰艺日盛建筑工程设计有限公司
336 336 3145104894704 北京金诺恒通科技有限公司
337 337 3146104880757 北京万事利达建设发展有限公司
338 338 3156104872689 北京美味宫食品有限公司
339 339 3156104880085 梅赛德斯-奔驰租赁有限公司
340 340 3180104874800 千里途安（北京）汽车俱乐部有限公司
341 341 3221104861687 北京惠博普能源技术有限责任公司
342 342 3222104839391 北京中柏创业化工产品有限公司
343 343 3227104822578 北京中铁建工物资有限公司
344 344 3227104885100 北京亚太物流中心有限公司
345 345 3242104803631 北京金视共赢广告有限公司
346 346 3242104877706 北京天利翔源汽车销售服务有限公司
347 347 3256104854125 北京富盛嘉远国际贸易有限公司
348 348 3258104889578 和创新天(北京)环保科技有限公司
349 349 3258104919964 北京新国信软件评测技术有限公司
350 350 3260104868733 北京汉今国际文化发展有限公司
351 351 3269104895602 北京融都国际货运代理有限公司
352 352 3278104884119 北京康比特体育科技股份有限公司
353 353 3288104880078 梅赛德斯-奔驰租赁有限公司
354 354 3300104826446 北京鄂尔多斯创展服装有限公司
355 355 3303104895938 北京王刚律师事务所
356 356 3327104848724 北京百灵鸟装饰工程有限公司
357 357 3330104880080 梅赛德斯-奔驰租赁有限公司
358 358 3331104818252 北京平安阳光高尔夫运动管理有限公司
359 359 3333104910850 北京鼎彩嘉印商务服务有限公司
360 360 3340104817458 北京概念久芭文化发展有限公司
361 361 3343104880609 北京华盛昌百旺汽车贸易有限公司
362 362 3357104908229 北京波士通达汽车销售服务有限公司
363 363 3360104880719 福祺通商（北京）食品有限公司
364 364 3380104915552 中国兵器装备集团公司
365 365 3382104830329 天津融创物业管理有限公司北京分公司
366 366 3390104849089 民航机场（成都）电子工程设计所北京分所
367 367 3403104908204 北京波士通达汽车销售服务有限公司
368 368 3404104908222 北京波士通达汽车销售服务有限公司
369 369 3438104889416 北京活力康源科技有限公司
370 370 3465104861399 北京耘木雨桐文化传播有限公司
371 371 3466104915550 中国兵器装备集团公司
372 372 3490104842930 北京盛唐鸿运科技有限公司
373 373 3497104794439 北京市清华育才实验学校
374 374 3518104846717 北京掌阅科技有限公司
375 375 3527104848735 北京市远东德力电子有限公司
376 376 3531104840623 北京中铁富红保洁服务有限责任公司第一分公司
377 377 3531104895167 北京中陆贸易有限公司
378 378 3532104856942 北京好利来工贸有限公司
379 379 3556104908207 北京波士通达汽车销售服务有限公司
380 380 3572104836619 北京陆胜汽车租赁有限公司
381 381 3593104835154 北京赛尔克瑞特电工有限公司
382 382 3594104849365 北京正昊宇市政建设工程有限责任公司
383 383 3594104888279 北京蜀东城市建设工程有限公司
384 384 3608104912379 拓速乐汽车销售（北京）有限公司
385 385 3612104913590 日产（中国）投资有限公司
386 386 3626104889687 中航航空电子有限公司
387 387 3629104878715 北京建业创源设备安装工程有限公司
388 388 3633104822517 北京北大纵横管理咨询有限责任公司
389 389 3639104815888 北京汉华荣欣经贸有限公司
390 390 3640104877705 北京天利翔源汽车销售服务有限公司
391 391 3645104815887 北京汉华荣欣经贸有限公司
392 392 3645104866353 北京神农岛文化发展有限公司
393 393 3659104815886 北京汉华荣欣经贸有限公司
394 394 3684104833609 北京万象时代文化发展有限公司
395 395 3690104897526 北京万德瑞博自动化系统工程有限公司
396 396 3703104882139 北京华强智连微电子有限责任公司
397 397 3707104838218 北京启力岩土工程有限公司
398 398 3718104886676 北京正源和美商贸有限公司
399 399 3721104875558 北京爱奇艺科技有限公司
400 400 3721104884114 北京康比特体育科技股份有限公司
401 401 3722104842945 北京盛唐鸿远科技有限公司
402 402 3728104866711 北京同度工程物探技术有限公司
403 403 3738104798544 北京天越门窗制造有限公司
404 404 3757104911391 北京永月东文化发展有限公司
405 405 3762104890455 北京富仁通投资有限公司
406 406 3772104855218 北京市红十字会急诊抢救中心
407 407 3780104880077 梅赛德斯-奔驰租赁有限公司
408 408 3781104826441 北京鄂尔多斯创展服装有限公司
409 409 3789104856661 广东中绿园林集团有限公司北京分公司
410 410 3805104857493 北京市赵晓鲁律师事务所
411 411 3806104822571 北京中铁建工物资有限公司
412 412 3809104866255 北京市成人按摩职业技能培训学校
413 413 3821104798986 北京极富房地产开发有限公司
414 414 3831104882813 北京双圆工程咨询监理有限公司
415 415 3875104880065 梅赛德斯-奔驰租赁有限公司
416 416 3877104892797 北京千山幕墙装饰工程有限公司
417 417 3919104914831 北京盛唐传扬国际企业策划有限公司
418 418 3920104837013 浙商银行股份有限公司北京分行
419 419 3928104933718 中外运－敦豪国际航空快件有限公司北京分公司
420 420 3940104888437 朋友圈咖啡（北京）有限公司
421 421 3947104912978 北京爱思博特国际教育投资有限公司
422 422 3950104798519 北京天越门窗制造有限公司
423 423 3950104851659 北京延庆村镇银行股份有限公司
424 424 3955104826456 北京鄂尔多斯创展服装有限公司
425 425 3958104803634 北京金视共赢广告有限公司
426 426 3997104898910 北京航天航嘉管业有限公司
427 427 4029104917488 北京市西城区赢在路上教育培训学校
428 428 4032104798981 北京富源盛达房地产开发有限公司
429 429 4054104880084 梅赛德斯-奔驰租赁有限公司
430 430 4054104896139 北京天通瑞祥装饰装潢有限公司
431 431 4062104815540 北京诚美建筑装饰工程有限公司
432 432 4070104920478 北京国电华科电力工程有限公司
433 433 4073104848736 北京市远东德力电子有限公司
434 434 4078104910467 北京南航地面服务有限公司
435 435 4081104826918 强瑞伟业（北京）科技有限责任公司
436 436 4089104921046 北京普天地信息科技有限公司
437 437 4124104920614 现代社会工作人才发展服务中心
438 438 4126104826451 北京鄂尔多斯创展服装有限公司
439 439 4137104821613 云天（北京）高新技术有限公司
440 440 4162104855324 捷维力特（北京）汽车技术服务有限公司
441 441 4181104916245 北京华夏紫光环保科技有限责任公司
442 442 4190104817330 丰田汽车金融（中国）有限公司
443 443 4195104904676 北京视界传奇国际广告有限公司
444 444 4202104908231 北京波士通达汽车销售服务有限公司
445 445 4203104837019 北京市朝阳内蒙古饭店
446 446 4203104915539 中国兵器装备集团公司
447 447 4207104880075 梅赛德斯-奔驰租赁有限公司
448 448 4231104868727 北京汉今国际文化发展有限公司
449 449 4240104894804 北京科铁机械设备有限公司
450 450 4240104900601 唐盛国际商务（北京）有限公司
451 451 4247104855875 北京博爱中西医结合医院
452 452 4268104834264 北京根业投资有限公司
453 453 4279104884117 北京康比特体育科技股份有限公司
454 454 4333104840511 北京鼎盾信息科技有限公司
455 455 4365104894436 北京昊天博略品牌管理顾问有限公司
456 456 4379104822588 北京中源盛达装饰工程有限公司
457 457 4379104880079 梅赛德斯-奔驰租赁有限公司
458 458 4397104883166 北京市石景山区京港投融资协会
459 459 4398104912384 拓速乐汽车销售（北京）有限公司
460 460 4413104805346 北京苏宸科技有限公司
461 461 4414104817325 丰田汽车金融（中国）有限公司
462 462 4417104884124 北京康比特体育科技股份有限公司
463 463 4433104855253 北京赛科康仑环保科技有限公司
464 464 4449104915533 中国兵器装备集团公司
465 465 4476104826452 北京鄂尔多斯创展服装有限公司
466 466 4489104805115 北京亚宝生物药业有限公司
467 467 4502104839392 北京中柏创业化工产品有限公司
468 468 4509104798982 北京富源盛达房地产开发有限公司
469 469 4530104908232 北京波士通达汽车销售服务有限公司
470 470 4535104857761 北京通天锐达科技有限公司
471 471 4545104827305 北京中科新网网络科技有限公司
472 472 4557104888581 北京金秋万立石油建筑装备有限公司
473 473 4574104882808 北京双圆工程咨询监理有限公司
474 474 4577104837725 中国性病艾滋病防治协会
475 475 4594104882596 北京森馥科技股份有限公司
476 476 4595104904707 北京城建盛力源建筑劳务有限公司
477 477 4596104861683 北京惠博普能源技术有限责任公司
478 478 4604104819445 北京明弘科贸有限责任公司
479 479 4609104828704 北京中盛天创科技发展有限公司
480 480 4614104868734 北京汉今国际文化发展有限公司
481 481 4622104818248 北京平安阳光高尔夫运动管理有限公司
482 482 4627104850221 北京信诺荣景科技发展有限公司
483 483 4650104862896 北京东方绮丽服装服饰有限责任公司
484 484 4651104851847 北京荣锦盛天投资有限公司
485 485 4658104915540 中国兵器装备集团公司
486 486 4668104837358 北京东林昌盛生物科技有限公司
487 487 4695104804890 北京华天幕墙工程有限公司
488 488 4720104803636 北京金视共赢广告有限公司
489 489 4724104904878 赛尔互联（北京）教育科技有限公司
490 490 4740104851660 北京延庆村镇银行股份有限公司
491 491 4744104819444 北京明弘科贸有限责任公司
492 492 4758104864069 北京华盛福源汽车销售服务有限公司
493 493 4769104839284 北京成众莱恩信息技术有限公司
494 494 4794104798978 北京富源盛达房地产开发有限公司
495 495 4809104830873 北京联信永益信息技术有限公司
496 496 4812104869058 中华浩德国际基金会（美国）北京代表处
497 497 4832104940765 北京市西城区赵喜刚社工事务所
498 498 4834104892262 北京京海沧龙商贸有限公司
499 499 4841104800590 北京华脉诚信科技有限公司
500 500 4863104827313 北京中联勘工程技术有限责任公司
501 501 4865104817320 丰田汽车金融（中国）有限公司
502 502 4865104864664 北京维通利电气有限公司
503 503 4880104830839 北京兴盛丹龙投资顾问有限公司
504 504 4883104864660 北京维通利电气有限公司
505 505 4905104894613 北京丰台建都医院
506 506 4931104817343 北京九天六和汽车销售有限公司丰台分公司
507 507 4938104847077 北京东方蓝地服装股份有限公司
508 508 4939104908068 北京易捷海通人力资源管理咨询有限公司
509 509 4942104803632 北京金视共赢广告有限公司
510 510 4948104803637 北京金视共赢广告有限公司
511 511 4964104880832 北京暴风科技股份有限公司
512 512 4967104833887 北京多加麦拉投资有限公司
513 513 4967104868339 北京海之沃汽车服务有限公司
514 514 4970104912261 北京越盛腾商贸有限公司
515 515 4973104833840 北京航天宏业科技开发有限公司
516 516 4984104800268 北京新兴翔悦汽车销售服务有限公司
517 517 4984104828373 北京朝立新人防工程防护设备有限公司
518 518 4997104822567 北京中铁建工物资有限公司
519 519 5015104819422 北京明弘科贸有限责任公司
520 520 5040104893175 北京中建华房地产土地评估有限责任公司
521 521 5059104855713 北京双臣数码彩色印刷有限公司
522 522 5063104829850 德为先（北京）餐饮有限公司
523 523 5065104908213 北京波士通达汽车销售服务有限公司
524 524 5067104876647 北京奥图包装运输有限公司
525 525 5070104895409 北京忠东国际钢结构工程有限公司
526 526 5080104880586 北京市华德宝汽车销售服务有限公司
527 527 5114104871130 北京大有昌盛酒店管理有限公司
528 528 5118104882803 北京双圆工程咨询监理有限公司
529 529 5119104861682 北京惠博普能源技术有限责任公司
530 530 5146104905755 北京大津硅藻新材料股份有限公司
531 531 5165104882799 北京双圆工程咨询监理有限公司
532 532 5166104885392 北京川百汇餐饮管理有限公司分店
533 533 5176104798547 北京天越门窗制造有限公司
534 534 5211104882880 北京德运知行广告有限公司
535 535 5214104908206 北京波士通达汽车销售服务有限公司
536 536 5220104834242 北京万丰煌金商业管理有限公司
537 537 5233104890525 北京沃图泓海科技有限公司
538 538 5246104817310 丰田汽车金融（中国）有限公司
539 539 5268104895449 北京执道信达科技发展有限公司
540 540 5305104833530 北京兴创伟业工程技术咨询有限公司
541 541 5306104830762 北京路鹏达市政工程有限责任公司
542 542 5312104828706 北京中盛天创科技发展有限公司
543 543 5324104908215 北京波士通达汽车销售服务有限公司
544 544 5328104915819 北京海派奥特经贸有限公司
545 545 5330104882800 北京双圆工程咨询监理有限公司
546 546 5335104828681 北京中盛天创科技发展有限公司
547 547 5364104880064 梅赛德斯-奔驰租赁有限公司
548 548 5389104835302 北京亿购时代商贸有限公司
549 549 5394104915548 中国兵器装备集团公司
550 550 5396104864070 北京华盛福源汽车销售服务有限公司
551 551 5471104882810 北京双圆工程咨询监理有限公司
552 552 5480104920005 北京宏鑫亿佳物业管理有限公司
553 553 5489104891872 北京华夏搬家有限责任公司
554 554 5489104908223 北京波士通达汽车销售服务有限公司
555 555 5495104817897 北京时代奥视科技股份有限公司
556 556 5499104850037 北京锦苑图文制作有限公司
557 557 5511104892656 北京西点伟业科技有限公司
558 558 5515104831876 北京国瑞赛科信息技术有限公司
559 559 5534104908218 北京波士通达汽车销售服务有限公司
560 560 5567104831723 北京忠源顺园林绿化工程有限公司
561 561 5569104880043 梅赛德斯-奔驰租赁有限公司
562 562 5572104822568 北京中铁建工物资有限公司
563 563 5590104899671 北京泰格互动网络科技有限公司
564 564 5593104833303 北京昂宇科技发展有限公司
565 565 5603104798784 北京冀东龙汽车有限公司
566 566 5604104908220 北京波士通达汽车销售服务有限公司
567 567 5618104895396 北京华彩世嘉网络科技有限公司
568 568 5640104882811 北京双圆工程咨询监理有限公司
569 569 5656104915538 中国兵器装备集团公司
570 570 5664104846676 北京测试空间科技发展有限公司
571 571 5665104792453 北京华汇物业管理有限责任公司第一分公司
572 572 5672104798549 北京天越门窗制造有限公司
573 573 5678104890331 北京双羽时代环境工程有限公司
574 574 5699104875606 北京爱奇艺科技有限公司
575 575 5699104907504 北京金融街国际酒店有限公司
576 576 5701104828680 北京中盛天创科技发展有限公司
577 577 5734104907481 北京金融街国际酒店有限公司
578 578 5743104898373 北京骥兴佳智科技有限公司
579 579 5768104849459 北京站点餐饮管理有限公司
580 580 5769104817188 北京怀柔幼佳双语幼儿园
581 581 5770104908057 北京时代光环通信技术有限公司
582 582 5779104838336 北京国发永信投资管理有限公司
583 583 5792104862892 北京东方绮丽服装服饰有限责任公司
584 584 5801104885321 北京大道文化节目制作有限公司
585 585 5819104864666 北京维通利电气有限公司
586 586 5828104875591 北京爱奇艺科技有限公司
587 587 5841104884112 北京康比特体育科技股份有限公司
588 588 5842104804916 中信富通融资租赁有限公司
589 589 5858104861717 航天长征国际贸易有限公司
590 590 5870104880222 北京奥之通科技发展有限公司
591 591 5899104851444 北京市怀柔区怀北镇龙各庄村村民委员会
592 592 5902104852907 北京中建华辰建筑安装有限公司
593 593 5914104798983 北京富源盛达房地产开发有限公司
594 594 5932104800140 新华求索求知（北京）图书有限公司
595 595 5939104852906 北京中建华辰建筑安装有限公司
596 596 5940104829161 北京慧天盛科贸有限责任公司
597 597 5942104875592 北京爱奇艺科技有限公司
598 598 5954104819447 北京明弘科贸有限责任公司
599 599 5966104818250 北京平安阳光高尔夫运动管理有限公司
600 600 5984104915818 北京海派奥特经贸有限公司
601 601 5985104912572 北京久安建设投资集团有限公司
602 602 5987104797760 中科睿凌（北京）低温设备有限公司
603 603 5991104852909 北京中建华辰建筑安装有限公司
604 604 6002104846506 北京燃气怀柔有限公司
605 605 6008104828372 北京朝立新人防工程防护设备有限公司
606 606 6009104830755 北京路鹏达市政工程有限责任公司
607 607 6014104790327 北京中青嘉业房地产经纪有限责任公司
608 608 6017104817313 丰田汽车金融（中国）有限公司
609 609 6039104914460 北京正和岛信息科技有限公司
610 610 6042104882807 北京双圆工程咨询监理有限公司
611 611 6060104909568 北京盛益利鑫科技有限公司
612 612 6068104828275 北京京地创业建筑科技有限公司
613 613 6070104807674 北京克瑞德宝科技有限公司
614 614 6080104884118 北京康比特体育科技股份有限公司
615 615 6086104905174 磐晟卓远（北京）科技有限公司
616 616 6100104807417 北京红石榴国际广告有限公司
617 617 6102104878130 北京凯瑞迪礼品有限公司
618 618 6105104797753 北京日月房地产开发有限公司
619 619 6110104819449 北京明弘科贸有限责任公司
620 620 6116104895597 北京融都汇科贸有限公司
621 621 6130104884111 北京康比特体育科技股份有限公司
622 622 6131104884109 北京康比特体育科技股份有限公司
623 623 6131104912405 北京海石花实业开发公司
624 624 6134104884108 北京康比特体育科技股份有限公司
625 625 6166104832348 北京凤山万隆石材有限公司
626 626 6176104910796 北京敦华石油技术有限公司
627 627 6179104883120 北京君业兴文化发展中心
628 628 6189104908227 北京波士通达汽车销售服务有限公司
629 629 6190104915536 中国兵器装备集团公司
630 630 6193104834755 北京房修一建筑工程有限公司
631 631 6194104864663 北京维通利电气有限公司
632 632 6195104822522 北京北大纵横管理咨询有限责任公司
633 633 6197104882805 北京双圆工程咨询监理有限公司
634 634 6205104882801 北京双圆工程咨询监理有限公司
635 635 6222104817334 丰田汽车金融（中国）有限公司
636 636 6232104820478 北京市西城区瑞智培训学校工会
637 637 6232104831009 北京京远达物流有限公司
638 638 6234104933719 中外运－敦豪国际航空快件有限公司北京分公司
639 639 6247104868730 北京汉今国际文化发展有限公司
640 640 6270104864662 北京维通利电气有限公司
641 641 6282104868726 北京汉今国际文化发展有限公司
642 642 6293104884126 北京康比特体育科技股份有限公司
643 643 6295104825666 北京金迪鑫盛贸易中心
644 644 6311104896699 互动峰科技（北京）有限公司
645 645 6321104815427 北京佳泰新材料有限公司
646 646 6349104828674 北京中盛天创科技发展有限公司
647 647 6367104883134 北京新科汇联商务咨询有限公司
648 648 6384104877674 兴博旅（北京）文化发展中心
649 649 6388104910787 北京四海通线缆有限公司
650 650 6396104915541 中国兵器装备集团公司
651 651 6397104908211 北京波士通达汽车销售服务有限公司
652 652 6415104830758 北京路鹏达市政工程有限责任公司
653 653 6429104873995 美国国际商会北京代表处
654 654 6438104884728 北京西国贸大物业管理有限公司
655 655 6464104839390 北京中柏创业化工产品有限公司
656 656 6473104829588 北京利丰宏鑫管道设备有限公司
657 657 6487104830876 北京联信永益信息技术有限公司
658 658 6487104908226 北京波士通达汽车销售服务有限公司
659 659 6499104913500 北京普诺泰新材料科技有限公司
660 660 6509104819448 北京明弘科贸有限责任公司
661 661 6509104868735 北京汉今国际文化发展有限公司
662 662 6514104862888 北京东方绮丽服装服饰有限责任公司
663 663 6517104840488 北京希福电气安装工程有限公司
664 664 6518104926701 北京海润嘉汽车销售服务有限公司
665 665 6523104911742 北京中孚视通科技有限公司
666 666 6524104912381 拓速乐汽车销售（北京）有限公司
667 667 6544104817324 丰田汽车金融（中国）有限公司
668 668 6547104826455 北京鄂尔多斯创展服装有限公司
669 669 6557104897212 鼎骐建筑装饰工程（北京）有限公司
670 670 6563104800591 北京华脉诚信科技有限公司
671 671 6566104890237 北京大陆桥物流有限公司
672 672 6569104864659 北京维通利电气有限公司
673 673 6571104852729 北京天示创信展览展示有限公司
674 674 6577104881997 北京宏华电器有限公司
675 675 6584104828102 北京望都商贸有限公司
676 676 6589104905444 航天神舟投资管理有限公司
677 677 6590104912516 北京卓华信息技术股份有限公司
678 678 6598104803633 北京金视共赢广告有限公司
679 679 6599104930722 北京高商律师事务所
680 680 6602104866976 北京首钢园区综合服务有限公司
681 681 6622104896636 北京西迪瓴贤建筑设计咨询有限公司
682 682 6624104826445 北京鄂尔多斯创展服装有限公司
683 683 6627104834754 北京房修一建筑工程有限公司
684 684 6639104880630 北京福润一生科技有限公司
685 685 6653104829367 北京大和诚业科技有限责任公司
686 686 6657104882809 北京双圆工程咨询监理有限公司
687 687 6663104828677 北京中盛天创科技发展有限公司
688 688 6665104829887 北京市昌平区城市之光社会工作事务所
689 689 6698104919391 北京盛业宏远物资有限公司
690 690 6734104798522 北京天越门窗制造有限公司
691 691 6742104864655 北京维通利电气有限公司
692 692 6766104909865 北京艺苑风景园林工程有限公司
693 693 6775104904803 北京宁宸科技有限公司
694 694 6786104907681 北京力拓寰球建筑工程有限公司
695 695 6794104890852 北京镭格之光测量技术有限公司
696 696 6803104884105 北京康比特体育科技股份有限公司
697 697 6821104789733 北京福瑞宏达大药房有限公司
698 698 6831104853275 北京威格赛电力工程有限公司
699 699 6838104878048 北京美绿华技贸有限公司
700 700 6843104866568 北京顺昌鑫合科贸有限公司
701 701 6851104896370 北京海智鑫佳文化传播有限公司
702 702 6860104861688 北京惠博普能源技术有限责任公司
703 703 6865104871566 北京雄起广告有限公司
704 704 6866104884106 北京康比特体育科技股份有限公司
705 705 6872104880068 梅赛德斯-奔驰租赁有限公司
706 706 6880104916107 红石阳光（北京）科技有限公司
707 707 6888104864656 北京维通利电气有限公司
708 708 6892104868731 北京汉今国际文化发展有限公司
709 709 6896104875612 北京龙腾达混凝土有限公司
710 710 6897104883222 北京益佳禾美粮油食品有限公司
711 711 6911104860217 北京美通美建筑材料有限公司
712 712 6935104897006 北京市汇友出租汽车有限公司
713 713 6936104822576 北京中铁建工物资有限公司
714 714 6954104848734 北京市远东德力电子有限公司
715 715 6973104868892 北京友洋协同软件有限公司
716 716 6981104885403 北京川百汇餐饮管理有限公司大兴分公司
717 717 6989104819446 北京明弘科贸有限责任公司
718 718 6998104914830 北京盛唐传扬国际企业策划有限公司
719 719 7010104790132 摩根普惠（北京）企业管理有限公司
720 720 7034104912383 拓速乐汽车销售（北京）有限公司
721 721 7047104875584 北京爱奇艺科技有限公司
722 722 7049104908183 北京波士通达汽车销售服务有限公司
723 723 7049104908625 北京盛世宣合信息科技有限公司
724 724 7055104880067 梅赛德斯-奔驰租赁有限公司
725 725 7057104910935 北京三江越商贸有限公司
726 726 7089104915549 中国兵器装备集团公司
727 727 7100104828278 北方跃龙科技(北京）股份有限公司
728 728 7106104880106 北京华安保信息技术有限公司
729 729 7114104817315 丰田汽车金融（中国）有限公司
730 730 7117104797752 北京日月房地产开发有限公司
731 731 7122104875598 北京爱奇艺科技有限公司
732 732 7152104880070 梅赛德斯-奔驰租赁有限公司
733 733 7153104818464 北京恒信华奥科技有限公司
734 734 7153104861465 北京六月天科技发展有限责任公司
735 735 7163104817333 丰田汽车金融（中国）有限公司
736 736 7182104888280 北京蜀东城市建设工程有限公司
737 737 7214104916639 北京金恒通达投资集团有限公司
738 738 7215104828673 北京中盛天创科技发展有限公司
739 739 7219104798980 北京富源盛达房地产开发有限公司
740 740 7219104817321 丰田汽车金融（中国）有限公司
741 741 7227104880846 北京创博巍网络技术有限公司
742 742 7229104855901 北京昊天天宇建筑安装工程有限责任公司
743 743 7235104914610 北京华盛康科技发展有限公司
744 744 7238104912221 北京开源通力电力设备安装工程有限公司
745 745 7239104914582 北京富华宇祺信息技术有限公司
746 746 7271104915534 中国兵器装备集团公司
747 747 7303104853019 北京昌润达建筑劳务有限公司
748 748 7306104830757 北京路鹏达市政工程有限责任公司
749 749 7307104868841 北京佳强保安服务有限公司
750 750 7337104817337 丰田汽车金融（中国）有限公司
751 751 7355104830750 北京路鹏达市政工程有限责任公司
752 752 7356104830754 北京路鹏达市政工程有限责任公司
753 753 7391104912979 北京爱思博特国际教育投资有限公司
754 754 7423104839385 北京中柏创业化工产品有限公司
755 755 7491104830875 北京联信永益信息技术有限公司
756 756 7498104907414 北京涵林景观园林有限公司
757 757 7502104875585 北京爱奇艺科技有限公司
758 758 7502104915532 中国兵器装备集团公司
759 759 7519104798520 北京天越门窗制造有限公司
760 760 7524104817326 丰田汽车金融（中国）有限公司
761 761 7531104880040 梅赛德斯-奔驰租赁有限公司
762 762 7552104797728 北京旭航盛世文化传播有限公司
763 763 7571104880039 梅赛德斯-奔驰租赁有限公司
764 764 7580104915827 北京卓欧制衣有限责任公司
765 765 7591104933715 中外运－敦豪国际航空快件有限公司北京分公司
766 766 7592104855074 中国人民财产保险股份有限公司
767 767 7610104819393 北京百合建业建筑工程有限公司
768 768 7612104912380 拓速乐汽车销售（北京）有限公司
769 769 7619104859035 北京中建科创商贸有限公司
770 770 7622104827043 黑龙江省伊春市人民政府驻北京联络处
771 771 7626104851587 北京神州灵通科技发展有限公司
772 772 7634104906511 北京东升志远科技发展有限公司
773 773 7643104880038 梅赛德斯-奔驰租赁有限公司
774 774 7645104855209 同辉佳视（北京）信息技术股份有限公司
775 775 7647104833773 北京伟球建筑装饰工程有限公司
776 776 7655104840644 北京中铁富红保洁服务有限责任公司第一分公司
777 777 7661104799004 北京富源盛达房地产开发有限公司
778 778 7704104822573 北京中铁建工物资有限公司
779 779 7709104834756 北京房修一建筑工程有限公司
780 780 7715104868732 北京汉今国际文化发展有限公司
781 781 7737104884127 北京康比特体育科技股份有限公司
782 782 7746104912515 北京卓华信息技术股份有限公司
783 783 7760104829982 《中国医学创新》杂志社
784 784 7761104833862 中岳联拓实业有限公司
785 785 7768104931136 北京老爷车博物馆
786 786 7769104822046 北京门莱京美贸易有限公司
787 787 7781104838132 北京建大龙安建筑设计有限公司
788 788 7782104915557 中国兵器装备集团公司
789 789 7811104833722 北京森特美门业有限公司
790 790 7813104804917 中信富通融资租赁有限公司
791 791 7837104875604 北京爱奇艺科技有限公司
792 792 7853104875599 北京爱奇艺科技有限公司
793 793 7885104838285 北京腾安达交通设施技术开发中心
794 794 7913104912378 拓速乐汽车销售（北京）有限公司
795 795 7913104915543 中国兵器装备集团公司
796 796 7922104889281 深圳市航天物业管理有限公司北京分公司
797 797 7925104817311 丰田汽车金融（中国）有限公司
798 798 7925104889457 北京富多鑫天德机动车检测有限公司
799 799 7933104791511 北京弘诚万家物业管理有限责任公司
800 800 7942104822580 北京中铁建工物资有限公司
801 801 7950104882802 北京双圆工程咨询监理有限公司
802 802 7957104912517 北京卓华信息技术股份有限公司
803 803 7959104875562 北京爱奇艺科技有限公司
804 804 7971104912571 北京久安建设投资集团有限公司
805 805 7978104846508 北京燃气怀柔有限公司
806 806 7983104822572 北京中铁建工物资有限公司
807 807 7984104907482 北京金融街国际酒店有限公司
808 808 7987104904660 北京经中太联首源物业管理有限公司
809 809 8008104916792 北京龙安金虹建筑材料有限公司
810 810 8028104815885 北京汉华荣欣经贸有限公司
811 811 8045104890466 北京三网中讯科贸有限责任公司
812 812 8054104882205 北京知元创通信息技术有限公司
813 813 8061104864661 北京维通利电气有限公司
814 814 8083104875593 北京爱奇艺科技有限公司
815 815 8092104830728 北京吉大宏图商贸有限公司
816 816 8106104880107 北京华安保信息技术有限公司
817 817 8118104849212 展硕融资租赁有限公司
818 818 8118104881373 浙江省嘉兴市人民政府驻北京联络处
819 819 8126104891627 北京万隆和科技有限公司
820 820 8129104897522 北京市智能交通协会
821 821 8130104915547 中国兵器装备集团公司
822 822 8150104908230 北京波士通达汽车销售服务有限公司
823 823 8155104875602 北京爱奇艺科技有限公司
824 824 8193104888278 北京蜀东城市建设工程有限公司
825 825 8196104882798 北京双圆工程咨询监理有限公司
826 826 8218104840491 北京希福电气安装工程有限公司
827 827 8232104882168 北京兆瑞恒科技发展有限公司
828 828 8241104908228 北京波士通达汽车销售服务有限公司
829 829 8252104840469 北京易始通达科技有限公司
830 830 8258104920912 北京中电科锐科技有限公司
831 831 8262104915537 中国兵器装备集团公司
832 832 8283104830877 北京联信永益信息技术有限公司
833 833 8290104877729 北京天予世纪劳务服务有限公司
834 834 8333104912514 北京卓华信息技术股份有限公司
835 835 8341104869532 北京锦苑图文制作有限公司北七家分公司
836 836 8352104913154 北京金风科创风电设备有限公司
837 837 8362104875603 北京爱奇艺科技有限公司
838 838 8370104894548 北京十方泰和中医医学研究院
839 839 8386104798548 北京天越门窗制造有限公司
840 840 8440104915531 中国兵器装备集团公司
841 841 8442104854415 北京雄鹰鹏勇光电技术有限公司
842 842 8475104884104 北京康比特体育科技股份有限公司
843 843 8509104826723 北京市平谷区敬朋福利院
844 844 8519104880756 北京万事利达建设发展有限公司
845 845 8519104911117 北京拂尘龙科技发展股份有限公司
846 846 8522104837486 北京金鼎康茗茶业有限公司
847 847 8524104819394 北京百合建业建筑工程有限公司
848 848 8533104911021 北京康拓医疗仪器有限公司
849 849 8535104911204 北京雨润保田制衣有限公司
850 850 8540104884125 北京康比特体育科技股份有限公司
851 851 8545104817316 丰田汽车金融（中国）有限公司
852 852 8553104880069 梅赛德斯-奔驰租赁有限公司
853 853 8553104880081 梅赛德斯-奔驰租赁有限公司
854 854 8556104791809 北京清创文化艺术有限公司
855 855 8569104862153 北京新兴快马汽车服务有限公司
856 856 8572104817319 丰田汽车金融（中国）有限公司
857 857 8589104884729 北京西国贸大物业管理有限公司
858 858 8610104880836 北京暴风科技股份有限公司
859 859 8615104849373 北京市京师律师事务所
860 860 8615104890560 北京惠通金业汽车销售服务有限公司
861 861 8616104888534 北京市丹斯克国际投资有限公司
862 862 8638104864658 北京维通利电气有限公司
863 863 8661104892978 北京维臻装饰工程有限公司
864 864 8664104887390 北京厚德善行慈善基金会
865 865 8667104884123 北京康比特体育科技股份有限公司
866 866 8678104837698 北京闽辉康际医疗器械有限公司
867 867 8687104907851 北京市石景山区加祥培训学校
868 868 8690104933717 中外运－敦豪国际航空快件有限公司北京分公司
869 869 8691104887876 北京时代金辉工艺礼品有限公司
870 870 8699104890864 北京长安创新投资管理有限公司
871 871 8710104895509 北京慧清科技有限公司
872 872 8713104880584 北京市华德宝汽车销售服务有限公司
873 873 8717104866977 北京首钢园区综合服务有限公司
874 874 8719104817106 海关总署招待所
875 875 8723104829294 北京捷越联合信息咨询有限公司
876 876 8730104880074 梅赛德斯-奔驰租赁有限公司
877 877 8736104907507 北京金融街国际酒店有限公司
878 878 8752104805463 众达伟立（北京）工程技术有限公司
879 879 8755104835622 北京文博国际策展研究中心
880 880 8759104798979 北京富源盛达房地产开发有限公司
881 881 8766104862473 北京億未来社工发展中心
882 882 8769104836917 北京食圣天下餐饮管理有限公司
883 883 8773104857597 保盛兴业国际装饰工程（北京）有限公司
884 884 8783104908225 北京波士通达汽车销售服务有限公司
885 885 8809104891996 依诺锐衣（北京）商贸有限公司
886 886 8836104789773 北京市现代律师事务所
887 887 8838104915528 中国兵器装备集团公司
888 888 8840104915553 中国兵器装备集团公司
889 889 8848104833507 北京前景新缘物业服务有限公司
890 890 8849104819392 北京百合建业建筑工程有限公司
891 891 8871104817309 丰田汽车金融（中国）有限公司
892 892 8873104867189 中冀贸易有限责任公司
893 893 8879104915544 中国兵器装备集团公司
894 894 8886104880834 北京暴风科技股份有限公司
895 895 8891104801151 北京中企讯能科技有限公司
896 896 8898104818258 北京神州飞航科技有限责任公司
897 897 8904104846023 北京华融经纬装饰工程有限公司
898 898 8916104879738 世纪叮当（北京）文化发展有限公司
899 899 8920104875588 北京爱奇艺科技有限公司
900 900 8923104846560 闪烁（北京）文化传播有限公司
901 901 8949104829587 北京利丰宏鑫管道设备有限公司
902 902 8951104884121 北京康比特体育科技股份有限公司
903 903 8960104878657 北京鼎邦建筑有限公司分公司
904 904 8977104827314 北京中联勘工程技术有限责任公司
905 905 8981104913236 京能电力后勤服务有限公司北京分公司
906 906 8986104910780 水长山远（北京）商贸有限公司
907 907 9004104875589 北京爱奇艺科技有限公司
908 908 9005104913234 京能电力后勤服务有限公司北京分公司
909 909 9060104799005 北京富源盛达房地产开发有限公司
910 910 9062104856710 北京碧盛食品有限责任公司
911 911 9062104875559 北京爱奇艺科技有限公司
912 912 9065104882342 北京同仁堂药材有限责任公司
913 913 9069104908221 北京波士通达汽车销售服务有限公司
914 914 9085104896696 北京中联美艾商贸有限公司
915 915 9092104908097 北京安助消防工程技术有限公司
916 916 9100104798999 北京奇华通讯有限公司
917 917 9122104906997 恒福翔和机电设备（北京）有限公司
918 918 9125104875601 北京爱奇艺科技有限公司
919 919 9130104817332 丰田汽车金融（中国）有限公司
920 920 9145104830872 北京联信永益信息技术有限公司
921 921 9147104915555 中国兵器装备集团公司
922 922 9159104789486 中国行政区划与区域发展促进会
923 923 9164104913153 北京金风科创风电设备有限公司
924 924 9166104906240 北京裕铭琦厨房设备有限责任公司
925 925 9167104846229 青年假日（北京）酒店管理有限公司
926 926 9168104913152 北京金风科创风电设备有限公司
927 927 9187104894888 北京市海淀区四季青镇敬老院
928 928 9201104910137 北京仁和鑫海广告有限公司
929 929 9203104828683 北京中盛天创科技发展有限公司
930 930 9233104894872 清运智尚（北京）建筑规划设计院有限公司
931 931 9244104885356 北京鑫达润城汽车销售服务有限公司
932 932 9251104880563 北京市华德宝汽车销售服务有限公司
933 933 9265104803635 北京金视共赢广告有限公司
934 934 9287104826453 北京鄂尔多斯创展服装有限公司
935 935 9291104895427 北京鸿博万福投资管理有限公司
936 936 9293104888698 北京亿升源物流有限公司
937 937 9343104878717 北京建业创源设备安装工程有限公司
938 938 9360104891744 北京硅谷蓝天科技有限公司
939 939 9375104884320 北京银汉传媒发展有限公司
940 940 9375104890659 北京敦煌飞天商贸大厦
941 941 9377104928442 北京市房山区京良计算机培训中心
942 942 9411104880585 北京市华德宝汽车销售服务有限公司
943 943 9419104880086 梅赛德斯-奔驰租赁有限公司
944 944 9428104875607 北京爱奇艺科技有限公司
945 945 9433104869044 北京永捷利达科贸有限公司
946 946 9442104894305 北京银安利达科贸有限责任公司
947 947 9449104864665 北京维通利电气有限公司
948 948 9450104846241 北京曌龙华艺科贸有限公司
949 949 9453104910102 北京鑫重远隧道工程有限公司
950 950 9459104862899 北京东方绮丽服装服饰有限责任公司
951 951 9489104915187 北京华艺世纪缘科技发展有限公司
952 952 9491104831067 北京市昌平区优美双语幼儿园
953 953 9493104789432 北京盛世天泽广告有限公司
954 954 9506104852055 中国城市雕塑家协会
955 955 9518104915828 北京卓欧制衣有限责任公司
956 956 9579104833318 北京精实楷建筑装修装饰有限公司
957 957 9605104835431 北京康健伦医药有限公司
958 958 9605104897525 北京万德瑞博自动化系统工程有限公司
959 959 9624104830763 北京路鹏达市政工程有限责任公司
960 960 9632104864668 北京维通利电气有限公司
961 961 9636104862895 北京东方绮丽服装服饰有限责任公司
962 962 9637104822570 北京中铁建工物资有限公司
963 963 9641104866198 方正中期期货有限公司
964 964 9655104899130 北京市海淀区亿城蓝天幼儿园
965 965 9659104914459 北京正和岛信息科技有限公司
966 966 9663104912142 北京百代朝歌文化传媒有限公司
967 967 9670104830751 北京路鹏达市政工程有限责任公司
968 968 9697104837238 北京三嘉怡通商贸有限责任公司
969 969 9709104915529 中国兵器装备集团公司
970 970 9710104846507 北京燃气怀柔有限公司
971 971 9712104867040 北京润恒国金工程咨询有限公司
972 972 9718104862889 北京东方绮丽服装服饰有限责任公司
973 973 9761104877900 上品思瀚品牌顾问（北京）有限公司
974 974 9762104905992 北京市黄垡园林绿化设计工程有限公司
975 975 9783104828142 北京恒莱福科技发展有限公司
976 976 9783104908217 北京波士通达汽车销售服务有限公司
977 977 9790104830765 北京路鹏达市政工程有限责任公司
978 978 9796104884120 北京康比特体育科技股份有限公司
979 979 9800104918429 北京强盛顺达工程技术有限公司
980 980 9804104933722 中外运－敦豪国际航空快件有限公司北京分公司
981 981 9814104839387 北京中柏创业化工产品有限公司
982 982 9814104905126 北京鼎福建筑装饰有限公司
983 983 9820104933721 中外运－敦豪国际航空快件有限公司北京分公司
984 984 9833104822566 北京中铁建工物资有限公司
985 985 9863104817336 丰田汽车金融（中国）有限公司
986 986 9915104833610 北京万象时代文化发展有限公司
987 987 9917104917140 中立安（北京）医药科技有限公司
988 988 9927104860416 北京始峰易庄五金贸易有限公司
989 989 9927104875563 北京爱奇艺科技有限公司
990 990 9930104880066 梅赛德斯-奔驰租赁有限公司
991 991 9934104875883 北京大唐和风国际文化传媒有限公司
992 992 9937104899678 北京恒广通科技有限公司
993 993 9950104822579 北京中铁建工物资有限公司
994 994 9955104919842 北京金永泰达投资管理有限公司
995 995 9958104826444 北京鄂尔多斯创展服装有限公司
996 996 9980104857605 北京金泰视景科技有限公司
997 997 9980104867413 北京中之旅商务会议服务有限公司
998 998 9985104875726 北京卡博洛服饰有限公司
999 999 9987104861955 北京佳韩货运代理有限公司
