1 1 0032101715244
2 2 0041103961842
3 3 0046103924791
4 4 0054103189765
5 5 0074102092536
6 6 0078104044681
7 7 0080102328664
8 8 0080103162825
9 9 0081102925802
10 10 0084104051076
11 11 0087103760454
12 12 0089103899379
13 13 0092102773854
14 14 0097100250154
15 15 0103102714128
16 16 0117102103049
17 17 0129103664277
18 18 0131102669313
19 19 0141102312053
20 20 0146102819211
21 21 0162103469305
22 22 0167103397564
23 23 0168102909941
24 24 0177102470783
25 25 0181103995837
26 26 0186100884359
27 27 0189101642511
28 28 0190100116819
29 29 0197103565645
30 30 0208103968895
31 31 0211102257266
32 32 0251103214107
33 33 0253104011280
34 34 0255103377812
35 35 0257101508594
36 36 0260100320442
37 37 0270103416026
38 38 0284103993170
39 39 0298102068291
40 40 0303100297987
41 41 0315103519061
42 42 0319103828371
43 43 0339102624567
44 44 0339102687742
45 45 0352101204579
46 46 0357101489551
47 47 0361102835385
48 48 0363103054708
49 49 0381102368838
50 50 0382102144861
51 51 0390101922786
52 52 0399100604780
53 53 0409103715092
54 54 0415101582856
55 55 0419103002476
56 56 0424102502156
57 57 0428102509237
58 58 0444100293058
59 59 0445100100961
60 60 0448101333345
61 61 0449100916205
62 62 0451103577637
63 63 0471103959742
64 64 0477103524486
65 65 0481101781295
66 66 0488103759221
67 67 0489100650883
68 68 0489103738362
69 69 0491103933189
70 70 0494102158601
71 71 0496103021522
72 72 0508103271680
73 73 0522103792562
74 74 0540102938757
75 75 0542102821775
76 76 0561101973518
77 77 0562103239409
78 78 0564102675958
79 79 0576104044358
80 80 0578100950290
81 81 0581102038477
82 82 0589102205359
83 83 0600103096023
84 84 0601102408784
85 85 0607103291853
86 86 0612103978515
87 87 0613101291617
88 88 0619101187900
89 89 0624100985334
90 90 0627101955342
91 91 0637102897216
92 92 0654103028778
93 93 0661103572815
94 94 0666102233139
95 95 0667102947374
96 96 0674101584162
97 97 0679102001927
98 98 0684103744053
99 99 0691102899774
100 100 0705102058754
101 101 0712103457523
102 102 0713101896745
103 103 0720101175914
104 104 0725100654146
105 105 0728102000354
106 106 0729100287118
107 107 0732100865443
108 108 0745102350454
109 109 0748103481403
110 110 0748104048996
111 111 0755102729273
112 112 0759103836002
113 113 0769103754189
114 114 0772100239698
115 115 0786103957988
116 116 0792103481345
117 117 0796102476887
118 118 0803101137323
119 119 0811103581839
120 120 0812104008674
121 121 0813103967591
122 122 0815103769192
123 123 0819102373016
124 124 0821102457798
125 125 0822100240267
126 126 0823102674980
127 127 0828100992837
128 128 0829101630491
129 129 0831102868536
130 130 0833103978801
131 131 0846100271619
132 132 0860103932947
133 133 0864103950022
134 134 0866102358057
135 135 0888100371902
136 136 0890103862513
137 137 0893102910895
138 138 0894103941080
139 139 0899101014316
140 140 0916101033306
141 141 0919100585119
142 142 0934101132941
143 143 0938103138965
144 144 0942102954896
145 145 0947102984429
146 146 0959101496627
147 147 0961103822019
148 148 0969101981577
149 149 0971103528835
150 150 0973103551170
151 151 0998102101659
152 152 1008101016198
153 153 1027100612184
154 154 1033100418629
155 155 1033103123067
156 156 1034102110902
157 157 1036103100725
158 158 1038103973463
159 159 1042102086230
160 160 1046103305227
161 161 1054102446226
162 162 1060101234671
163 163 1063100908847
164 164 1080103940117
165 165 1082101500759
166 166 1082104049751
167 167 1089100620196
168 168 1090101103457
169 169 1091101054936
170 170 1109100004302
171 171 1109100814696
172 172 1117101544816
173 173 1125102290216
174 174 1133103447173
175 175 1138103853053
176 176 1139100866392
177 177 1146101812152
178 178 1146103083465
179 179 1147100885197
180 180 1148101813938
181 181 1152103073421
182 182 1178103922771
183 183 1202102451913
184 184 1207104018168
185 185 1209103521291
186 186 1210100637314
187 187 1215104032767
188 188 1234102656139
189 189 1235102611726
190 190 1238102270650
191 191 1238104049484
192 192 1244103389836
193 193 1247102878525
194 194 1250101160008
195 195 1256103403817
196 196 1258101259708
197 197 1259102972066
198 198 1266102434480
199 199 1267103347230
200 200 1269102698995
201 201 1276101322762
202 202 1277102036915
203 203 1277103422411
204 204 1285102430414
205 205 1301101151241
206 206 1307100134422
207 207 1321103260226
208 208 1337100506199
209 209 1337101985709
210 210 1346101810332
211 211 1353102170974
212 212 1358103955276
213 213 1365101843219
214 214 1375103139968
215 215 1378102007208
216 216 1379103089643
217 217 1387104042383
218 218 1390102973110
219 219 1392103079687
220 220 1395102269515
221 221 1395103941713
222 222 1399102093176
223 223 1402101828607
224 224 1402103956604
225 225 1409102435422
226 226 1427102947079
227 227 1437101193693
228 228 1437103629875
229 229 1439102562173
230 230 1451100516203
231 231 1451102941752
232 232 1453103055575
233 233 1458102136421
234 234 1471100352834
235 235 1484100263193
236 236 1493102696621
237 237 1508102481034
238 238 1509101567159
239 239 1509103725582
240 240 1514100230533
241 241 1519100873915
242 242 1530104002044
243 243 1544102948104
244 244 1545104037148
245 245 1546103366977
246 246 1550103431470
247 247 1552103915527
248 248 1582103196282
249 249 1587100211885
250 250 1588102967225
251 251 1589102550610
252 252 1593100088463
253 253 1598101989313
254 254 1600103108184
255 255 1606101537213
256 256 1608101703178
257 257 1608102328852
258 258 1608102421727
259 259 1617100957358
260 260 1617103271475
261 261 1623102437388
262 262 1626103076741
263 263 1626103110148
264 264 1629101277865
265 265 1636103108837
266 266 1638103343210
267 267 1643102879470
268 268 1646103579884
269 269 1657102987961
270 270 1658102789113
271 271 1665101565163
272 272 1673103519255
273 273 1687103910841
274 274 1689102403732
275 275 1691103667400
276 276 1698103534490
277 277 1700100750897
278 278 1701104031705
279 279 1702103418464
280 280 1706100853459
281 281 1712102569930
282 282 1724101776920
283 283 1742103274156
284 284 1754101971136
285 285 1762102759345
286 286 1767101932133
287 287 1774102762874
288 288 1776101586804
289 289 1781102020202
290 290 1786102264570
291 291 1790102761526
292 292 1792102700320
293 293 1797103079466
294 294 1817101967111
295 295 1819102352653
296 296 1825101132629
297 297 1835102306855
298 298 1843103947006
299 299 1847102525437
300 300 1854102570018
301 301 1864100497314
302 302 1900102914401
303 303 1906101512894
304 304 1907103208771
305 305 1907103940152
306 306 1913103961262
307 307 1917101573890
308 308 1919103229212
309 309 1923103011756
310 310 1933103969125
311 311 1948101779757
312 312 1965101018022
313 313 1971102603555
314 314 1982103391250
315 315 1991103117057
316 316 1992103125781
317 317 1999103787576
318 318 2003102331023
319 319 2014101127174
320 320 2015103927973
321 321 2025101930611
322 322 2034104042797
323 323 2049102762038
324 324 2056103495151
325 325 2074103923982
326 326 2079103941666
327 327 2080102095827
328 328 2082102736871
329 329 2086103269568
330 330 2088103975400
331 331 2090103555284
332 332 2095102984861
333 333 2102103978217
334 334 2115103498949
335 335 2123103316956
336 336 2127100880546
337 337 2130100886848
338 338 2139101164387
339 339 2167102147444
340 340 2167102339351
341 341 2169102882757
342 342 2172102608117
343 343 2174100701053
344 344 2186100607019
345 345 2186103193980
346 346 2186104050351
347 347 2198101915443
348 348 2207103239630
349 349 2209101218328
350 350 2213100557621
351 351 2215104010907
352 352 2218100870003
353 353 2225101842876
354 354 2226102621652
355 355 2226103939646
356 356 2232102827500
357 357 2236101557200
358 358 2239103943703
359 359 2261100994107
360 360 2267103038683
361 361 2277103988380
362 362 2286104043920
363 363 2287101381209
364 364 2288100816253
365 365 2309102646149
366 366 2319100316098
367 367 2319103917913
368 368 2320101388790
369 369 2321103930104
370 370 2328102774744
371 371 2330100224258
372 372 2341101579001
373 373 2342103009339
374 374 2344100557212
375 375 2346103639419
376 376 2349100312339
377 377 2352102735230
378 378 2353101455514
379 379 2369101909599
380 380 2375102811281
381 381 2376102784966
382 382 2398100596544
383 383 2398101762753
384 384 2406102207373
385 385 2407102135255
386 386 2419100388945
387 387 2437101495518
388 388 2456103337332
389 389 2456103374759
390 390 2467101573630
391 391 2471103596061
392 392 2484103105268
393 393 2486101460584
394 394 2491102948443
395 395 2503102870201
396 396 2507102324240
397 397 2507102763098
398 398 2513103965872
399 399 2520100943391
400 400 2520102038924
401 401 2521100818103
402 402 2528101851737
403 403 2545103433547
404 404 2554103912823
405 405 2557103951265
406 406 2559101110528
407 407 2559102883776
408 408 2560100847709
409 409 2562101584930
410 410 2566103011660
411 411 2573102724323
412 412 2589102018929
413 413 2596103233412
414 414 2596104037956
415 415 2612101411879
416 416 2615101969767
417 417 2625102431029
418 418 2626103997319
419 419 2626104004078
420 420 2627103981057
421 421 2634103807769
422 422 2635100604416
423 423 2636102392518
424 424 2637102840019
425 425 2638102374034
426 426 2639100659228
427 427 2639101819170
428 428 2641102280545
429 429 2644102207671
430 430 2649103560685
431 431 2653103443953
432 432 2666101826006
433 433 2667103343367
434 434 2669100616030
435 435 2669102537071
436 436 2683104034275
437 437 2691103866207
438 438 2699101461862
439 439 2717103950652
440 440 2722104026817
441 441 2724100804183
442 442 2729101989322
443 443 2735100007367
444 444 2740100260408
445 445 2744102730534
446 446 2744103060349
447 447 2755102606854
448 448 2755103139697
449 449 2759102237699
450 450 2759103180263
451 451 2759103994544
452 452 2769101224923
453 453 2771103864153
454 454 2772102612679
455 455 2775101299169
456 456 2777102223955
457 457 2778103385571
458 458 2796101670263
459 459 2801100646092
460 460 2802103330187
461 461 2810104045807
462 462 2818102948195
463 463 2831101515225
464 464 2833103021323
465 465 2842101776149
466 466 2843102572976
467 467 2850103893586
468 468 2855101233042
469 469 2875102499787
470 470 2883104048456
471 471 2914100949988
472 472 2916100957229
473 473 2923100498197
474 474 2925103111704
475 475 2925103444470
476 476 2946102428657
477 477 2954100118406
478 478 2954103081867
479 479 2966102162398
480 480 2974103884890
481 481 2982102148232
482 482 2986102700402
483 483 2986103950150
484 484 2994102947333
485 485 3002101461937
486 486 3005102837060
487 487 3006103526956
488 488 3007103322263
489 489 3010101265606
490 490 3027100943279
491 491 3037101755798
492 492 3038103018887
493 493 3039101790774
494 494 3043103948600
495 495 3046103176809
496 496 3058100702938
497 497 3071100412696
498 498 3074103655924
499 499 3078103355830
500 500 3086103069466
501 501 3088103074045
502 502 3091102352503
503 503 3098101478970
504 504 3099102976786
505 505 3102102406128
506 506 3105103298490
507 507 3108103475635
508 508 3114102415919
509 509 3116102321597
510 510 3123101894395
511 511 3136100579310
512 512 3142103168839
513 513 3152103489378
514 514 3163103211195
515 515 3169100823367
516 516 3199103704940
517 517 3200100985402
518 518 3202101781704
519 519 3208104022493
520 520 3210102230441
521 521 3214103392636
522 522 3236100523340
523 523 3237103042207
524 524 3244102675589
525 525 3263101643881
526 526 3274101872450
527 527 3286102192126
528 528 3291103312917
529 529 3293103964425
530 530 3294102537002
531 531 3296102169696
532 532 3300101864427
533 533 3300103747419
534 534 3308102251368
535 535 3328102493064
536 536 3328103235740
537 537 3328104043822
538 538 3329101160458
539 539 3329101380529
540 540 3350103873940
541 541 3355102859972
542 542 3365102251337
543 543 3371103639470
544 544 3376101682011
545 545 3379104040459
546 546 3381103140162
547 547 3396103847127
548 548 3400103338069
549 549 3413102455677
550 550 3417103409766
551 551 3425100301598
552 552 3432103942519
553 553 3439100802851
554 554 3448101081114
555 555 3449103073700
556 556 3456102951224
557 557 3468101649506
558 558 3471102585750
559 559 3481103551313
560 560 3500102880786
561 561 3504102172472
562 562 3521101759112
563 563 3526100568076
564 564 3529103017766
565 565 3532103158166
566 566 3533101477667
567 567 3543100672794
568 568 3543101463241
569 569 3543101823319
570 570 3546102108135
571 571 3548101321370
572 572 3549100140728
573 573 3552101207596
574 574 3555100738991
575 575 3567101143280
576 576 3567102037131
577 577 3569101566487
578 578 3575104029494
579 579 3576103192982
580 580 3583103057532
581 581 3605103226990
582 582 3610102531618
583 583 3610103702172
584 584 3611103607911
585 585 3615102672797
586 586 3636101532362
587 587 3645103807786
588 588 3669102945908
589 589 3669103631467
590 590 3671101747119
591 591 3692101528535
592 592 3702103954593
593 593 3714102610833
594 594 3730102820375
595 595 3731102836538
596 596 3737101276028
597 597 3739103260698
598 598 3751101897598
599 599 3751102328669
600 600 3759102760101
601 601 3762103967926
602 602 3766103987524
603 603 3776103560531
604 604 3789102479633
605 605 3796102326210
606 606 3806102276636
607 607 3806102891509
608 608 3812102742077
609 609 3831101895413
610 610 3833102424098
611 611 3835101542495
612 612 3847102803240
613 613 3849103986621
614 614 3865101531606
615 615 3866100362314
616 616 3875100245035
617 617 3876101745511
618 618 3877102816998
619 619 3888100056712
620 620 3888102371008
621 621 3890102697105
622 622 3905101262714
623 623 3911102209021
624 624 3913102010393
625 625 3917100063692
626 626 3921101091745
627 627 3921102011753
628 628 3936101402349
629 629 3937102021653
630 630 3938102592415
631 631 3940103953719
632 632 3949102727919
633 633 3962100733128
634 634 3964103957223
635 635 3986103028343
636 636 3990102982875
637 637 4003102209106
638 638 4033101051039
639 639 4037100185668
640 640 4061102180928
641 641 4068102943974
642 642 4070102054152
643 643 4071102477628
644 644 4084103034120
645 645 4085102658543
646 646 4087103449637
647 647 4096102326527
648 648 4101103292121
649 649 4101103461520
650 650 4109102646549
651 651 4116103520080
652 652 4125102934133
653 653 4148104014632
654 654 4167100488031
655 655 4188102360488
656 656 4206102135991
657 657 4206102269421
658 658 4216100683824
659 659 4223101075454
660 660 4227100510067
661 661 4239101643441
662 662 4245104045522
663 663 4247103421215
664 664 4256103532309
665 665 4259102803988
666 666 4260101502191
667 667 4261101671738
668 668 4265103058331
669 669 4268102254655
670 670 4271103317549
671 671 4277102863905
672 672 4292102258183
673 673 4298101677123
674 674 4304102984039
675 675 4328100868329
676 676 4345103083118
677 677 4352103993202
678 678 4355101270107
679 679 4356101931547
680 680 4356102042580
681 681 4363102226904
682 682 4363102773112
683 683 4365100273529
684 684 4397100950188
685 685 4397103856699
686 686 4420102625166
687 687 4430101417962
688 688 4436103748954
689 689 4446103580628
690 690 4455103461285
691 691 4460102819217
692 692 4461102072964
693 693 4470103382466
694 694 4472103012736
695 695 4485100670165
696 696 4489100701327
697 697 4489103839183
698 698 4491102702721
699 699 4499103096130
700 700 4513102015102
701 701 4525103800774
702 702 4546101341945
703 703 4548100894022
704 704 4554103094520
705 705 4579103959467
706 706 4589103130882
707 707 4595102750570
708 708 4601103169156
709 709 4632102595356
710 710 4636101405150
711 711 4645102511493
712 712 4648102320445
713 713 4653103118461
714 714 4658102146205
715 715 4662103984804
716 716 4680102604791
717 717 4683103060647
718 718 4690102618796
719 719 4700101161739
720 720 4701104000828
721 721 4707101452675
722 722 4707102960730
723 723 4718102784788
724 724 4738100096302
725 725 4742103040995
726 726 4744103807084
727 727 4748102534526
728 728 4749103847916
729 729 4751102817970
730 730 4765101175039
731 731 4766102970888
732 732 4768102501909
733 733 4776102905857
734 734 4786101634947
735 735 4792100177197
736 736 4793103914960
737 737 4802103766132
738 738 4804101965701
739 739 4810103958125
740 740 4821104047985
741 741 4825101132309
742 742 4832103579644
743 743 4838103774423
744 744 4841104043911
745 745 4847101355928
746 746 4857103466411
747 747 4858101589296
748 748 4868103492283
749 749 4870101936820
750 750 4870103254267
751 751 4875103464005
752 752 4885101605809
753 753 4893103256833
754 754 4897103171442
755 755 4903103456392
756 756 4908101283522
757 757 4921100600944
758 758 4926102752845
759 759 4927102372701
760 760 4932102692206
761 761 4936102199199
762 762 4938100876395
763 763 4949104006229
764 764 4960104009430
765 765 4966103652090
766 766 4968102807169
767 767 4974103478752
768 768 4980101078372
769 769 4986102781953
770 770 5006101066274
771 771 5024103500784
772 772 5027102416036
773 773 5041100401215
774 774 5047104033510
775 775 5054102407441
776 776 5057102899313
777 777 5060103077200
778 778 5078102142579
779 779 5079102124693
780 780 5095101708379
781 781 5098102502280
782 782 5099103746056
783 783 5100101367477
784 784 5101102671632
785 785 5105103324652
786 786 5111102700321
787 787 5113102710758
788 788 5114103793562
789 789 5115101490801
790 790 5121100132339
791 791 5127103000206
792 792 5129102407947
793 793 5131104043742
794 794 5135101554183
795 795 5144102610764
796 796 5149102842577
797 797 5158103971014
798 798 5161103274291
799 799 5179101295012
800 800 5180103483246
801 801 5187102728083
802 802 5187103895023
803 803 5190100422976
804 804 5196103969884
805 805 5199103199643
806 806 5204101015620
807 807 5207102447333
808 808 5231102281703
809 809 5231103515818
810 810 5233102958772
811 811 5249101563928
812 812 5255102910959
813 813 5258102448158
814 814 5263102839120
815 815 5277103518779
816 816 5283101848101
817 817 5290100984743
818 818 5292100312136
819 819 5301103177392
820 820 5302101144060
821 821 5302103935443
822 822 5319103113777
823 823 5329100465774
824 824 5333103633554
825 825 5335102501450
826 826 5340101630666
827 827 5350104007011
828 828 5351100882792
829 829 5351102543621
830 830 5353100010748
831 831 5361100800284
832 832 5370100639368
833 833 5371102712386
834 834 5383102207956
835 835 5387102628961
836 836 5390101295985
837 837 5393101995391
838 838 5393102029502
839 839 5395101294893
840 840 5407103211503
841 841 5410102553213
842 842 5411102499203
843 843 5414101557385
844 844 5424101000249
845 845 5432102996708
846 846 5433104000412
847 847 5444103505603
848 848 5474100080121
849 849 5500103976022
850 850 5509100676803
851 851 5516101663475
852 852 5520101793168
853 853 5521101625709
854 854 5524101016705
855 855 5526100070461
856 856 5533104053844
857 857 5536101703150
858 858 5538102788966
859 859 5543101323839
860 860 5547103924417
861 861 5556103834282
862 862 5579100139130
863 863 5591103139949
864 864 5592101734126
865 865 5596100725790
866 866 5601103202046
867 867 5617103417586
868 868 5618101788600
869 869 5626104048221
870 870 5629102017256
871 871 5630101606568
872 872 5630102679365
873 873 5630103097055
874 874 5638101562933
875 875 5640102452290
876 876 5646103506846
877 877 5649103956675
878 878 5650103004257
879 879 5650103099141
880 880 5661102824596
881 881 5666102548775
882 882 5669101396808
883 883 5673100632903
884 884 5680103419958
885 885 5689101554103
886 886 5705101621559
887 887 5713100875956
888 888 5713102473098
889 889 5722102902586
890 890 5722103422883
891 891 5747100647804
892 892 5756100210713
893 893 5758101915325
894 894 5761101622007
895 895 5765102633960
896 896 5777100912416
897 897 5780102538871
898 898 5785101333380
899 899 5785103047044
900 900 5790102479139
901 901 5798102839164
902 902 5799103223238
903 903 5802101012599
904 904 5804103612536
905 905 5820103957581
906 906 5831102460891
907 907 5854100971084
908 908 5855102113330
909 909 5876103997513
910 910 5877103217414
911 911 5882102565354
912 912 5885103056742
913 913 5888102932795
914 914 5901101632839
915 915 5902101001026
916 916 5906103746274
917 917 5909101678849
918 918 5910102085628
919 919 5912104039237
920 920 5916104012524
921 921 5920101445060
922 922 5929102847103
923 923 5943101677146
924 924 5946101416509
925 925 5948103398058
926 926 5952103461449
927 927 5955103867717
928 928 5958100705739
929 929 5978103243497
930 930 5987102250439
931 931 5988103682598
932 932 5990102840582
933 933 5992103610662
934 934 6007101796852
935 935 6007103394829
936 936 6030102924725
937 937 6058103230203
938 938 6060102786623
939 939 6061103980107
940 940 6067100303337
941 941 6068101326346
942 942 6069103960113
943 943 6076101796146
944 944 6088103505422
945 945 6089100804730
946 946 6104101436720
947 947 6106102273911
948 948 6112101928088
949 949 6113101496114
950 950 6113101530189
951 951 6118103364205
952 952 6132103847600
953 953 6137100689430
954 954 6137103346312
955 955 6141102811073
956 956 6165100010145
957 957 6165103950734
958 958 6169102982942
959 959 6173102866151
960 960 6183102731919
961 961 6188102213833
962 962 6194102958239
963 963 6194103195925
964 964 6194103994006
965 965 6209103188686
966 966 6215103652130
967 967 6221103997363
968 968 6228101714942
969 969 6244103759169
970 970 6266102419717
971 971 6268101912814
972 972 6269102466256
973 973 6274102743262
974 974 6281100225503
975 975 6282102998476
976 976 6290102270088
977 977 6328101674109
978 978 6336104030794
979 979 6361102234934
980 980 6364102758537
981 981 6375100662008
982 982 6382103515676
983 983 6403102967591
984 984 6407101163605
985 985 6415101729981
986 986 6416103323405
987 987 6427102764487
988 988 6455102123940
989 989 6458100361884
990 990 6458100553642
991 991 6458101326433
992 992 6476103816907
993 993 6478102173777
994 994 6479102625381
995 995 6483103285857
996 996 6508101161429
997 997 6517101953205
998 998 6529101559868
999 999 6535100007982
1000 1000 6548100030914
1001 1001 6554101885697
1002 1002 6555102531476
1003 1003 6558100896921
1004 1004 6561102014404
1005 1005 6570101528345
1006 1006 6580100200493
1007 1007 6599102481624
1008 1008 6601103903126
1009 1009 6607104007786
1010 1010 6609102751614
1011 1011 6618101871434
1012 1012 6622102355787
1013 1013 6623101218226
1014 1014 6623102963680
1015 1015 6632102726235
1016 1016 6635103109029
1017 1017 6647103076126
1018 1018 6649103841314
1019 1019 6653103553643
1020 1020 6654102010495
1021 1021 6661101734153
1022 1022 6667101720038
1023 1023 6670100471421
1024 1024 6670103473059
1025 1025 6673101443541
1026 1026 6681102125307
1027 1027 6684101191238
1028 1028 6684103992169
1029 1029 6686103938258
1030 1030 6690102200114
1031 1031 6691102527149
1032 1032 6696104034271
1033 1033 6713100270446
1034 1034 6728101663942
1035 1035 6732101776816
1036 1036 6741103177127
1037 1037 6741103624301
1038 1038 6742100990722
1039 1039 6750102287956
1040 1040 6750104001636
1041 1041 6751100168309
1042 1042 6760101690234
1043 1043 6763103068398
1044 1044 6767102683359
1045 1045 6787103993081
1046 1046 6791102547540
1047 1047 6793102292875
1048 1048 6796103829570
1049 1049 6798100876913
1050 1050 6800102279036
1051 1051 6807103725880
1052 1052 6808100114672
1053 1053 6832102841877
1054 1054 6832104034113
1055 1055 6836101619960
1056 1056 6837100696603
1057 1057 6839104007893
1058 1058 6844102424259
1059 1059 6844103084187
1060 1060 6861101500099
1061 1061 6872101396595
1062 1062 6873100635198
1063 1063 6874101116304
1064 1064 6876101025499
1065 1065 6896102889973
1066 1066 6898104005083
1067 1067 6901100357305
1068 1068 6909102502378
1069 1069 6913100225021
1070 1070 6915101137385
1071 1071 6924103096540
1072 1072 6926103006628
1073 1073 6932103555462
1074 1074 6933101620876
1075 1075 6936102928763
1076 1076 6944104054647
1077 1077 6950102876164
1078 1078 6966102601662
1079 1079 6970102254376
1080 1080 6973103241294
1081 1081 6975100120118
1082 1082 6989100980353
1083 1083 6991103800954
1084 1084 6999101358280
1085 1085 7011103759163
1086 1086 7012103961666
1087 1087 7015101056789
1088 1088 7015103056356
1089 1089 7030102051004
1090 1090 7031100559280
1091 1091 7035100591545
1092 1092 7052100707634
1093 1093 7054101739846
1094 1094 7055101423856
1095 1095 7068103998020
1096 1096 7084103275711
1097 1097 7089104052173
1098 1098 7098100199459
1099 1099 7107102421289
1100 1100 7132101752916
1101 1101 7142101854680
1102 1102 7153102421572
1103 1103 7158101100604
1104 1104 7162101320668
1105 1105 7175101485543
1106 1106 7178103233390
1107 1107 7183104007602
1108 1108 7186103813513
1109 1109 7196103648872
1110 1110 7200102519960
1111 1111 7220103382981
1112 1112 7225104001672
1113 1113 7225104014564
1114 1114 7229103869047
1115 1115 7242100435278
1116 1116 7245101060751
1117 1117 7247103540833
1118 1118 7248103764274
1119 1119 7256100896062
1120 1120 7257102410974
1121 1121 7281100338555
1122 1122 7312104041609
1123 1123 7317101897492
1124 1124 7322101643765
1125 1125 7324102832694
1126 1126 7327100418009
1127 1127 7329101617974
1128 1128 7332103039121
1129 1129 7357101748828
1130 1130 7365103262435
1131 1131 7366102976827
1132 1132 7374101248803
1133 1133 7389103974736
1134 1134 7394101880437
1135 1135 7400103953340
1136 1136 7403101220797
1137 1137 7413101950084
1138 1138 7429101148106
1139 1139 7447103945229
1140 1140 7456103424752
1141 1141 7460101621691
1142 1142 7466103604716
1143 1143 7471103873997
1144 1144 7472102374033
1145 1145 7479102937035
1146 1146 7480102667358
1147 1147 7480103282518
1148 1148 7485101328824
1149 1149 7496103226245
1150 1150 7501103358054
1151 1151 7503102008462
1152 1152 7511103342082
1153 1153 7516103113283
1154 1154 7520101127004
1155 1155 7524102663548
1156 1156 7532103984070
1157 1157 7547100881660
1158 1158 7556103951954
1159 1159 7589101834631
1160 1160 7589101844745
1161 1161 7600100471386
1162 1162 7610100541346
1163 1163 7614102429789
1164 1164 7628103929751
1165 1165 7629104040627
1166 1166 7631102814642
1167 1167 7636101248076
1168 1168 7648103061237
1169 1169 7659102892750
1170 1170 7661103935177
1171 1171 7662104044262
1172 1172 7670101953400
1173 1173 7678103528921
1174 1174 7680102453373
1175 1175 7684101052863
1176 1176 7689103169393
1177 1177 7721102604637
1178 1178 7727100995776
1179 1179 7728103824601
1180 1180 7743101772157
1181 1181 7779103108326
1182 1182 7781102237117
1183 1183 7783103727615
1184 1184 7785100302138
1185 1185 7785104047063
1186 1186 7786102209312
1187 1187 7786102962989
1188 1188 7790101980820
1189 1189 7830100690160
1190 1190 7835103875593
1191 1191 7845103032361
1192 1192 7853100724111
1193 1193 7853102646569
1194 1194 7863103080430
1195 1195 7871100576092
1196 1196 7874103999600
1197 1197 7881102143572
1198 1198 7887101215429
1199 1199 7901101303324
1200 1200 7903101873853
1201 1201 7909103395770
1202 1202 7925103156538
1203 1203 7927102833237
1204 1204 7930103144063
1205 1205 7933103779118
1206 1206 7935100466415
1207 1207 7941103928231
1208 1208 7954102056038
1209 1209 7957100354049
1210 1210 7970101273553
1211 1211 7975100694752
1212 1212 7976102676751
1213 1213 7982104023153
1214 1214 8016103650464
1215 1215 8018103817113
1216 1216 8026103165630
1217 1217 8027101023923
1218 1218 8032102021770
1219 1219 8040102709843
1220 1220 8047103122993
1221 1221 8047103388335
1222 1222 8047103627129
1223 1223 8047104044848
1224 1224 8049101829254
1225 1225 8063100743757
1226 1226 8066102351442
1227 1227 8069103732881
1228 1228 8074103986921
1229 1229 8089103532216
1230 1230 8092102328513
1231 1231 8106100262303
1232 1232 8108102909495
1233 1233 8110102000920
1234 1234 8110103851508
1235 1235 8111100507316
1236 1236 8111103474134
1237 1237 8116104039451
1238 1238 8123103155003
1239 1239 8126103874824
1240 1240 8132103271938
1241 1241 8136103498004
1242 1242 8149104044105
1243 1243 8150103825717
1244 1244 8158103944173
1245 1245 8164100813452
1246 1246 8180102366938
1247 1247 8195103098021
1248 1248 8202101139066
1249 1249 8208100426504
1250 1250 8210100030251
1251 1251 8215101259910
1252 1252 8218102307878
1253 1253 8224103897793
1254 1254 8235103228851
1255 1255 8238103975594
1256 1256 8272100405986
1257 1257 8283103105302
1258 1258 8287104044961
1259 1259 8289103554088
1260 1260 8293103042701
1261 1261 8299101688756
1262 1262 8302103189783
1263 1263 8318100909984
1264 1264 8321101233970
1265 1265 8326103007557
1266 1266 8330102260227
1267 1267 8331101879851
1268 1268 8336104029837
1269 1269 8340103022014
1270 1270 8348101150553
1271 1271 8353101480342
1272 1272 8358100221927
1273 1273 8366103050355
1274 1274 8367100248209
1275 1275 8372103966815
1276 1276 8373100724804
1277 1277 8388102631893
1278 1278 8401102201110
1279 1279 8411103252948
1280 1280 8422101367875
1281 1281 8422103931680
1282 1282 8424101692003
1283 1283 8433100531959
1284 1284 8436103418622
1285 1285 8443101950323
1286 1286 8455100398433
1287 1287 8456100014374
1288 1288 8465103140825
1289 1289 8470100063283
1290 1290 8476102692185
1291 1291 8481104007373
1292 1292 8482103835236
1293 1293 8484100068379
1294 1294 8492104005406
1295 1295 8505100439957
1296 1296 8507102840174
1297 1297 8513103771917
1298 1298 8522103107474
1299 1299 8528104000600
1300 1300 8538102812223
1301 1301 8547102309274
1302 1302 8554103272077
1303 1303 8558103076724
1304 1304 8558103805272
1305 1305 8565102101132
1306 1306 8573103174764
1307 1307 8578104037026
1308 1308 8592102366907
1309 1309 8611101465451
1310 1310 8620102367115
1311 1311 8622104027678
1312 1312 8623100644492
1313 1313 8635103381969
1314 1314 8637103137075
1315 1315 8644101538805
1316 1316 8646103962664
1317 1317 8655100846732
1318 1318 8657101858944
1319 1319 8661100205032
1320 1320 8670101161014
1321 1321 8684103738373
1322 1322 8693103410241
1323 1323 8696101312581
1324 1324 8700100225822
1325 1325 8705102723159
1326 1326 8712102984550
1327 1327 8712103560237
1328 1328 8715102829807
1329 1329 8719100070703
1330 1330 8721100026989
1331 1331 8725102364562
1332 1332 8727100925609
1333 1333 8727102458862
1334 1334 8757101926057
1335 1335 8760101738859
1336 1336 8768103198062
1337 1337 8787102961089
1338 1338 8793103206711
1339 1339 8793103307124
1340 1340 8795102997434
1341 1341 8818102116708
1342 1342 8821101015021
1343 1343 8821101649425
1344 1344 8827102292475
1345 1345 8827103312988
1346 1346 8828101136529
1347 1347 8829100003630
1348 1348 8832103168766
1349 1349 8833103914703
1350 1350 8847103846336
1351 1351 8854101612052
1352 1352 8855102167929
1353 1353 8855102950330
1354 1354 8859101142039
1355 1355 8865102486421
1356 1356 8871101411060
1357 1357 8881100625363
1358 1358 8888100339729
1359 1359 8910101551585
1360 1360 8919103960401
1361 1361 8920101726265
1362 1362 8922101298096
1363 1363 8922103235489
1364 1364 8923101239030
1365 1365 8926102360652
1366 1366 8928101624481
1367 1367 8932101664941
1368 1368 8936100921090
1369 1369 8938104032484
1370 1370 8943101991583
1371 1371 8944100333098
1372 1372 8950103956874
1373 1373 8954101802946
1374 1374 8960103710837
1375 1375 8963103714279
1376 1376 8968101030106
1377 1377 8968104027364
1378 1378 8971100685760
1379 1379 8971101071301
1380 1380 8981101747228
1381 1381 8988103780449
1382 1382 8998102928959
1383 1383 9001100020102
1384 1384 9001101039484
1385 1385 9012103728005
1386 1386 9013102881503
1387 1387 9014103950576
1388 1388 9017103911698
1389 1389 9021101061919
1390 1390 9021103164857
1391 1391 9025101587079
1392 1392 9028100662930
1393 1393 9052103337430
1394 1394 9067100471520
1395 1395 9068103967660
1396 1396 9076100841007
1397 1397 9076102081740
1398 1398 9078104021380
1399 1399 9085102951057
1400 1400 9093103645596
1401 1401 9094102764541
1402 1402 9114101836676
1403 1403 9117103318463
1404 1404 9122102699343
1405 1405 9144103439866
1406 1406 9148103972874
1407 1407 9149103495736
1408 1408 9159100891465
1409 1409 9160101756504
1410 1410 9177102423341
1411 1411 9198102695883
1412 1412 9199103197557
1413 1413 9206102156828
1414 1414 9211102487957
1415 1415 9217102866190
1416 1416 9225102452243
1417 1417 9226100378858
1418 1418 9228103056128
1419 1419 9254101553633
1420 1420 9257103863028
1421 1421 9267101918169
1422 1422 9278100621875
1423 1423 9294103231793
1424 1424 9295103935135
1425 1425 9296102763515
1426 1426 9317103043961
1427 1427 9319102012655
1428 1428 9328103071399
1429 1429 9331100785233
1430 1430 9332102766715
1431 1431 9342100420557
1432 1432 9353102878197
1433 1433 9355102596165
1434 1434 9356103272948
1435 1435 9359102117412
1436 1436 9359103384496
1437 1437 9360101721627
1438 1438 9362104006175
1439 1439 9379100885310
1440 1440 9379101454985
1441 1441 9379102664546
1442 1442 9401104030137
1443 1443 9406103215371
1444 1444 9430101827901
1445 1445 9431103563835
1446 1446 9451101459698
1447 1447 9466100351280
1448 1448 9473103313393
1449 1449 9480101394426
1450 1450 9495103940029
1451 1451 9505100760245
1452 1452 9514100737780
1453 1453 9518103153387
1454 1454 9520102376524
1455 1455 9522100013316
1456 1456 9529102176240
1457 1457 9535103143807
1458 1458 9538102601488
1459 1459 9540103749932
1460 1460 9541101730619
1461 1461 9557103642963
1462 1462 9560100408764
1463 1463 9561102805716
1464 1464 9570103521218
1465 1465 9572101218311
1466 1466 9577103690373
1467 1467 9594100912473
1468 1468 9599101617086
1469 1469 9599103520749
1470 1470 9609103289297
1471 1471 9626103744632
1472 1472 9636102688076
1473 1473 9648100086763
1474 1474 9654102801685
1475 1475 9661100064265
1476 1476 9663103961585
1477 1477 9672103261713
1478 1478 9674102129840
1479 1479 9680101255343
1480 1480 9701102273009
1481 1481 9708102672953
1482 1482 9724102762384
1483 1483 9726101696532
1484 1484 9733100985379
1485 1485 9751102727812
1486 1486 9796103481844
1487 1487 9799102263217
1488 1488 9801102480268
1489 1489 9810102373876
1490 1490 9823104011640
1491 1491 9825100319063
1492 1492 9825102320772
1493 1493 9828102294031
1494 1494 9836103675533
1495 1495 9838104032608
1496 1496 9841100298134
1497 1497 9855101010291
1498 1498 9855101407185
1499 1499 9855104018907
1500 1500 9858102206114
1501 1501 9873104053129
1502 1502 9880101580516
1503 1503 9887102263224
1504 1504 9889101953501
1505 1505 9889102002437
1506 1506 9891104022670
1507 1507 9896102624915
1508 1508 9897100214821
1509 1509 9899101981422
1510 1510 9911102335994
1511 1511 9913103453365
1512 1512 9955101853619
1513 1513 9956100828414
1514 1514 9961100623227
1515 1515 9966102967519
1516 1516 9970100107783
1517 1517 9970100884392
1518 1518 9979100905477
1519 1519 9985102601593
1520 1520 9986102303178
