1 1 0001102933898
2 2 0007100860735
3 3 0008103030920
4 4 0011102726188
5 5 0016104555325
6 6 0017102135383
7 7 0023104566781
8 8 0033102954447
9 9 0039104525343
10 10 0042100664043
11 11 0046100821333
12 12 0067104466960
13 13 0068100196525
14 14 0070103879016
15 15 0075102291761
16 16 0094103742322
17 17 0094104299757
18 18 0098104592287
19 19 0100103371297
20 20 0111102957426
21 21 0112102261454
22 22 0115102433101
23 23 0115104601329
24 24 0124103370298
25 25 0124104407388
26 26 0132101909150
27 27 0134103163595
28 28 0135103011025
29 29 0138102200576
30 30 0139100174028
31 31 0152101656112
32 32 0164103443330
33 33 0166103943625
34 34 0171102759705
35 35 0171103245644
36 36 0172100167031
37 37 0175101347248
38 38 0175104433950
39 39 0176102407608
40 40 0178104467195
41 41 0194100980870
42 42 0196102788336
43 43 0202102475469
44 44 0206104468899
45 45 0211103177045
46 46 0213102730195
47 47 0218102693143
48 48 0219101847386
49 49 0222101410892
50 50 0223103013253
51 51 0225103413341
52 52 0228100423806
53 53 0229103640065
54 54 0234102967611
55 55 0239103311605
56 56 0239104614921
57 57 0247104611552
58 58 0250104554911
59 59 0251104555858
60 60 0253100511127
61 61 0262102480746
62 62 0265102296659
63 63 0271103010111
64 64 0272104323517
65 65 0276101215537
66 66 0278101168745
67 67 0288101635018
68 68 0290104564188
69 69 0293101147796
70 70 0293103474195
71 71 0298101717030
72 72 0303104480283
73 73 0306101180957
74 74 0306101872951
75 75 0311101147597
76 76 0313103135128
77 77 0323102464195
78 78 0329103969316
79 79 0330101724909
80 80 0335102859188
81 81 0338104254044
82 82 0340103542847
83 83 0344102680368
84 84 0344104103439
85 85 0351102984606
86 86 0352102819142
87 87 0376104463242
88 88 0391103318202
89 89 0406100889483
90 90 0409100928405
91 91 0410100018577
92 92 0421101033548
93 93 0433104375213
94 94 0437101953556
95 95 0438104554824
96 96 0438104591899
97 97 0452102304746
98 98 0456104445493
99 99 0458103925916
100 100 0462104411715
101 101 0466104293100
102 102 0472101315207
103 103 0478102197648
104 104 0479102807045
105 105 0480104525872
106 106 0497103115190
107 107 0497103581671
108 108 0502101157749
109 109 0502101235492
110 110 0503102382804
111 111 0505103879062
112 112 0506102511218
113 113 0507103150884
114 114 0510100087440
115 115 0512101022257
116 116 0514104506204
117 117 0517100874314
118 118 0517104230924
119 119 0524104114848
120 120 0525100411381
121 121 0526104583647
122 122 0529102344081
123 123 0532103083435
124 124 0539100845197
125 125 0541100068651
126 126 0543103188057
127 127 0548104114139
128 128 0554100858813
129 129 0567104418574
130 130 0570100668220
131 131 0573104460919
132 132 0574102686289
133 133 0586101873307
134 134 0587104083752
135 135 0590100638863
136 136 0593104416324
137 137 0602101439773
138 138 0602101647687
139 139 0606104582647
140 140 0613104604943
141 141 0618104361185
142 142 0627101545415
143 143 0632103362498
144 144 0632103862686
145 145 0635101888807
146 146 0636101529038
147 147 0637104512891
148 148 0644104493175
149 149 0660104299313
150 150 0673104270280
151 151 0679103065190
152 152 0683101338551
153 153 0686103717445
154 154 0687102003304
155 155 0689101140254
156 156 0696104486116
157 157 0705103033834
158 158 0705104590253
159 159 0707103940265
160 160 0708103801126
161 161 0714102417362
162 162 0714102911164
163 163 0715104467527
164 164 0716102791071
165 165 0719104014119
166 166 0721101740117
167 167 0726100370212
168 168 0730104594087
169 169 0731101283201
170 170 0731103469584
171 171 0746104438347
172 172 0748101282003
173 173 0754104440730
174 174 0758103136847
175 175 0762102126516
176 176 0774104263875
177 177 0786101258864
178 178 0797103037129
179 179 0804100260336
180 180 0804100612677
181 181 0813104423902
182 182 0814103149728
183 183 0819103317235
184 184 0826102732761
185 185 0835103030224
186 186 0837103121934
187 187 0837103525697
188 188 0839104360056
189 189 0841103797518
190 190 0847100327703
191 191 0848103058697
192 192 0865104322129
193 193 0872104257553
194 194 0873103499656
195 195 0874101793782
196 196 0875100251790
197 197 0878104218823
198 198 0890101281699
199 199 0891104477085
200 200 0902102643336
201 201 0905101532206
202 202 0907104585629
203 203 0912104440576
204 204 0931102073394
205 205 0939101950885
206 206 0939104544059
207 207 0945102484496
208 208 0952104460899
209 209 0954100981699
210 210 0959103197580
211 211 0961104322995
212 212 0966104614493
213 213 0968103934364
214 214 0970101304336
215 215 0973103125704
216 216 0981104456957
217 217 0995100840205
218 218 0996100819426
219 219 1001100546466
220 220 1010101901835
221 221 1011102962923
222 222 1016104468964
223 223 1016104556380
224 224 1021103102822
225 225 1032103959665
226 226 1039102374523
227 227 1056100287048
228 228 1066101295189
229 229 1071101575540
230 230 1074101848682
231 231 1081103414084
232 232 1082104463262
233 233 1089102041294
234 234 1097101045360
235 235 1102102082992
236 236 1108104055949
237 237 1112101103822
238 238 1132102458574
239 239 1133103847527
240 240 1140100801932
241 241 1142102345610
242 242 1144102527969
243 243 1145100601599
244 244 1145102783286
245 245 1148102676146
246 246 1157102006924
247 247 1169103462723
248 248 1175102339395
249 249 1175102391694
250 250 1179104587879
251 251 1181101828573
252 252 1193102135308
253 253 1201102608783
254 254 1201102853518
255 255 1203103545832
256 256 1206104432430
257 257 1209104349055
258 258 1210102808273
259 259 1217100841603
260 260 1234101656195
261 261 1234104519736
262 262 1243103706077
263 263 1258103344020
264 264 1263103919390
265 265 1268101172654
266 266 1269103369003
267 267 1272103081218
268 268 1273102992491
269 269 1273103096239
270 270 1276101823107
271 271 1281102449127
272 272 1282101922268
273 273 1283101547057
274 274 1285104262961
275 275 1292103063192
276 276 1294104474999
277 277 1295104437023
278 278 1303102374073
279 279 1314102469761
280 280 1315103232240
281 281 1324102987566
282 282 1335101928675
283 283 1336101796542
284 284 1340104500842
285 285 1343101540370
286 286 1355102544584
287 287 1377101277605
288 288 1381103370674
289 289 1388104028216
290 290 1391102778174
291 291 1394100414486
292 292 1395103225230
293 293 1395103521998
294 294 1397102276455
295 295 1409101105726
296 296 1420102890775
297 297 1421104580110
298 298 1428103618781
299 299 1431101965486
300 300 1439103064014
301 301 1440103581098
302 302 1448103965847
303 303 1459102575684
304 304 1473103449069
305 305 1479101531859
306 306 1486103550249
307 307 1486104024377
308 308 1488100881737
309 309 1492103779810
310 310 1499104547196
311 311 1503102400112
312 312 1508102899569
313 313 1511102168512
314 314 1512103539745
315 315 1516104475506
316 316 1522101175554
317 317 1526103575833
318 318 1530104088112
319 319 1534100332069
320 320 1539104046282
321 321 1551101859804
322 322 1551104553387
323 323 1554100340055
324 324 1565100612755
325 325 1566104587970
326 326 1567102841480
327 327 1587104527729
328 328 1595102623377
329 329 1600104283582
330 330 1602104268550
331 331 1605104476386
332 332 1608101048136
333 333 1614102422116
334 334 1622100287647
335 335 1623104159364
336 336 1631103528460
337 337 1662102149417
338 338 1663101076799
339 339 1664103852135
340 340 1666102919304
341 341 1670104455212
342 342 1671100151248
343 343 1673101150118
344 344 1677102013276
345 345 1678103061146
346 346 1693103647981
347 347 1701104565166
348 348 1714104479213
349 349 1715102890085
350 350 1720103367873
351 351 1722103905924
352 352 1725102297179
353 353 1735104275915
354 354 1738101373448
355 355 1741102199721
356 356 1743102371939
357 357 1746102903639
358 358 1748103208677
359 359 1759102110087
360 360 1769104209430
361 361 1770102344251
362 362 1781101996560
363 363 1782104138172
364 364 1795103770417
365 365 1797104531720
366 366 1800104444567
367 367 1803104614795
368 368 1804103000873
369 369 1810104171127
370 370 1811101025086
371 371 1811103419762
372 372 1822104346556
373 373 1824103230550
374 374 1824104325909
375 375 1829101374877
376 376 1832102444693
377 377 1833100251107
378 378 1835104174579
379 379 1848103331442
380 380 1849102737114
381 381 1851102964108
382 382 1854102197033
383 383 1854102326121
384 384 1859104338839
385 385 1860101581160
386 386 1861102972511
387 387 1861104071527
388 388 1868102270128
389 389 1869100303708
390 390 1869102494731
391 391 1869103831983
392 392 1870100986733
393 393 1871100728023
394 394 1871102446116
395 395 1882103372415
396 396 1884104431043
397 397 1891102223281
398 398 1891103169395
399 399 1898104616351
400 400 1899102242773
401 401 1906103003061
402 402 1908102389550
403 403 1910103213451
404 404 1939103534610
405 405 1941104574063
406 406 1943103284178
407 407 1945102824745
408 408 1948102134964
409 409 1951104059026
410 410 1957102667460
411 411 1962103790080
412 412 1962104288237
413 413 1974102882996
414 414 1975102310911
415 415 1976103925907
416 416 1988100919668
417 417 1988104554766
418 418 1989102668355
419 419 1989103874069
420 420 1989104506031
421 421 1990101028307
422 422 1998102595580
423 423 2001102470254
424 424 2010100717271
425 425 2010104440980
426 426 2014103921378
427 427 2015100381355
428 428 2032101242525
429 429 2037102990167
430 430 2043103123300
431 431 2048103477102
432 432 2049102877018
433 433 2052100831400
434 434 2068104036704
435 435 2070103027198
436 436 2077101418971
437 437 2080102413335
438 438 2082100622858
439 439 2096103027743
440 440 2100103066164
441 441 2104104201163
442 442 2105104112924
443 443 2109102853853
444 444 2122102377910
445 445 2122102680243
446 446 2122103282034
447 447 2123103682852
448 448 2127101923650
449 449 2130104127395
450 450 2131103304938
451 451 2137101853256
452 452 2139104217732
453 453 2145102506836
454 454 2145104465044
455 455 2147104096469
456 456 2149103932281
457 457 2149104595943
458 458 2160104495151
459 459 2161102830409
460 460 2164102653015
461 461 2164103493620
462 462 2171103590374
463 463 2172104331272
464 464 2178102358742
465 465 2181100095495
466 466 2193104472169
467 467 2202104605387
468 468 2206100911479
469 469 2206103411190
470 470 2213103706528
471 471 2220103211980
472 472 2222102391802
473 473 2222102844264
474 474 2227104570913
475 475 2228103996293
476 476 2231104254172
477 477 2240103116406
478 478 2242102309028
479 479 2243102273821
480 480 2246102879380
481 481 2250101896840
482 482 2254101499276
483 483 2269104432658
484 484 2280102833847
485 485 2281100039891
486 486 2284104576013
487 487 2287102867810
488 488 2291103474440
489 489 2293102147236
490 490 2298103891319
491 491 2298104541980
492 492 2299101857384
493 493 2302102481485
494 494 2302103295817
495 495 2303104351977
496 496 2306102870807
497 497 2311104601067
498 498 2313101519507
499 499 2314104478168
500 500 2316101765603
501 501 2318103356816
502 502 2319103766560
503 503 2321102530651
504 504 2327104456461
505 505 2328103161375
506 506 2329102159098
507 507 2331101096914
508 508 2335102241532
509 509 2339100697422
510 510 2340101332730
511 511 2341104445807
512 512 2353103156107
513 513 2354103428202
514 514 2361103424196
515 515 2363100515834
516 516 2364102042543
517 517 2372103182663
518 518 2374102096983
519 519 2381103665707
520 520 2382101415439
521 521 2385102907576
522 522 2388101256637
523 523 2389100979786
524 524 2404100976265
525 525 2404101193277
526 526 2413104493632
527 527 2421103584433
528 528 2422104436490
529 529 2425104517446
530 530 2429103248719
531 531 2430102511225
532 532 2431102686696
533 533 2432103267953
534 534 2437104280392
535 535 2446100003500
536 536 2450104175156
537 537 2453103346594
538 538 2454100087086
539 539 2455100327005
540 540 2459102092569
541 541 2497101917875
542 542 2500102501646
543 543 2503102198348
544 544 2503103340473
545 545 2509102363558
546 546 2512102500193
547 547 2513104024479
548 548 2530103845869
549 549 2531104603484
550 550 2532101238711
551 551 2541101477564
552 552 2542103581989
553 553 2548103987968
554 554 2550100476464
555 555 2563104556912
556 556 2575101180673
557 557 2575102121772
558 558 2576104557733
559 559 2580103971748
560 560 2585100651337
561 561 2588103861126
562 562 2597103784698
563 563 2603101312134
564 564 2605103336223
565 565 2607102747869
566 566 2615102511203
567 567 2631100343797
568 568 2631104609635
569 569 2645101625997
570 570 2648104543167
571 571 2651101781969
572 572 2654102859627
573 573 2656103932242
574 574 2665104162467
575 575 2669102978411
576 576 2670103863954
577 577 2671103149464
578 578 2690100882592
579 579 2702104606905
580 580 2705101297924
581 581 2708101309845
582 582 2718103932354
583 583 2719100313468
584 584 2721103689113
585 585 2721103762384
586 586 2733100107106
587 587 2733103025336
588 588 2742104345150
589 589 2743103863718
590 590 2744100444676
591 591 2757103014185
592 592 2758102150145
593 593 2759103805889
594 594 2760104291200
595 595 2761104356072
596 596 2763100224831
597 597 2763101879978
598 598 2765100865686
599 599 2767101930949
600 600 2769103864964
601 601 2769104583389
602 602 2774104043388
603 603 2783100685787
604 604 2784104072235
605 605 2791101875824
606 606 2793101170779
607 607 2795103177978
608 608 2808103584540
609 609 2815101145029
610 610 2823101883557
611 611 2826103210446
612 612 2837100681078
613 613 2838101998717
614 614 2841103733091
615 615 2843100120289
616 616 2844104449588
617 617 2847102731779
618 618 2849104056544
619 619 2871100151555
620 620 2872104577685
621 621 2875101623660
622 622 2876104372192
623 623 2880104089447
624 624 2889102724556
625 625 2895102282958
626 626 2911102507914
627 627 2912100826978
628 628 2924101474857
629 629 2929101475588
630 630 2931103165892
631 631 2932102144897
632 632 2937104479407
633 633 2938103182707
634 634 2941104278982
635 635 2942103390651
636 636 2948101097799
637 637 2954100882611
638 638 2964102815098
639 639 2967101848712
640 640 2971102471320
641 641 2973100979616
642 642 2977104569110
643 643 2987100235825
644 644 3002102710774
645 645 3012102588896
646 646 3015100662549
647 647 3016104410159
648 648 3018103657630
649 649 3020101185877
650 650 3026102400766
651 651 3032102647684
652 652 3036104592081
653 653 3045100721323
654 654 3053101423144
655 655 3059104369402
656 656 3077104377313
657 657 3078103210576
658 658 3082100222635
659 659 3083100541893
660 660 3083103343319
661 661 3083103344994
662 662 3085103400175
663 663 3088104605628
664 664 3112103910141
665 665 3118102352698
666 666 3127104015530
667 667 3128101725215
668 668 3133102563838
669 669 3140104440836
670 670 3150104418304
671 671 3154104391481
672 672 3155103281251
673 673 3157101299668
674 674 3157101570033
675 675 3158101752544
676 676 3163103544929
677 677 3189102448409
678 678 3194102714925
679 679 3197103966237
680 680 3202104601652
681 681 3211101834553
682 682 3218102610523
683 683 3223104492778
684 684 3225103158263
685 685 3226101890893
686 686 3227104574538
687 687 3229101758207
688 688 3229104447602
689 689 3230104390902
690 690 3236103833291
691 691 3242100001791
692 692 3245100736129
693 693 3246102470505
694 694 3248101450399
695 695 3249104039450
696 696 3254101780085
697 697 3257104361665
698 698 3274102962388
699 699 3275102891890
700 700 3284101690940
701 701 3286100712913
702 702 3286104465846
703 703 3289101567223
704 704 3289102498469
705 705 3290103870545
706 706 3299103528523
707 707 3301104039958
708 708 3306101012126
709 709 3309102908779
710 710 3317102453805
711 711 3323102099132
712 712 3326104372211
713 713 3329104165966
714 714 3331103461877
715 715 3336103358494
716 716 3346104229919
717 717 3347100103311
718 718 3348102287389
719 719 3348104611748
720 720 3353103698939
721 721 3356103045750
722 722 3357101194002
723 723 3359102878076
724 724 3363100237308
725 725 3373102396792
726 726 3373102794692
727 727 3376104431630
728 728 3381104584397
729 729 3384102626546
730 730 3392103384463
731 731 3396102487403
732 732 3407103544963
733 733 3424100982209
734 734 3426101682939
735 735 3429102550098
736 736 3439103423415
737 737 3440102163143
738 738 3448100505414
739 739 3454100999574
740 740 3454104460303
741 741 3460103631760
742 742 3461104044490
743 743 3466104272865
744 744 3467101848213
745 745 3475101409629
746 746 3478100327681
747 747 3482101352381
748 748 3487101875142
749 749 3495101977971
750 750 3496103547784
751 751 3499101320344
752 752 3502100376686
753 753 3503102134140
754 754 3515104074190
755 755 3516104615393
756 756 3517103624960
757 757 3517104165392
758 758 3520104366278
759 759 3523101939721
760 760 3524102863551
761 761 3538100922000
762 762 3553104418308
763 763 3562102840134
764 764 3570104423945
765 765 3571101595631
766 766 3580101230259
767 767 3581104575091
768 768 3584100331047
769 769 3591102765094
770 770 3598104447692
771 771 3602101607258
772 772 3604101959987
773 773 3612102770086
774 774 3614100323970
775 775 3616100142832
776 776 3619103043358
777 777 3627104485506
778 778 3630104436898
779 779 3636101870129
780 780 3638101045811
781 781 3638102272489
782 782 3639101123010
783 783 3641104223133
784 784 3642102316418
785 785 3649103282281
786 786 3653103402318
787 787 3655102964639
788 788 3658102086402
789 789 3658104572351
790 790 3662104320830
791 791 3663103124744
792 792 3672103697788
793 793 3675103869535
794 794 3676104563978
795 795 3678100295165
796 796 3690104592365
797 797 3702100962490
798 798 3707104561585
799 799 3708103182727
800 800 3712103634611
801 801 3713100426478
802 802 3716100653616
803 803 3721104336009
804 804 3724102812688
805 805 3725104582147
806 806 3736103161649
807 807 3746102040304
808 808 3747102255625
809 809 3751101183286
810 810 3755103698433
811 811 3760103126464
812 812 3762102178919
813 813 3774104010836
814 814 3780102999831
815 815 3789103475011
816 816 3797103503329
817 817 3805101288757
818 818 3807101886358
819 819 3811100126477
820 820 3812102945403
821 821 3816103534185
822 822 3834101277386
823 823 3837101556895
824 824 3841103606145
825 825 3842101940622
826 826 3848100134884
827 827 3859100186813
828 828 3860104208889
829 829 3863100928610
830 830 3864100219858
831 831 3865103875532
832 832 3865104455806
833 833 3873103557618
834 834 3877104448762
835 835 3881104533846
836 836 3884104449545
837 837 3888104203410
838 838 3895101091635
839 839 3902102985744
840 840 3911101723986
841 841 3912102883524
842 842 3912104532151
843 843 3913102891850
844 844 3919102112932
845 845 3930104140390
846 846 3948102007628
847 847 3948102604287
848 848 3956101858379
849 849 3957101185261
850 850 3957104460918
851 851 3963102949744
852 852 3965104487173
853 853 3967101510213
854 854 3970102256580
855 855 3979104448590
856 856 3993104439719
857 857 4002103091580
858 858 4005101930835
859 859 4006104433518
860 860 4023103882754
861 861 4024104367170
862 862 4026102116121
863 863 4027104618684
864 864 4034104280973
865 865 4036103177821
866 866 4041102454021
867 867 4041102991760
868 868 4046103194034
869 869 4052102015558
870 870 4058101402114
871 871 4059104339203
872 872 4069104507907
873 873 4080104475597
874 874 4082101735472
875 875 4089102439000
876 876 4093102492164
877 877 4094101133561
878 878 4098103192381
879 879 4104102573645
880 880 4105101920643
881 881 4107104393115
882 882 4109100330631
883 883 4110104028677
884 884 4111100612977
885 885 4130103626741
886 886 4133103429396
887 887 4141104272754
888 888 4151104586687
889 889 4152101696455
890 890 4155102183708
891 891 4157100914881
892 892 4160102895619
893 893 4168102832911
894 894 4168102998780
895 895 4168104413793
896 896 4172102315251
897 897 4172104612514
898 898 4175101216329
899 899 4177103449814
900 900 4205104326113
901 901 4212101101162
902 902 4216101577491
903 903 4216103162798
904 904 4219102450783
905 905 4222101443035
906 906 4232101175346
907 907 4233102169719
908 908 4235104225661
909 909 4263103467280
910 910 4265103689753
911 911 4266100649155
912 912 4274100542256
913 913 4292102148251
914 914 4293101002167
915 915 4296102361476
916 916 4299104525465
917 917 4301104596837
918 918 4309101064435
919 919 4309101606380
920 920 4311101154354
921 921 4317101788632
922 922 4325101814712
923 923 4334101920514
924 924 4337104456870
925 925 4337104475484
926 926 4342102926366
927 927 4354103805280
928 928 4355102877918
929 929 4356104341713
930 930 4358101216101
931 931 4359101384984
932 932 4363103554674
933 933 4365103493185
934 934 4367104588828
935 935 4374103657986
936 936 4378102719668
937 937 4389102394955
938 938 4391103520591
939 939 4392103572547
940 940 4393102385753
941 941 4393104580621
942 942 4396102447503
943 943 4401104319395
944 944 4412101738147
945 945 4419103335286
946 946 4419104465102
947 947 4423100239171
948 948 4442104417928
949 949 4442104596510
950 950 4446104306288
951 951 4453101038263
952 952 4453101445966
953 953 4453102009695
954 954 4454102562865
955 955 4460103850840
956 956 4464100412787
957 957 4466100865633
958 958 4466104397847
959 959 4470102141709
960 960 4477101313953
961 961 4481103288255
962 962 4487100135986
963 963 4487102107387
964 964 4489104322857
965 965 4493100104616
966 966 4499101229608
967 967 4502104609150
968 968 4503103954745
969 969 4505102068928
970 970 4505104602180
971 971 4510103952224
972 972 4512100895305
973 973 4519101712927
974 974 4521104520262
975 975 4522104524864
976 976 4526102910355
977 977 4527102331303
978 978 4533104019949
979 979 4540102218399
980 980 4541101602743
981 981 4542103688631
982 982 4547104478367
983 983 4548102065980
984 984 4554104560738
985 985 4556102688703
986 986 4562103609738
987 987 4563103213333
988 988 4568102018983
989 989 4571104428095
990 990 4576104440192
991 991 4580100162262
992 992 4581100224934
993 993 4581102122770
994 994 4590104240113
995 995 4602103988134
996 996 4604104336823
997 997 4606102030149
998 998 4624102487736
999 999 4625104461891
1000 1000 4629104246559
1001 1001 4640103540459
1002 1002 4644101435095
1003 1003 4663104354407
1004 1004 4667103999122
1005 1005 4673104195355
1006 1006 4675103043670
1007 1007 4680104085154
1008 1008 4680104468013
1009 1009 4684102276610
1010 1010 4690101842946
1011 1011 4704102430569
1012 1012 4714104444962
1013 1013 4726103086358
1014 1014 4730102391668
1015 1015 4731100881227
1016 1016 4738104605407
1017 1017 4740100882116
1018 1018 4742100837870
1019 1019 4749103203660
1020 1020 4752101893772
1021 1021 4757101175083
1022 1022 4763102812346
1023 1023 4764102504349
1024 1024 4773102258479
1025 1025 4774101579578
1026 1026 4779104343498
1027 1027 4780103552689
1028 1028 4781102026119
1029 1029 4789103080476
1030 1030 4794103337469
1031 1031 4799100100965
1032 1032 4809100931971
1033 1033 4810100814265
1034 1034 4812101814043
1035 1035 4813103738789
1036 1036 4826100435994
1037 1037 4828102307307
1038 1038 4831104434190
1039 1039 4835104510457
1040 1040 4844104514453
1041 1041 4847104479236
1042 1042 4852103087365
1043 1043 4854104443773
1044 1044 4860103678625
1045 1045 4873100534623
1046 1046 4878102236255
1047 1047 4878103222063
1048 1048 4897103827745
1049 1049 4904101767787
1050 1050 4904104287897
1051 1051 4916101850550
1052 1052 4926104558148
1053 1053 4931104470625
1054 1054 4939101878349
1055 1055 4942103332452
1056 1056 4956104468622
1057 1057 4960103141875
1058 1058 4963100235252
1059 1059 4969104613923
1060 1060 4970103125651
1061 1061 4976103265191
1062 1062 4982104213102
1063 1063 4985102917060
1064 1064 4986102701843
1065 1065 4993104342074
1066 1066 4999102917768
1067 1067 5004100891376
1068 1068 5004101508511
1069 1069 5006102869253
1070 1070 5006104358260
1071 1071 5010102188718
1072 1072 5029100328353
1073 1073 5031104494897
1074 1074 5034101014564
1075 1075 5043103873909
1076 1076 5044104471777
1077 1077 5045103456604
1078 1078 5067103376663
1079 1079 5081102714067
1080 1080 5085101024317
1081 1081 5093100897953
1082 1082 5096104474145
1083 1083 5101102714411
1084 1084 5102101863876
1085 1085 5112102338927
1086 1086 5121102688497
1087 1087 5121104566921
1088 1088 5124103545233
1089 1089 5133104587507
1090 1090 5137101999631
1091 1091 5147102604604
1092 1092 5149100662574
1093 1093 5152103259772
1094 1094 5161104602253
1095 1095 5164103800412
1096 1096 5166102974498
1097 1097 5166103750538
1098 1098 5168104575729
1099 1099 5173104482480
1100 1100 5182100405227
1101 1101 5183100911671
1102 1102 5184100813985
1103 1103 5191100573776
1104 1104 5199101489197
1105 1105 5209100424362
1106 1106 5211104335482
1107 1107 5212100919913
1108 1108 5213100020781
1109 1109 5218100758467
1110 1110 5220102989199
1111 1111 5223103703990
1112 1112 5234104346425
1113 1113 5238101004771
1114 1114 5240104460791
1115 1115 5250103974686
1116 1116 5251104552232
1117 1117 5253100429713
1118 1118 5259102457726
1119 1119 5273103707246
1120 1120 5276101033511
1121 1121 5281100693341
1122 1122 5284101180145
1123 1123 5285103176408
1124 1124 5290104533621
1125 1125 5290104555237
1126 1126 5299104318351
1127 1127 5304101927147
1128 1128 5305103538979
1129 1129 5314102862136
1130 1130 5315104068883
1131 1131 5319100755571
1132 1132 5326102518316
1133 1133 5334104031871
1134 1134 5336103015994
1135 1135 5338102449709
1136 1136 5342102094120
1137 1137 5351100858160
1138 1138 5351102418917
1139 1139 5354103807846
1140 1140 5361102888821
1141 1141 5363103854917
1142 1142 5364102260491
1143 1143 5369104062841
1144 1144 5379102353092
1145 1145 5384103394869
1146 1146 5386102515299
1147 1147 5398104141627
1148 1148 5401100091682
1149 1149 5406104226568
1150 1150 5407103860462
1151 1151 5409104607922
1152 1152 5415101629252
1153 1153 5420101412630
1154 1154 5432101497389
1155 1155 5442100368476
1156 1156 5454104447120
1157 1157 5462104401725
1158 1158 5464103467303
1159 1159 5476101228709
1160 1160 5483104375587
1161 1161 5486101445249
1162 1162 5489102590418
1163 1163 5490103347804
1164 1164 5491103749987
1165 1165 5493104545205
1166 1166 5495104493770
1167 1167 5499103223407
1168 1168 5501103193958
1169 1169 5508101797201
1170 1170 5508103935570
1171 1171 5513100120339
1172 1172 5517102409462
1173 1173 5522102692608
1174 1174 5528103524205
1175 1175 5533100043154
1176 1176 5542103101808
1177 1177 5545103298204
1178 1178 5554102199840
1179 1179 5559101210945
1180 1180 5563100470021
1181 1181 5564100144239
1182 1182 5565103058226
1183 1183 5567103141828
1184 1184 5585100622498
1185 1185 5590102244817
1186 1186 5595104615257
1187 1187 5598101227278
1188 1188 5601103477942
1189 1189 5605102025599
1190 1190 5606101749387
1191 1191 5606103131119
1192 1192 5607104443974
1193 1193 5616102461067
1194 1194 5620102748935
1195 1195 5623103549190
1196 1196 5637102495155
1197 1197 5639101566318
1198 1198 5640103141134
1199 1199 5645103574344
1200 1200 5646104492623
1201 1201 5650101022124
1202 1202 5650103928185
1203 1203 5653102468993
1204 1204 5657103144505
1205 1205 5661101301690
1206 1206 5661103222751
1207 1207 5662102626491
1208 1208 5668103210887
1209 1209 5669102393791
1210 1210 5669104331513
1211 1211 5670103369199
1212 1212 5673104607353
1213 1213 5674102899246
1214 1214 5677103587478
1215 1215 5682101465655
1216 1216 5686102140085
1217 1217 5691103313106
1218 1218 5697103405568
1219 1219 5702103987653
1220 1220 5703102331368
1221 1221 5703102857166
1222 1222 5705101196191
1223 1223 5707100570649
1224 1224 5717101044180
1225 1225 5717104248103
1226 1226 5725104070923
1227 1227 5729100603514
1228 1228 5730100193604
1229 1229 5731101070567
1230 1230 5745102841886
1231 1231 5747101743073
1232 1232 5747102242185
1233 1233 5747103191487
1234 1234 5753103014917
1235 1235 5754101488309
1236 1236 5762104474118
1237 1237 5778102214367
1238 1238 5784104529392
1239 1239 5788103820458
1240 1240 5790100904825
1241 1241 5790104603948
1242 1242 5791104600385
1243 1243 5796103657803
1244 1244 5809104325777
1245 1245 5820103931606
1246 1246 5821103606790
1247 1247 5825102904181
1248 1248 5826103901310
1249 1249 5828102625179
1250 1250 5828104439718
1251 1251 5831100044975
1252 1252 5832101554009
1253 1253 5855102022895
1254 1254 5857104602222
1255 1255 5859100214708
1256 1256 5863102682851
1257 1257 5872104195051
1258 1258 5874100829240
1259 1259 5880103093725
1260 1260 5883101662827
1261 1261 5885101554367
1262 1262 5888101011943
1263 1263 5891101103027
1264 1264 5893100722659
1265 1265 5898100677087
1266 1266 5898100819722
1267 1267 5899102664764
1268 1268 5909103381282
1269 1269 5913101942510
1270 1270 5920102544823
1271 1271 5921101280918
1272 1272 5922103956355
1273 1273 5928101637671
1274 1274 5928104061767
1275 1275 5938101189219
1276 1276 5939102312440
1277 1277 5941103943958
1278 1278 5947101353683
1279 1279 5949104498299
1280 1280 5951103370195
1281 1281 5954101039378
1282 1282 5956103934624
1283 1283 5957104552522
1284 1284 5967100329962
1285 1285 5967100491417
1286 1286 5968104299107
1287 1287 5975101957196
1288 1288 5984102049980
1289 1289 5986104436065
1290 1290 5988104208377
1291 1291 5992103153609
1292 1292 5993104453081
1293 1293 6005103007109
1294 1294 6006103014313
1295 1295 6007103158419
1296 1296 6009102862285
1297 1297 6019104447252
1298 1298 6022104083942
1299 1299 6025100313242
1300 1300 6030102603385
1301 1301 6031101319841
1302 1302 6037100801390
1303 1303 6040100722593
1304 1304 6040102446793
1305 1305 6041101672290
1306 1306 6041103863760
1307 1307 6042100688503
1308 1308 6042101293421
1309 1309 6043104036492
1310 1310 6045102392058
1311 1311 6048101697043
1312 1312 6055101495453
1313 1313 6056103444758
1314 1314 6057103291923
1315 1315 6060104618317
1316 1316 6061104072553
1317 1317 6077103171658
1318 1318 6081103273000
1319 1319 6090104427928
1320 1320 6092104429750
1321 1321 6096101755260
1322 1322 6097100230690
1323 1323 6113103687982
1324 1324 6114104007895
1325 1325 6115103785422
1326 1326 6117104463565
1327 1327 6119101660179
1328 1328 6123100104123
1329 1329 6126102367695
1330 1330 6132104569492
1331 1331 6137104564896
1332 1332 6148103880408
1333 1333 6156101698778
1334 1334 6163102924561
1335 1335 6177103811685
1336 1336 6187103308827
1337 1337 6193102950278
1338 1338 6198104606570
1339 1339 6200104334426
1340 1340 6201100809613
1341 1341 6201101237327
1342 1342 6202102544113
1343 1343 6210104183192
1344 1344 6220101477046
1345 1345 6222103145278
1346 1346 6227100233305
1347 1347 6232104461227
1348 1348 6246100136041
1349 1349 6269102784473
1350 1350 6273102410592
1351 1351 6275101140890
1352 1352 6275101247842
1353 1353 6279103140808
1354 1354 6283101789970
1355 1355 6283102763604
1356 1356 6287100088372
1357 1357 6291101333103
1358 1358 6293102941177
1359 1359 6295100067450
1360 1360 6296102075058
1361 1361 6300101180897
1362 1362 6300102425154
1363 1363 6302103155688
1364 1364 6302103953846
1365 1365 6310103140733
1366 1366 6316104265008
1367 1367 6318104541751
1368 1368 6322100904771
1369 1369 6322102702187
1370 1370 6325100330733
1371 1371 6326102468511
1372 1372 6334100785930
1373 1373 6340101875309
1374 1374 6356100173680
1375 1375 6360101903649
1376 1376 6361101524886
1377 1377 6362103277601
1378 1378 6362104061334
1379 1379 6369102694750
1380 1380 6375101558749
1381 1381 6380104446453
1382 1382 6388102472946
1383 1383 6389100413684
1384 1384 6395104570745
1385 1385 6411102543847
1386 1386 6417104418123
1387 1387 6419100748280
1388 1388 6421102808499
1389 1389 6426104207095
1390 1390 6427103087372
1391 1391 6434104102617
1392 1392 6435103573090
1393 1393 6435104462565
1394 1394 6436103833493
1395 1395 6443101749168
1396 1396 6451102271858
1397 1397 6452102003042
1398 1398 6453103978202
1399 1399 6455103524544
1400 1400 6456101204858
1401 1401 6460104318708
1402 1402 6464104571839
1403 1403 6470100818051
1404 1404 6478104469667
1405 1405 6478104570246
1406 1406 6480100388253
1407 1407 6481102244625
1408 1408 6484103177468
1409 1409 6486104479756
1410 1410 6494104470275
1411 1411 6497102472928
1412 1412 6497103021608
1413 1413 6510101761398
1414 1414 6513104502193
1415 1415 6515104491733
1416 1416 6517103109368
1417 1417 6518103420939
1418 1418 6522102995740
1419 1419 6522103497101
1420 1420 6529101047638
1421 1421 6530101172579
1422 1422 6534104607879
1423 1423 6536101988165
1424 1424 6537103302835
1425 1425 6548104164889
1426 1426 6552103818297
1427 1427 6558103115902
1428 1428 6559102888814
1429 1429 6563101611735
1430 1430 6564102320854
1431 1431 6568101515345
1432 1432 6570104326288
1433 1433 6575103882431
1434 1434 6578102140402
1435 1435 6580103222712
1436 1436 6591102833673
1437 1437 6597102783869
1438 1438 6600103813957
1439 1439 6601104518166
1440 1440 6602102027887
1441 1441 6613101220625
1442 1442 6621101775814
1443 1443 6630102990220
1444 1444 6641100951655
1445 1445 6642101967801
1446 1446 6642104506394
1447 1447 6644104433233
1448 1448 6649101092446
1449 1449 6657103032899
1450 1450 6659100613058
1451 1451 6663104602064
1452 1452 6665104363291
1453 1453 6665104500807
1454 1454 6666104319105
1455 1455 6694100272268
1456 1456 6704102963966
1457 1457 6707104530459
1458 1458 6711104617344
1459 1459 6713103667305
1460 1460 6714103559243
1461 1461 6723104463205
1462 1462 6742102509700
1463 1463 6747103224826
1464 1464 6748101341209
1465 1465 6767104328664
1466 1466 6774102318064
1467 1467 6778104449050
1468 1468 6779102520831
1469 1469 6791103029468
1470 1470 6791104465646
1471 1471 6799102166387
1472 1472 6800104582618
1473 1473 6807103974758
1474 1474 6809101322134
1475 1475 6810102106252
1476 1476 6812101823063
1477 1477 6812103406441
1478 1478 6816102926960
1479 1479 6825104559927
1480 1480 6831104494961
1481 1481 6842104442096
1482 1482 6843102769720
1483 1483 6844103667998
1484 1484 6848100748079
1485 1485 6851104412295
1486 1486 6868102438717
1487 1487 6875102531637
1488 1488 6878101471809
1489 1489 6883102143801
1490 1490 6889104463411
1491 1491 6890102933382
1492 1492 6897103300605
1493 1493 6897103425896
1494 1494 6897103485091
1495 1495 6898101290691
1496 1496 6903104451765
1497 1497 6911102943298
1498 1498 6914103286323
1499 1499 6925102895593
1500 1500 6926102940507
1501 1501 6933103192300
1502 1502 6933104508386
1503 1503 6936103505471
1504 1504 6937103623516
1505 1505 6939101075085
1506 1506 6946103334726
1507 1507 6950102484176
1508 1508 6954101409057
1509 1509 6955101860136
1510 1510 6956100609534
1511 1511 6957102312830
1512 1512 6963101587607
1513 1513 6964101991239
1514 1514 6970100664997
1515 1515 6971101412175
1516 1516 6973100578678
1517 1517 6979104225952
1518 1518 6980104305207
1519 1519 6981103332796
1520 1520 6986101605112
1521 1521 6990104611871
1522 1522 6994100787994
1523 1523 6994104467403
1524 1524 7009104239895
1525 1525 7017102017145
1526 1526 7021104215013
1527 1527 7029100913459
1528 1528 7031100390017
1529 1529 7034101941764
1530 1530 7034102973424
1531 1531 7035103973547
1532 1532 7035104032088
1533 1533 7041104537386
1534 1534 7048104582377
1535 1535 7049103555557
1536 1536 7050104529516
1537 1537 7051104338065
1538 1538 7053103121105
1539 1539 7055104588078
1540 1540 7061101917467
1541 1541 7075103949473
1542 1542 7089103781954
1543 1543 7094102448809
1544 1544 7099101439323
1545 1545 7118103301031
1546 1546 7119101576657
1547 1547 7122103362647
1548 1548 7122103543281
1549 1549 7127104409143
1550 1550 7130101063834
1551 1551 7130102608674
1552 1552 7133104138667
1553 1553 7138101988226
1554 1554 7138103141365
1555 1555 7163101007196
1556 1556 7166102522692
1557 1557 7171103341460
1558 1558 7171103527790
1559 1559 7178104121255
1560 1560 7185102454107
1561 1561 7194102225410
1562 1562 7196100537821
1563 1563 7202104349880
1564 1564 7206102784768
1565 1565 7206104521378
1566 1566 7207104419549
1567 1567 7209100034865
1568 1568 7211101639434
1569 1569 7216103713924
1570 1570 7218103903325
1571 1571 7218104561002
1572 1572 7233104461787
1573 1573 7237104453130
1574 1574 7243101357584
1575 1575 7243104443459
1576 1576 7244100716779
1577 1577 7252101265265
1578 1578 7255100088268
1579 1579 7255102148910
1580 1580 7267103560014
1581 1581 7270101606489
1582 1582 7290102750788
1583 1583 7294102704487
1584 1584 7304101386320
1585 1585 7310102947703
1586 1586 7311101037500
1587 1587 7316104544816
1588 1588 7330100609593
1589 1589 7338104039963
1590 1590 7340102334019
1591 1591 7341102220158
1592 1592 7341102605879
1593 1593 7345103726342
1594 1594 7347103151860
1595 1595 7356102398530
1596 1596 7358103419637
1597 1597 7359100953599
1598 1598 7361103406817
1599 1599 7363101796927
1600 1600 7366102650697
1601 1601 7368103181387
1602 1602 7402101081611
1603 1603 7404100781783
1604 1604 7405103157916
1605 1605 7416104343836
1606 1606 7417101085788
1607 1607 7419103444247
1608 1608 7420100762143
1609 1609 7442100863575
1610 1610 7442104615740
1611 1611 7448104222069
1612 1612 7453100503911
1613 1613 7457102671096
1614 1614 7484101819940
1615 1615 7487100493158
1616 1616 7488102917318
1617 1617 7495104389479
1618 1618 7496104510822
1619 1619 7501103653464
1620 1620 7503103808050
1621 1621 7505103918512
1622 1622 7508100338521
1623 1623 7508104271496
1624 1624 7530100639988
1625 1625 7530104054980
1626 1626 7531101277885
1627 1627 7532104505154
1628 1628 7534101474212
1629 1629 7537102808297
1630 1630 7538103326453
1631 1631 7540101235703
1632 1632 7540104319480
1633 1633 7549104051437
1634 1634 7557102479499
1635 1635 7558104464108
1636 1636 7564104354388
1637 1637 7565101270950
1638 1638 7573101720548
1639 1639 7584104014574
1640 1640 7600102133388
1641 1641 7609103630173
1642 1642 7612103225165
1643 1643 7612104468767
1644 1644 7617100486961
1645 1645 7619104375412
1646 1646 7621103612037
1647 1647 7622103436993
1648 1648 7625100970198
1649 1649 7630100276260
1650 1650 7636101566842
1651 1651 7638102506008
1652 1652 7653100518465
1653 1653 7663103270773
1654 1654 7663104513718
1655 1655 7665101707363
1656 1656 7666103860656
1657 1657 7667101277474
1658 1658 7668102803264
1659 1659 7673101683080
1660 1660 7677103457053
1661 1661 7679100243282
1662 1662 7684100234362
1663 1663 7694100417658
1664 1664 7694102049331
1665 1665 7698103245838
1666 1666 7700101174838
1667 1667 7703101154457
1668 1668 7703101962286
1669 1669 7706104071329
1670 1670 7715103021313
1671 1671 7726102778955
1672 1672 7726104264655
1673 1673 7727102447098
1674 1674 7728101495486
1675 1675 7735103994526
1676 1676 7742100454046
1677 1677 7743103256689
1678 1678 7748104439628
1679 1679 7770103667394
1680 1680 7778101632495
1681 1681 7778104594566
1682 1682 7782101390250
1683 1683 7783102103585
1684 1684 7786103216473
1685 1685 7789100289662
1686 1686 7795104146894
1687 1687 7797101168153
1688 1688 7798104351660
1689 1689 7799104463854
1690 1690 7802100107501
1691 1691 7803103825720
1692 1692 7808102286096
1693 1693 7812104024273
1694 1694 7816103696680
1695 1695 7816104369349
1696 1696 7817103903851
1697 1697 7822103747946
1698 1698 7824104470377
1699 1699 7825101054666
1700 1700 7831103822697
1701 1701 7840101178626
1702 1702 7845103684420
1703 1703 7849102012783
1704 1704 7851104453358
1705 1705 7868103462707
1706 1706 7870100922004
1707 1707 7887104615531
1708 1708 7890100801335
1709 1709 7893104485125
1710 1710 7899102794247
1711 1711 7904104599672
1712 1712 7905104285276
1713 1713 7906100848891
1714 1714 7907103500010
1715 1715 7909100787745
1716 1716 7910102336757
1717 1717 7916101288280
1718 1718 7923104538188
1719 1719 7927103409706
1720 1720 7927104458066
1721 1721 7930103390870
1722 1722 7931100249772
1723 1723 7935100774190
1724 1724 7936103082554
1725 1725 7944102608995
1726 1726 7949100307465
1727 1727 7950103860262
1728 1728 7960101743248
1729 1729 7960103110029
1730 1730 7964103183138
1731 1731 7969101813512
1732 1732 7975104048770
1733 1733 7977102942210
1734 1734 7981104172520
1735 1735 7988102382981
1736 1736 7989100729209
1737 1737 7991100001559
1738 1738 7996104340186
1739 1739 7998103369609
1740 1740 8003103064917
1741 1741 8008104602981
1742 1742 8011101731204
1743 1743 8015101994507
1744 1744 8035104374759
1745 1745 8043103937710
1746 1746 8049100242460
1747 1747 8055102750258
1748 1748 8056100778257
1749 1749 8057104441311
1750 1750 8063102365705
1751 1751 8065102889517
1752 1752 8068102572513
1753 1753 8070102805303
1754 1754 8078102605325
1755 1755 8083103452903
1756 1756 8085102708831
1757 1757 8087102183207
1758 1758 8087102797453
1759 1759 8094100752917
1760 1760 8096102905292
1761 1761 8098102852531
1762 1762 8100101113036
1763 1763 8104102780103
1764 1764 8105103926212
1765 1765 8114101649680
1766 1766 8114103311564
1767 1767 8123100171671
1768 1768 8128101543190
1769 1769 8129101398519
1770 1770 8129104515826
1771 1771 8135103947651
1772 1772 8136102698364
1773 1773 8144101791486
1774 1774 8147101338740
1775 1775 8151103383357
1776 1776 8154101077063
1777 1777 8161103312891
1778 1778 8162100534424
1779 1779 8163101767842
1780 1780 8163102567732
1781 1781 8165104422190
1782 1782 8167101710017
1783 1783 8171101777553
1784 1784 8172104478534
1785 1785 8184101208100
1786 1786 8198104588565
1787 1787 8199104499769
1788 1788 8210101423028
1789 1789 8216100679415
1790 1790 8216102989711
1791 1791 8216103822822
1792 1792 8230104593265
1793 1793 8234102572791
1794 1794 8234104292446
1795 1795 8238103004928
1796 1796 8245102557151
1797 1797 8250102264571
1798 1798 8253101848784
1799 1799 8256103296383
1800 1800 8257100164168
1801 1801 8273103060353
1802 1802 8275100745701
1803 1803 8277100677353
1804 1804 8282102937358
1805 1805 8288100806215
1806 1806 8288101614740
1807 1807 8291103992129
1808 1808 8297103148837
1809 1809 8299103042467
1810 1810 8300102515593
1811 1811 8309103281795
1812 1812 8319101786699
1813 1813 8339101384830
1814 1814 8342101619815
1815 1815 8343103699550
1816 1816 8362104089995
1817 1817 8381104461917
1818 1818 8382102493909
1819 1819 8385104251279
1820 1820 8387104047478
1821 1821 8389104491065
1822 1822 8392101100470
1823 1823 8394102183334
1824 1824 8394102211487
1825 1825 8398101055085
1826 1826 8403101183499
1827 1827 8403102397827
1828 1828 8405101482963
1829 1829 8408104360528
1830 1830 8413101891007
1831 1831 8418103565207
1832 1832 8419100371228
1833 1833 8419104167286
1834 1834 8422101902891
1835 1835 8433101638880
1836 1836 8446101948838
1837 1837 8450101845013
1838 1838 8455104116663
1839 1839 8457103309742
1840 1840 8458101488517
1841 1841 8465102713359
1842 1842 8465104208384
1843 1843 8472102695336
1844 1844 8475101277754
1845 1845 8478104367379
1846 1846 8487102534344
1847 1847 8489101336028
1848 1848 8496102330264
1849 1849 8497101669240
1850 1850 8497101714828
1851 1851 8499104366934
1852 1852 8501100328845
1853 1853 8505104564931
1854 1854 8509103078434
1855 1855 8509103976761
1856 1856 8515101389540
1857 1857 8520102330262
1858 1858 8520104286127
1859 1859 8521104445734
1860 1860 8536101417022
1861 1861 8547101651667
1862 1862 8549102465733
1863 1863 8556101989889
1864 1864 8558102514317
1865 1865 8562101593964
1866 1866 8563102417954
1867 1867 8564101367368
1868 1868 8565104519679
1869 1869 8570102070570
1870 1870 8577104614391
1871 1871 8578100619839
1872 1872 8578102403871
1873 1873 8581100221066
1874 1874 8581100743660
1875 1875 8582104328611
1876 1876 8593100726944
1877 1877 8595104360534
1878 1878 8596104099010
1879 1879 8597104541402
1880 1880 8598101485120
1881 1881 8598102629962
1882 1882 8601103163526
1883 1883 8604100828522
1884 1884 8608103356289
1885 1885 8609103537638
1886 1886 8609103819203
1887 1887 8639101818237
1888 1888 8642102412075
1889 1889 8642104504491
1890 1890 8649103270752
1891 1891 8652102774645
1892 1892 8654101307169
1893 1893 8664102064121
1894 1894 8667101040627
1895 1895 8668104554594
1896 1896 8671103564316
1897 1897 8679101717014
1898 1898 8679102314688
1899 1899 8687102261839
1900 1900 8688100489695
1901 1901 8698102352734
1902 1902 8699101432482
1903 1903 8703101944366
1904 1904 8723102409177
1905 1905 8728100098424
1906 1906 8728100515808
1907 1907 8742103001502
1908 1908 8746104458097
1909 1909 8766101941116
1910 1910 8766103939211
1911 1911 8767101595814
1912 1912 8767104349508
1913 1913 8772100051206
1914 1914 8772102529917
1915 1915 8772104447809
1916 1916 8779100838626
1917 1917 8781100912743
1918 1918 8793103586117
1919 1919 8794101290193
1920 1920 8797103291797
1921 1921 8800103497144
1922 1922 8805101403824
1923 1923 8821103371522
1924 1924 8832101137415
1925 1925 8840103035998
1926 1926 8854104152602
1927 1927 8855101620236
1928 1928 8872103518910
1929 1929 8873102211748
1930 1930 8876103648308
1931 1931 8878101382972
1932 1932 8878104272887
1933 1933 8881103380160
1934 1934 8886102418060
1935 1935 8889101636223
1936 1936 8890102355048
1937 1937 8890104123610
1938 1938 8897104544497
1939 1939 8903100254325
1940 1940 8918104408624
1941 1941 8925104455409
1942 1942 8927104569944
1943 1943 8928101386352
1944 1944 8929103394145
1945 1945 8935100193933
1946 1946 8936101788567
1947 1947 8939100532495
1948 1948 8939103680655
1949 1949 8940101254230
1950 1950 8951100748120
1951 1951 8955101793134
1952 1952 8955103115074
1953 1953 8957101674204
1954 1954 8964103332224
1955 1955 8965103949039
1956 1956 8975103028222
1957 1957 8986102314113
1958 1958 8987103432085
1959 1959 8991104608226
1960 1960 8996104475540
1961 1961 8997103868871
1962 1962 9001104034351
1963 1963 9005100879740
1964 1964 9006101083872
1965 1965 9007103885259
1966 1966 9010104598235
1967 1967 9014103142328
1968 1968 9034103664378
1969 1969 9035100667285
1970 1970 9038103528800
1971 1971 9044104208955
1972 1972 9048102958861
1973 1973 9049103638762
1974 1974 9049103715256
1975 1975 9056103931213
1976 1976 9060100764919
1977 1977 9068103127794
1978 1978 9072102057069
1979 1979 9072103206625
1980 1980 9081102154141
1981 1981 9089100815017
1982 1982 9098101390507
1983 1983 9098101676330
1984 1984 9099100827066
1985 1985 9099103999377
1986 1986 9109102167033
1987 1987 9110101473105
1988 1988 9117103809839
1989 1989 9118102256266
1990 1990 9121102062083
1991 1991 9123102747981
1992 1992 9128100529411
1993 1993 9128101198936
1994 1994 9132103739351
1995 1995 9135101412679
1996 1996 9143104431821
1997 1997 9144100483823
1998 1998 9150102090094
1999 1999 9152104587607
2000 2000 9164104122463
2001 2001 9174102302042
2002 2002 9175103110990
2003 2003 9179104454728
2004 2004 9180102819316
2005 2005 9180104380274
2006 2006 9183100393691
2007 2007 9183104606049
2008 2008 9197103103325
2009 2009 9208101771965
2010 2010 9217103946319
2011 2011 9227102078828
2012 2012 9227103514423
2013 2013 9228104430526
2014 2014 9231103513163
2015 2015 9233103861762
2016 2016 9246104615400
2017 2017 9248101513941
2018 2018 9253101759171
2019 2019 9261100007487
2020 2020 9262101572827
2021 2021 9273102973715
2022 2022 9288102183082
2023 2023 9300101072977
2024 2024 9306104521321
2025 2025 9308100009043
2026 2026 9328104460524
2027 2027 9329103132050
2028 2028 9330104071942
2029 2029 9333103540464
2030 2030 9347101630007
2031 2031 9348104486906
2032 2032 9357101829385
2033 2033 9357104004062
2034 2034 9363102366748
2035 2035 9365101310686
2036 2036 9370102698734
2037 2037 9372102777724
2038 2038 9373102132692
2039 2039 9375102351912
2040 2040 9381102621907
2041 2041 9382104610509
2042 2042 9383104339337
2043 2043 9388104442060
2044 2044 9389103735363
2045 2045 9397104169367
2046 2046 9401102470835
2047 2047 9401102915858
2048 2048 9405102143108
2049 2049 9428103381160
2050 2050 9435102297345
2051 2051 9441100679965
2052 2052 9443102778042
2053 2053 9444100507829
2054 2054 9447103885396
2055 2055 9455103317532
2056 2056 9456101699442
2057 2057 9459100161297
2058 2058 9462103862789
2059 2059 9473104461454
2060 2060 9482102963700
2061 2061 9490101595468
2062 2062 9491103683517
2063 2063 9506103923017
2064 2064 9507102281164
2065 2065 9518104454007
2066 2066 9522103579503
2067 2067 9522104391389
2068 2068 9537101371819
2069 2069 9543102726584
2070 2070 9546104486683
2071 2071 9551104183944
2072 2072 9555100040189
2073 2073 9558101296140
2074 2074 9559100705412
2075 2075 9559102104815
2076 2076 9559102795631
2077 2077 9560104504422
2078 2078 9570100961116
2079 2079 9571101847778
2080 2080 9592102918411
2081 2081 9604102602464
2082 2082 9606104454222
2083 2083 9630102314044
2084 2084 9641102329781
2085 2085 9650103946852
2086 2086 9657101855170
2087 2087 9664102591361
2088 2088 9666102669215
2089 2089 9669101762887
2090 2090 9676101068415
2091 2091 9686101177696
2092 2092 9688104401424
2093 2093 9690103487852
2094 2094 9691100628365
2095 2095 9715100289120
2096 2096 9715104185555
2097 2097 9724100746605
2098 2098 9724102965059
2099 2099 9724104600371
2100 2100 9728102339673
2101 2101 9730100286011
2102 2102 9730102024388
2103 2103 9742100869387
2104 2104 9751104512123
2105 2105 9755101674646
2106 2106 9782100422126
2107 2107 9783101060283
2108 2108 9795103359926
2109 2109 9799101060559
2110 2110 9811104106995
2111 2111 9818100147790
2112 2112 9820101912156
2113 2113 9822103273227
2114 2114 9827104383914
2115 2115 9828103359760
2116 2116 9828104277063
2117 2117 9841102281074
2118 2118 9845103420005
2119 2119 9849102876195
2120 2120 9854103648791
2121 2121 9856100357239
2122 2122 9862100991841
2123 2123 9880104562444
2124 2124 9881101909706
2125 2125 9897101016338
2126 2126 9908104551722
2127 2127 9909103315417
2128 2128 9912102797146
2129 2129 9918104386201
2130 2130 9919103723358
2131 2131 9933102845788
2132 2132 9936101618422
2133 2133 9943101189820
2134 2134 9957100780445
2135 2135 9960102581609
2136 2136 9966104580882
2137 2137 9968104613295
2138 2138 9991101407959
2139 2139 9994101251653
