1 23015 2668104683833 北京安顺隆华停车管理服务有限公司
2 79884 9637104502808 北京至上华韵文化传播有限公司
3 40799 4858104522694 北京舜禹工贸有限责任公司
4 25746 2990104561529 北京中科远恒科技有限公司
5 44470 5303104786483 北京安泰京粤粘胶剂有限公司
6 76531 9218104622644 北京侨福置业有限公司
7 81355 9811104550225 北京时合动力信息技术有限公司
8 54783 6560104681456 北京云谋文化传播有限公司
9 76199 9179104830859 北京保利泰克塑料制品有限公司
10 3359 0390104970300 北京百富怡大酒店管理有限公司
11 32819 3837104737577 翰辰远东国际建筑设计顾问（北京）有限公司
12 38210 4515104762044 北京硕泰塑胶制品有限公司
13 54368 6509104663418 北京恒隆瑞达会议会展服务有限公司
14 58783 7043104556488 北京安宝房地产开发有限公司
15 62519 7516104561749 北京红创文化传播有限公司
16 51751 6177104731101 北京捷瑞达物流有限公司
17 29501 3436104499200 马哈（北京）贸易有限公司
18 7359 0846104947634 北京天安嘉业房地产经纪有限公司
19 42886 5115104852430 北京斯泰达建筑工程有限公司
20 25905 3007105019691 北京海通基业国际货运代理股份有限公司
21 5878 0679104604090 北京顺安伟业国际货运代理有限公司
22 31272 3656104598329 北京万力康科技有限公司
23 41369 4930104732515 北京鑫洪融建筑装饰有限公司
24 16267 1872104582603 北京盛世易达物流有限公司
25 37066 4363104561309 北京中联通达物流有限公司
26 70960 8546104558523 北京市煤气热力工程设计院有限公司
27 21446 2481105092703 北京金锐畅捷公路养护有限公司
28 45717 5464104685916 北京行者天下科技有限公司
29 41648 4965104556535 北京联拓通达汽车销售服务有限公司
30 46702 5580104663201 北京明韩电子有限公司
31 33483 3913104690958 北京东方盛泽建筑装饰工程有限公司
32 15134 1742104549735 北京墨派崇华室内设计有限责任公司
33 58414 6990104954707 北京东阳西友展览服务有限责任公司
34 24186 2805104538667 格维瑞（北京）汽车设计有限责任公司
35 56384 6751104607295 江苏博爱星律师事务所北京分所
36 61765 7416104920889 北京中建鑫浩文化传媒有限公司
37 5635 0653104880274 北京物美生活超市有限公司
38 35378 4150104706383 北京蓝色风潮科技有限公司
39 2859 0331104663706 中国有色金属工业再生资源有限公司
40 67372 8106104472793 北京北方海盛科技发展有限公司
41 48963 5846104527169 北京君艳达科技有限公司
42 25789 2994105062755 宝日医生物技术（北京）有限公司
43 43236 5159104852597 北京兴业万方不锈钢有限公司
44 62668 7534104968036 北京奇妙佳儿童用品有限责任公司
45 38696 4580104596471 江南布衣服饰（北京）有限公司
46 40909 4872104480488 至秦（北京）智能科技有限公司
47 12232 1394104583284 北京市新达城国际防水工程有限公司
48 62521 7516104671906 通联支付网络服务股份有限公司北京分公司
49 74948 9026104664099 万达文化旅游规划研究院有限公司
50 37848 4471104615903 北京麒麟网文化股份有限公司
51 63288 7610105129264 北京天马轴承有限公司
52 16530 1902104511096 北京金一文化发展股份有限公司
53 8661 0991104908279 北京联维商贸有限公司
54 52478 6266104491193 北京鼎盛恒通管道清洗有限公司
55 76558 9220105095531 北京三磊建筑设计有限公司
56 74695 8995104496308 北京路通联华科技发展有限公司
57 38515 4557104548798 北京金力达房地产开发有限公司
58 24533 2845104495001 北京慧驰科技有限公司
59 71632 8629104487757 长源动力（北京）科技有限公司
60 56463 6760104755507 北京高能华源科贸有限公司
61 55085 6596104929292 北京图腾印象数字科技有限公司
62 35638 4181104855184 北京京城亚联商贸有限公司
63 13136 1510104764392 北京北控置业有限责任公司
64 29498 3435104885172 北京马可正嘉汽车运动股份有限公司
65 52829 6309104663148 北京卓彩包装制品有限公司
66 17686 2037104868588 北京市西单麻辣诱惑餐饮有限公司崇文门店
67 62749 7544104789572 中国京冶工程技术有限公司
68 30182 3524104489388 北京巨源华海核仪表有限公司
69 2399 0277104849234 北京佳胜畅通物流有限公司
70 755 0083104752093 北京汉氢科技有限公司
71 46116 5512104979404 北京大地华宇物流有限公司
72 77075 9286104685838 北京盈冲机电科技有限公司
73 4501 0527104693609 北京京现汽车维修服务有限公司
74 58466 6997104694983 北京科通科创电气设备有限公司
75 59895 7179104833678 北京视算协同科技有限公司
76 63042 7583104707368 北京中嘉空间展示设计有限公司
77 70989 8550104556575 北京特种仪表厂
78 61654 7398104687505 北京奥蝶科技有限公司
79 60524 7257104494478 密云县放马峪铁矿
80 79110 9547104546388 北京达因瑞康科技有限责任公司
81 58728 7036104513847 北京高士达建筑工程有限责任公司
82 41878 4996104829649 北京正合茂祥经贸有限公司
83 53722 6421104565404 北京达文物业管理有限公司
84 3800 0443104717172 北京海达飞科技有限公司
85 66366 7985104673380 中国创投融资担保有限公司
86 16953 1951104853115 北京福星晓程电子科技股份有限公司
87 6473 0747104969361 北京安迪盛安全系统自动化有限公司
88 5937 0686104492405 北京市轨道交通设计研究院有限公司
89 30581 3573104615200 北京天鼎雅丽会展有限公司
90 64641 7775104624748 康美（北京）药业有限公司
91 23251 2696104488095 北京中港贸易有限公司
92 64054 7701104553699 华铁工程咨询有限责任公司
93 46699 5580104539921 北京华康容信医疗器械有限公司
94 29348 3414105092637 北京图灵科技有限公司
95 12287 1401105021956 北京利仁科技有限责任公司
96 13325 1530104752758 北京大诚若谷信息技术有限公司
97 12654 1452104484990 北京万通志达科技有限公司
98 13739 1580104504205 北京必肯国际商用标识有限公司
99 9839 1122104537172 北京鼎盛恒创科技有限公司
100 21011 2422104628331 北京页川斯达汽车销售服务有限公司
101 61112 7329104570124 北京来立信科技有限公司
102 65002 7818105049295 北京地博资源科技有限公司
103 60123 7206104565719 北京优贝网络科技有限责任公司
104 74194 8934104490675 北京房地集团有限公司第一物业管理分公司
105 74684 8993104599155 北京锡安之乐商贸有限公司
106 69165 8321104517051 北京市东旺农药厂
107 12030 1371104593134 北京安泰伟奥信息技术有限公司
108 33148 3876104685293 北京纹歌科技发展有限公司
109 75535 9099105120182 北京京海盛事广告传媒有限公司
110 13516 1553104547865 北京正鸿福泰厨房设备有限公司
111 3707 0434104657129 北京宝辰博雅汽车销售服务有限公司
112 59813 7169104797607 北京民众安建筑劳务有限公司
113 46962 5612104485104 北京优普森科技有限公司
114 75475 9093104607220 北京立思辰新技术有限公司
115 80687 9734104514225 北京联时创业科技有限公司
116 13208 1518104484757 北京天龙钨钼科技股份有限公司
117 64869 7800104598780 中交公路规划设计院有限公司
118 9337 1067104487868 全宁科技（北京）有限公司
119 46084 5509104611043 北京镭志威光电技术有限公司
120 35876 4209104512157 北京金建出租汽车有限公司
121 11213 1274104517306 北京盛利达物流有限公司
122 56813 6802104684597 北京盛瑞安祥科技有限公司
123 82554 9951104939692 北京圣美宏光展览展示有限公司
124 20710 2386104575659 北京华通伟业汽车销售服务有限公司
125 60457 7247104923595 北京高分宝树科技有限公司
126 65015 7820104547700 德雅会（北京）文化传播有限公司
127 30377 3548104875732 亚科瑞控制技术（北京）有限责任公司
128 58105 6955104665307 北京合盛纺科技有限公司
129 46179 5519104831066 北京市昌平区优美双语幼儿园
130 46571 5564105108046 北京网库信息技术股份有限公司
131 50389 6021104878036 北京北科麦思科自动化工程技术有限公司
132 57250 6857105146004 北京华夏天翊国际贸易有限公司
133 51815 6185104554967 北京庄凌顾问有限公司
134 39513 4679104906106 北京满天星物业管理有限责任公司
135 17998 2075104484761 北京思行天地科技有限公司
136 76679 9236104866606 北京融信优贝网络技术有限公司
137 64708 7781104755148 北京金开利德国际服装市场有限公司
138 62480 7511104747187 北京东信泰科自动化技术有限公司密云分公司
139 12068 1375104683017 北京昌盛嘉业彩色印刷设计有限公司
140 80153 9668104496074 北京水木源华电气股份有限公司
141 4924 0573104555003 北京乐名洋建筑机械设备租赁有限公司
142 56278 6738104815882 联讯互动（北京）科技有限公司
143 13354 1534104913495 北京美亨达服装有限公司
144 17065 1967104571109 北京日昌电气有限公司
145 60934 7309104673307 北京建生药业有限公司
146 46390 5544105115332 北京盛唐研修学院
147 17093 1969104884285 北京诚信人清洗服务有限责任公司
148 54177 6485104561906 风云传奇（北京）科技发展有限公司
149 31614 3697104552294 北京顺天顺水市政工程有限公司顺天顺源分公司
150 82031 9888104587685 北京玖美电子商务有限公司
151 31408 3671104882825 北京亿来置业有限公司
152 3318 0385104574967 北京江南投资集团有限公司
153 50608 6046104491016 北京京鸿华利木业有限公司
154 56916 6813104630585 北京强势合力国际会展有限公司
155 9799 1119104545383 互联网域名系统北京市工程研究中心有限公司
156 4299 0506104482929 北京和合美颜商贸有限公司
157 65400 7866104829494 北京博大兴投资开发有限公司
158 39413 4668104520944 北京中建紫竹酒店有限责任公司
159 13738 1579104820156 北京神州合创科技有限公司
160 9670 1104104621225 北京金阳普泰石油技术股份有限公司
161 38789 4592104609889 北京市碧桂园房地产开发有限公司
162 36878 4338104590089 北京冀航金属加工厂
163 69921 8411104547266 北京燕盈劳务服务中心
164 28965 3370104792587 英大泰和人寿保险股份有限公司北京分公司
165 46080 5509104481068 北京天航佳德科技有限公司
166 29410 3424104859160 北京联荣佳业科技发展有限公司
167 7998 0916104573976 北京正达金源科技有限公司
168 7449 0857104705260 北京季诺金工程技术有限公司
169 57477 6883104863951 北京格莱希尔空调设备有限公司
170 4008 0470104574455 北京通州运河苑渡假村有限公司
171 31453 3677104567529 北京昆仑华港清洁能源技术开发有限公司
172 2390 0276104912376 拓速乐汽车销售（北京）有限公司
173 80221 9675104961678 北京宝瑞通典当行有限责任公司
174 48883 5836105077375 北京市丰台区义和双语艺术幼儿园
175 30953 3617104745931 北京皓星通安停车管理中心
176 37887 4477104480788 北京蓝华宇房地产开发有限公司
177 43460 5185104665239 北京同方科迅技术开发有限公司
178 65490 7878104907424 新世界出版社有限责任公司
179 42729 5097104955098 北京金三优装饰有限责任公司
180 14067 1618104517162 北京鑫晟华业技术开发有限公司
181 47922 5728104787571 北京爱特康科贸有限责任公司
182 59153 7088104501200 北京经纬诚信投资公司
183 26492 3078104518689 北京北方环球科技有限公司
184 47100 5630104533055 山水盛典文化产业有限公司
185 15163 1745104788255 北京粤光缘商贸有限公司
186 47072 5625104961343 中测新图（北京）遥感技术有限责任公司
187 6643 0764104688842 北京科大天工科技服务有限公司
188 77852 9381104835060 德汇工程管理（北京）有限公司
189 29715 3463104961681 北京译通动力信息技术有限公司
190 13700 1576104492639 北京纳成商贸有限责任公司
191 11279 1281104621278 北京福天利宏建筑工程有限公司
192 25296 2936104485841 北京世纪传承文化传播有限公司
193 48742 5819104546656 福建省天闽建筑装饰有限公司北京分公司
194 41365 4930104606418 北京瑛达源食品商贸有限公司
195 50999 6089104547787 北京方瑞铸造有限公司
196 69309 8337104836759 北京欧亚泰科技发展有限公司
197 67342 8102104824549 北京精艺车达汽车用品有限公司
198 53937 6447104961643 北京米奥科技有限公司
199 31525 3686104502615 北京鑫盛家园宾馆
200 38393 4540104675341 北京佳捷宇达信息技术有限公司
201 9644 1101105022128 北京东升联启石材有限公司
202 79653 9610104628353 北京联众互动网络股份有限公司
203 27606 3206104533445 北京华信普科技有限公司
204 50579 6042104853573 北京英玛工贸有限公司
205 29019 3377105083624 中国航空油料有限责任公司北京分公司
206 6049 0697104740211 当代节能置业股份有限公司
207 1725 0194104693513 中科点击（北京）科技有限公司
208 25963 3013104583174 奥来国信（北京）检测技术有限责任公司
209 54864 6569105129262 北京天马轴承有限公司
210 43792 5221105104349 北京中汉威工程咨询有限公司
211 82863 9988105098051 北京财富传媒文化发展有限公司
212 79636 9608104954719 承德长城建设集团有限公司北京第二分公司
213 82624 9961104498727 北京瑞格标牌制造有限公司
214 44701 5335104699742 北京泰珂文医疗器械有限公司
215 62589 7524104715068 北京嘉德汇博物流有限公司
216 10386 1181104621353 北京西南交大盛阳科技有限公司
217 22821 2642104994535 吉运集团股份有限公司
218 13803 1585104637869 北京远大时代建筑工程有限公司
219 81961 9880104851617 北京财满柒天酒店管理有限公司
220 22768 2636104752652 北京英联嘉合文化传媒有限公司
221 13098 1506104491718 北京利星房地产开发有限公司
222 60687 7276104745756 北京泛在时代教育技术有限责任公司
223 43778 5220104532768 北京中煤机经贸有限责任公司
224 75682 9117104798038 北京大地会计师事务所有限责任公司
225 6158 0709104602240 锦泰华鹏（北京）国际贸易有限公司
226 36600 4302104512532 北京标旗嘉誉标识系统有限公司
227 77823 9378105076529 北京市深华接力商务服务有限公司
228 7519 0865104589084 北京汉博商业管理股份有限公司
229 62907 7565104710952 北京纳联升商贸有限公司
230 51531 6152104854250 北京中实文划环境艺术设计有限公司
231 59071 7079104535915 北京宏达广通科技有限公司
232 11553 1313105081639 菱电电梯（北京）有限公司
233 11204 1273104561998 北京恒润昊网科技有限公司
234 58626 7021104716521 北京环六环环保科技有限公司
235 38278 4524104656870 北京华宇亿康生物工程技术有限公司
236 62452 7509104540895 北京赛思信安技术股份有限公司
237 81838 9868104678726 北京恒安消防工程有限责任公司
238 79474 9589104526180 沈阳新元建设集团有限公司北京顺义分公司
239 69096 8312104907459 美盈（北京）装饰工程设计有限公司
240 41023 4886104831163 北京鑫龙腾飞建筑设备租赁有限公司
241 4918 0572104590584 北京科安达消防工程有限公司
242 51889 6192104507351 北京金都房地产实业股份有限公司
243 57803 6919105120112 北京中宏天国际会展有限公司
244 52860 6314104530114 北京山推工程机械有限公司
245 11369 1292104483977 北京百康拓展国际贸易有限公司
246 28612 3331104609885 北京市顺义区京北科技创新推进中心
247 49071 5858104605366 北京金柘国际标识标牌有限公司
248 40650 4838104720051 北京博瑞斯克科技有限公司
249 61728 7410104523894 北京中研软科技有限公司
250 40613 4834104489575 中贵银丰（北京）科技有限公司
251 46488 5555104531360 山东鲁花集团商贸有限公司北京分公司
252 53540 6398104677946 北京燕华工程建设有限公司
253 54929 6576105097926 北京博睿美嘉科技发展有限公司
254 8758 1002104495860 北京燕钢恒兴钢铁有限公司
255 31910 3734104584506 北京天空时代建筑艺术设计有限公司
256 34877 4085104706941 北京市昌平东方酒家分店
257 44422 5298104501231 北京世纪蓝天酒店有限公司
258 75372 9081104657025 康联医药集团有限责任公司
259 11179 1271104539280 北京航天圣哲焊接器材有限公司
260 77159 9294104652349 北京市兴南园林绿化有限责任公司
261 46009 5501105008588 强力家具集团有限公司
262 3334 0387104546385 北京林达广谱经贸有限责任公司
263 67674 8143104829724 北京爱科瑞特阀门销售有限责任公司
264 71310 8590104584687 北京伟业顺达物流有限公司
265 68433 8234104597444 北京百联汇科技有限公司
266 23998 2783104657333 北京文海阳工贸有限责任公司
267 6423 0742104581556 中安金盾保安服务（北京）有限公司
268 137 0014104925288 北京博陆恒信工程咨询有限公司
269 11501 1307104614292 北京中献智泉信息技术有限公司
270 26300 3057104790045 北京朝阳糖尿病医院股份有限公司
271 27659 3212104532946 北京康合力源科贸有限公司
272 40938 4876104712453 北京丽科创欣生物科技有限公司
273 17850 2057104945902 凯比（北京）制动系统有限公司
274 44161 5267104541456 北京健策国际品牌设计有限公司
275 2884 0334104805759 北京鑫敏恒永平典当有限公司
276 73870 8893104559647 北京家盒子文化有限公司
277 64314 7735104684727 北京乐源天启广告有限公司
278 60498 7253105034904 北京君合百年房地产开发有限公司
279 70481 8490104600544 长城信通（北京）科技有限公司
280 37173 4378104490868 北京佳美多科贸有限公司
281 28743 3345104563989 北京泓润通科贸有限公司
282 22295 2583104776659 北京中视华凯国际广告有限公司
283 5043 0586104783661 北京富来特国际货运代理有限责任公司
284 5532 0638104508469 起点（北京）汽车租赁服务有限公司
285 39577 4688104490406 北京三重华星电子科技有限公司
286 2447 0282104566243 北京美斯特文仪家具有限公司
287 33331 3894104696736 北京市海淀区蓟门农工商公司
288 6369 0734105044623 北京博华经纬科技有限公司
289 26577 3088104849434 北京融鑫顺通电子科技有限公司
290 35052 4108104547255 北京康福润思科技有限公司
291 76677 9236104652837 北京科威拜沃生物技术有限公司
292 29845 3481104524556 北京海天众意整合营销顾问股份有限公司
293 10711 1218104688967 北京新学堂网络科技有限公司
294 5881 0680104527489 华杰工程咨询有限公司
295 54470 6520104774069 北京京乐园食品有限责任公司
296 68138 8199105008455 雷波伊顿母线槽（北京）有限公司
297 23011 2668104535157 北京诚信仪通物流有限公司
298 43131 5146104603933 北京天艺同歌国际文化艺术有限公司
299 25074 2909104679241 北京正阳基业科技有限公司
300 34228 3999104765460 北京奇迹时代科技有限公司
301 61591 7389104868470 北京聚龙科技发展有限公司
302 29112 3387104628186 北京瑞林建筑装饰工程有限公司
303 20189 2324104509616 北京市红星广厦化工建材有限责任公司
304 25881 3005104972762 北京瑞荣精工模具技术有限公司
305 13991 1609104573722 北京克运物流有限公司
306 73860 8891105051870 北京百年树人远程教育有限公司
307 64087 7705104694004 北京贺兰云天科技有限公司
308 29027 3378104942567 北京建贸新科建材有限公司
309 44958 5370104576213 博康智能信息技术有限公司
310 53516 6395104576630 北京和泰典当有限公司
311 66876 8047104961336 北京斯塔瑞驰科技有限公司
312 4891 0569104484615 北京四海道达网络科技有限公司
313 56959 6818104733339 北京长安兴业房地产开发有限公司
314 48416 5783104509963 北京福通高盛汽车销售服务有限公司
315 23715 2752104482932 北京和合美颜商贸有限公司
316 81243 9797104923102 北京博达瑞恒科技有限公司
317 62143 7470104716780 北京蓝筹装饰工程有限公司
318 31734 3710104491689 北京银信长远科技股份有限公司
319 65987 7938104528617 招商局物流集团北京有限公司
320 73619 8865104723899 北京万泽龙物流中心
321 55 0005104812451 北京中天恒达工程咨询有限责任公司
322 56512 6767104521701 北京盘古宾馆
323 47491 5676104739692 北京大地信合信息技术有限公司
324 74201 8935104692045 北京春鹏园林绿化工程有限公司
325 33934 3964105136304 北京京螳螂金属装饰工程有限公司
326 11094 1260104629670 中国核电工程有限公司
327 7140 0821104678812 北京东联电气工程有限公司
328 38281 4524104716537 北京意塔诺德食品有限公司
329 31366 3667104659256 天正亨（北京）电力设备有限公司
330 5733 0664104506098 佳尔美（北京）装饰工程有限公司
331 41304 4923104708658 腾达广通物流（北京）有限公司
332 17368 2001104508330 北京汉合成业教育科技有限公司
333 45408 5424104535194 北京优势飞悦信息技术有限公司
334 2945 0341104992537 中油阳光物业管理有限公司
335 50104 5986104628426 北京北一机床股份有限公司
336 76135 9172104733789 北京和协航电信息科技有限公司
337 67807 8162104527561 北京中公高远汽车试验有限公司
338 62603 7525105073432 北京加利士得电脑有限公司
339 25586 2970104601461 北京东方恒基文化有限公司
340 11539 1312104665242 北京品众博雅公关顾问有限公司
341 52197 6229104537094 北京掌上网科技有限公司
342 60294 7228105078846 北京富通东方科技有限公司
343 64572 7769104491011 北京易丰行房地产经纪有限公司
344 76399 9202105004464 北京菲欧特科技发展有限公司
345 51128 6103104877947 北京千代福信息技术有限公司
346 71787 8646104849733 北京志行正科技有限公司
347 55838 6686104611543 北京派格太合泛在文化传媒有限公司
348 45247 5401104658726 北京盛仁堂医药有限公司
349 65119 7831104491319 北京三元基因工程有限公司
350 56179 6727104805357 北京园创时代园林景观工程有限公司
351 5995 0691104607817 北京思柏润贸易有限公司
352 74229 8938104575656 北京华通伟业汽车销售服务有限公司
353 60097 7203104860500 北京鑫成斌达商贸有限公司
354 34407 4021104567683 北京众友方圆广告设计制作有限公司
355 34174 3993104659777 凯纳西科技（北京）有限公司
356 5080 0589104581813 北京首汽（集团）股份有限公司
357 64573 7769104501567 北京联袂嘉文广告有限公司
358 28941 3367105039936 北京海江通科技有限公司
359 74900 9020104550850 北京联龙博通电子商务技术有限公司
360 2897 0337104497812 北京汉唐华固工程技术有限公司
361 66721 8027104708117 北京清亦华知识产权代理事务所（普通合伙）
362 25807 2996104574757 北京雷鸣朗德实验室设备有限公司
363 80613 9723105083755 北京绿园春建筑工程有限公司
364 39225 4645104660146 北京搜房网络技术有限公司
365 12213 1392104747645 北京博纳西亚医药科技有限公司
366 49509 5910104961676 北京宝瑞通典当行有限责任公司
367 42435 5063104996104 大众汽车（中国）投资有限公司
368 54014 6460104527546 北京东方艾狄尔会展有限公司
369 81265 9800104568451 北京红力生食府有限公司
370 30533 3565104737185 北京雅致美医疗科技有限公司
371 13437 1542104830585 北京盛拓泡泡广告有限公司
372 82493 9943104803115 大世（北京）汽车附件有限公司
373 6148 0708104480884 中生北控生物科技股份有限公司
374 54449 6518105077988 北京京林园林绿化工程有限公司
375 21423 2479104502210 北京航兴盛经贸有限公司
376 22713 2630105060239 北京怀柔七彩光幼儿园
377 74893 9019104497988 华创科技（北京）股份有限公司
378 54045 6465104484540 北京美创新跃医疗器械有限公司
379 23073 2675104833387 国电联合动力技术有限公司
380 45100 5386104587326 北京中传媒捷传媒广告有限公司
381 38208 4515104626473 北京国宇恒建筑工程咨询有限公司
382 44845 5355104559195 北京市绿雪医药科技有限公司
383 56114 6719104550294 北京军安佳盾科技有限公司
384 58140 6958104755246 北京艺海创业国际商务会馆有限公司
385 82690 9968104554168 北京鑫泰利发商贸有限公司
386 50027 5976104711943 北京周大福珠宝金行有限公司
387 40223 4779104657028 康联医药集团有限责任公司
388 11002 1250104535458 北京优创良品科技发展有限公司
389 51724 6174104522722 北京永乐恒基建筑工程有限公司
390 45025 5377104694070 北京龙脉温泉疗养院
391 11562 1315104527177 中铭国际资产评估（北京）有限责任公司
392 38867 4601104541266 丽佳（北京）保洁服务有限公司
393 70656 8509104535005 北京鹏辉永欣工贸有限公司
394 22689 2628104664776 北京银河万达置业有限公司银河万达大饭店
395 27771 3225104685643 中诚盈禾税务师事务所（北京）有限公司
396 26390 3066104548077 利信达成（北京）科技有限公司
397 62634 7530104705751 北京康桥通达科技有限公司
398 25347 2942104537061 北京东新新业科技有限公司
399 64187 7716104752405 北京泰豪智能工程有限公司
400 1620 0182104488293 环联讯科技(深圳)有限公司北京分公司
401 29352 3415104522056 北京商才壤聚咨询有限公司
402 1825 0207104873098 北京久钰恒兴科技有限公司
403 46935 5609104877924 北京光宇博毅能源技术有限公司
404 34587 4044104672864 北京银行股份有限公司琉璃厂支行
405 42742 5100104503228 中博实业发展总公司
406 6455 0746104472344 北京国臣天胜商务服务有限公司
407 68081 8194104598977 北京泉顺兴装饰工程有限公司
408 5649 0655104579384 北京万泰生物药业股份有限公司
409 12985 1493104675441 北京慧图科技股份有限公司
410 11462 1304104503970 北京文新创展工程造价咨询有限公司
411 13139 1510104834624 北京富耐恩电子设备有限公司
412 10529 1198104717483 北京本通汽车销售服务有限公司
413 5868 0678104835221 北京锐思励行科技有限公司
414 29800 3474104538752 北京大清生物技术有限公司
415 47641 5696104510170 北京凯德兴光电子信息技术有限公司
416 21876 2530105095981 北京鲸鲨软件科技有限公司
417 52645 6286104954752 央广传媒发展总公司广告分公司
418 22474 2605104483650 北京青云维测科技有限公司
419 39488 4676104604437 北京中控赛德系统集成有限公司
420 45138 5390104552946 北京科瑞明软件有限公司
421 9286 1060104962469 华菲置业有限公司
422 31434 3675104508303 新奥投资基金管理（北京）有限公司
423 2291 0262104585366 勤和力信（北京）科技有限公司
424 36240 4255104531548 北京天宝祥茶业有限公司
425 18971 2189104746046 北京佳禾博瑞石化产品贸易有限责任公司
426 57523 6887104563568 长江证券股份有限公司北京新源里证券营业部
427 11838 1350104489310 北京鲁华欧珀电子设备有限公司
428 66411 7990105109220 北京中水科海利工程技术有限公司
429 26679 3099104739264 北京六加一教育咨询中心
430 77985 9399104503428 北京灏运盛注塑有限公司
431 43031 5132105084200 太思妙拓科技（北京）有限公司
432 49546 5915104954905 北京中环大地环境科技有限公司
433 72811 8770104641952 北京京升亿科技有限公司基辅罗斯餐厅
434 21454 2483104626809 北京鼎丰合科技有限公司
435 15748 1813104626034 北京畅游时代数码技术有限公司
436 36384 4275104572752 北京新越昌晖装饰材料有限公司
437 80863 9756104495543 北京和顺达人力资源顾问有限公司
438 21528 2493104557611 北京联盛智能系统设备有限公司
439 15398 1772104554374 北京江南博仁科技有限公司
440 76236 9185104627969 北京电信通畅达信息有限公司
441 64898 7804104773650 北京华骏永业商贸有限公司
442 34575 4043104499240 蜀海（北京）供应链管理有限责任公司
443 80969 9765104603303 北京千越轩文化传媒有限公司
444 40262 4784104629057 北京甘甘科技有限公司
445 31886 3730104895066 华胜银海（北京）文化传媒有限公司
446 1034 0113104546626 北京北汽模塑科技有限公司
447 32999 3858104584177 北京责创科贸有限公司
448 40856 4865105052835 北京金辉普辰商贸有限公司
449 58000 6941105031550 北京中平建华浩会计师事务所有限公司
450 5895 0681104667434 大有水木建筑设计（北京）有限公司
451 56698 6788104800717 北京伟圣英电力工程安装有限公司
452 40160 4771104489304 北京五千年酒店文化发展有限公司
453 68812 8280104507639 北京科创融鑫科技有限公司
454 19049 2198104679382 北京同盛康医学技术有限公司
455 75286 9070104677300 安庆市人民政府驻北京联络处
456 80871 9756104738020 北京雅科美商贸有限责任公司
457 82486 9942105147078 北京鼎善元科技有限公司
458 10696 1216104633242 关键科技（北京）有限公司
459 15616 1797104668175 国核电力规划设计研究院
460 68172 8203104472643 北京海瑞安科技有限公司
461 77570 9344104881043 北京全欧光学检测仪器有限公司
462 1670 0187104528044 北京舜博通科技有限公司
463 61923 7439104634040 北京第三视观科技有限公司
464 17952 2070104477489 盛华融熙（北京）投资基金管理有限公司
465 51383 6133104667542 北京中嘉鸿盛电力工程有限公司
466 46546 5562104659427 国药集团联合医疗器械有限公司
467 20670 2381104484765 北京鑫山源电器有限公司
468 67367 8105104792741 大正博文（北京）展览展示有限公司
469 14053 1616104751390 北京新凰文化有限公司
470 11258 1279104547106 北京天泓瑞华数码电子市场有限公司
471 23966 2780104573787 北京凡卡先锋商贸有限公司朝阳分公司
472 31118 3636104483579 北京宏伟兴业建筑工程有限公司
473 7077 0814104579553 北京华信科泰信息技术有限公司
474 46204 5522104501550 北京资生生物工程有限公司
475 63192 7600104821726 重庆市黄浦建设（集团）有限公司华北分公司
476 57664 6902104748998 北京鑫亿九州物流有限公司
477 33417 3906104527120 北京车行天下房车俱乐部
478 44981 5372104566195 电讯盈科（北京）有限公司
479 4354 0510104710109 北京佳诚明博科贸有限公司
480 17938 2068104588860 北京海天创世科技有限公司
481 24525 2843104652400 北京利中塑料包装制品厂
482 53934 6447104483558 北京科城蓝迪信息咨询有限公司
483 8412 0966104680996 北京中景恒基建筑装饰工程有限公司
484 20784 2392104737900 北京金河水务建设有限公司
485 21287 2462104556333 北京万佳鑫物业管理有限责任公司
486 2871 0333104501085 北京烁达电信工程有限公司
487 63686 7656104828542 北京高腾物业管理有限公司
488 53763 6427104532514 北京味食源食品科技有限责任公司
489 29120 3387104965186 MPS肉类加工机械（北京）有限公司
490 17830 2054104574940 北京宝鑫包装制品有限公司
491 36851 4335104488839 北京融世杰机械设备有限公司
492 70168 8444104527146 北京君天首业商贸有限公司
493 5912 0683104765179 北京精通市政工程公司
494 30178 3523104629268 北京乐可互动科技有限公司
495 81619 9841104491256 北京科亚医学影像研究所
496 63229 7604104746426 北京市首创中伟贸易有限责任公司
497 55605 6660104869125 北京诚成佳建材有限公司
498 63017 7580105081967 博天环境集团股份有限公司
499 71831 8653105144424 北京集创北方科技有限公司
500 68293 8219104589000 北京盈和科技股份有限公司
501 63316 7614104581114 北京创润铭达金属材料有限公司顺义分公司
502 48584 5800104849901 凯恩（北京）文化传播有限公司
503 26803 3113104502539 北京亿安泰达科技发展有限公司
504 46743 5586104561871 联创众合信息技术（北京）有限公司
505 64881 7801104664847 北京红豪特高科技发展有限公司
506 25581 2969104828936 北京腾旭科威教育咨询有限公司
507 33084 3868104716557 北京双臣快运有限公司
508 22609 2620104852544 北京联合荣大工程材料有限责任公司
509 38809 4594104673538 永港伟方（北京）科技股份有限公司
510 17623 2029105125666 北京中视京辉文化传播有限公司
511 47454 5671104682100 万仕道（北京）管理咨询有限公司
512 37505 4423104828410 帝飞（北京）装饰装潢有限公司
513 6342 0731104500856 北京祥和韦业建筑装饰有限公司
514 80630 9725104977036 北京涵爱无限科技有限公司
515 43647 5205105060646 北京嘉明时代科技有限公司
516 23636 2740105125531 北京齐尔布莱特科技有限公司
517 76211 9181104698119 理德东方科技（北京）有限公司
518 41139 4901104565594 奥菲欧（北京）制衣有限公司
519 79617 9606104561242 北京世纪海润建筑工程有限公司
520 48513 5793104666114 北京中原合聚经贸有限公司
521 65813 7915104634213 北京亚控科技发展有限公司
522 49860 5957104489495 北京铭毓畅通不锈钢有限公司
523 38247 4521104607471 北京大视野教育控股有限公司
524 79176 9554104711233 北京拓普分析仪器有限责任公司
525 57360 6871104533766 欧霖爵商贸（北京）有限公司
526 36751 4324104534941 今麦郎饮品股份有限公司
527 25206 2924104868683 北京美隆康润科贸有限公司
528 59851 7175104509463 北京市房山区人民政府拱辰街道办事处后店村村民委员会
529 47538 5682104531847 北京中半辉煌光电高科技有限责任公司
530 82916 9994104822156 北京金泰恒业燃料有限公司
531 2059 0234104576373 北京天和宁通贸易有限公司
532 53352 6375104768406 北京天拓华然市政工程有限公司
533 56102 6718104491818 北京龙楯技术培训有限公司
534 19014 2194104685347 北京世纪兆元科技有限公司
535 37574 4434104753031 北京致胜宏达科技有限公司
536 58893 7056104711175 北京德瑞恩钻石有限公司
537 27131 3153104485114 北京清大启迪教育科技有限公司
538 44621 5325104714991 北京国华商场有限责任公司
539 38855 4599104612390 北京超星数图信息技术有限公司
540 78659 9490105009003 北京市嘉懋工程设计咨询有限公司
541 52740 6297105017580 北京东方华美房地产开发有限公司
542 41078 4892104829998 北京顺加达货运有限责任公司
543 14954 1717104994942 北京大唐燃料有限公司
544 11498 1307104548476 北京标新电力工程有限责任公司
545 53329 6372104757897 北京水木博众科技发展中心
546 82298 9921104509206 北京利尔高温材料股份有限公司
547 63826 7674104849868 北京波士汽车租赁有限公司
548 8235 0947104685254 中纺标（北京）检验认证中心有限公司
549 69484 8359104499563 励合创意（北京）国际展览有限公司
550 57984 6939104717853 阿帕奇（北京）光纤激光技术有限公司
551 69970 8418104891058 北京优味一品商贸有限公司
552 14466 1665104587619 北京啊哈嘟商贸有限公司
553 66353 7982104706718 东方资产管理（中国）有限公司
554 23319 2701105051727 北京五洲安拓电子技术有限公司
555 2480 0286104762451 昌兴新创科技（北京）有限公司
556 13457 1544104907219 北京昆仑海岸传感技术有限公司
557 10337 1177104707782 北京邦泰摩尔资产管理有限公司
558 30580 3573104521454 北京蓝海德国际贸易有限公司
559 72336 8716105047002 北京众城巨元科技发展有限公司
560 28131 3268104500091 北京恒瑞尔机械有限公司
561 376 0043104609926 北京拱辰建业建筑工程有限公司
562 56186 6728104508181 北京巨友英杰电梯有限公司
563 58023 6945104664250 东方网力科技股份有限公司
564 38846 4598104594468 北京新安纳洁科技有限公司
565 15564 1790104831849 北京中软万维网络技术有限公司
566 77054 9284104608442 煤炭科学研究总院
567 64355 7740104950690 北京优益万佳汽车配件有限公司
568 70280 8461104817252 北京仁拓科技有限公司
569 43056 5137104552484 北京永安远通物业管理有限公司
570 67707 8148104733736 北京嘉胜天威科技有限公司
571 79457 9586104851995 北京欧地安科技有限公司
572 31591 3694105039020 北京恒润鑫桄建筑装饰有限公司
573 2284 0261104686257 北京百达盛国际管理咨询有限公司
574 959 0103105015663 北京翱宇国际文化传播有限公司
575 78726 9498104658472 北京盛世阜鑫文化传媒有限公司
576 24736 2867104869469 永恒映像（北京）文化传媒有限公司
577 34906 4089104495289 北京宏昌达装饰装璜工程有限公司
578 26750 3108104708224 北京市昌平区新闻中心
579 25847 3000104580385 北京易麦通电子商务有限公司
580 58014 6944104552781 北京利永昌有色金属贸易有限公司
581 55877 6691104570872 北京世界星辉科技有限责任公司
582 16972 1954104689188 人民日报印刷厂
583 73320 8830104538982 北京政博安保安职业技能培训学校
584 72507 8735105046332 北京爱马社保险代理有限公司
585 12947 1489104716643 北京众拓联科技发展有限公司
586 70545 8498104501191 北京金色花园保洁服务有限责任公司
587 69952 8415104578758 北京文博艺海广告有限公司
588 32783 3833104604021 北京东靛厂纸张有限公司储运分公司
589 16534 1902104685174 北京太阳花酒店管理有限公司
590 24118 2797104977822 北京海天网联公关顾问有限公司
591 48556 5798104493657 北京旺宏装饰设计有限公司
592 79503 9591104894257 北京中建瑞斯防水施工中心
593 55237 6615105101426 北京市居欢化工有限责任公司
594 10725 1219104857899 万达杰诚国际物流（北京）有限公司
595 78284 9441104526672 北京兴宇班尼路服装服饰有限公司
596 79506 9592104575675 北京喜得福莱自控设备有限公司
597 66007 7940104546106 北京三元桥丰田汽车销售服务有限公司
598 59061 7078104688484 北京金融街物业管理有限责任公司
599 78886 9517104955884 北京互联视通科技有限公司
600 59227 7096104702840 北京兴安幕墙装饰有限公司
601 17943 2068104759093 北京太尔化工有限公司
602 76498 9213104909926 北京华夏希望教育书报刊发行有限公司
603 48131 5753104614195 北京同创达勘测有限公司
604 1778 0201104940137 北京市惠佳丰劳务服务有限责任公司
605 61479 7376104539652 北京大明五洲科技有限公司
606 38380 4538104754900 北京市北郎中面粉厂
607 12183 1389104768614 北京当代房地产开发有限责任公司
608 65394 7865104952067 北京荣盛水合科技有限公司
609 27546 3199104726948 北京力宏佳业科技发展有限公司
610 60697 7278104567409 北京京科兴业科技发展有限公司
611 61503 7379104485705 北京奥智博标识工程有限公司
612 66540 8004104770700 北京朗润传美广告有限公司
613 4734 0552104736934 北京英博新能源有限公司
614 14323 1648104878150 北京奥优智瑞科技有限公司
615 55206 6612104479563 北京兴飞柏盛建筑装饰有限公司
616 66357 7983104631335 北京鹏龙天创物资贸易有限公司
617 65819 7916104653125 北京派诺蒙能源科技有限公司
618 68469 8239104545612 北京斯普瑞控制设备有限公司
619 25900 3007104700770 北京民生泉集币有限公司
620 27971 3249104711875 北京市通州粮食收储库
621 7102 0817104504017 北京凯南倍德科技有限公司
622 31572 3691104678342 北京聚源锐思数据科技有限公司
623 53747 6425104495419 北京妮诺雅商贸有限公司
624 18939 2185105121790 北京飞利信电子技术有限公司
625 19151 2210104566113 北京嘉合旭元科技发展有限公司
626 82906 9993104921027 北京华宇易信科技有限公司
627 59306 7106104490208 北京普宏德会计师事务所（普通合伙）
628 74511 8973104884552 北京中昌现代疼痛医学培训中心
629 5627 0652104790946 北京天云动力科技有限公司
630 82172 9906104573672 北京艾福瑞斯科技有限公司
631 41681 4970104571439 北京航天中威科技发展有限公司
632 58798 7044104874979 北京济民可信医药有限公司
633 30816 3602104481823 北京大董富春山居餐饮管理有限公司
634 49573 5919104579684 北京凯文金克商贸有限公司
635 40071 4758104680440 北京瑞荣达电子技术有限公司
636 62332 7496105117152 北京咸亨餐饮有限公司
637 51794 6181104963321 北京金隅水泥节能科技有限公司
638 71543 8619104553813 北京浩瑞汇诚商贸有限公司
639 11028 1253104507592 北京特普丽装饰装帧材料有限公司
640 57519 6887104507538 中国公路车辆机械有限公司
641 58363 6985104871739 北京凤凰于天软件技术有限公司
642 4559 0534104529266 北京钱茂昌鸿商贸有限公司
643 5238 0606104715038 北京世纪佰特节能技术有限公司
644 38790 4592104687298 北京金宝府投资管理有限公司
645 45568 5444104581254 北京万朝会计师事务所有限公司
646 64969 7814104509500 北京晶品伟业纸制品有限公司
647 74770 9004104954715 北京泰美澳洁净煤技术有限公司
648 40915 4872104865175 北京正立监理咨询有限公司
649 38472 4551104589245 北京慧聪互联信息技术有限公司
650 11928 1360104563470 中联正安消防工程有限公司
651 13688 1574104536450 北京华滨投资有限公司华滨国际大酒店
652 80491 9707104598216 北京云建城市建设工程有限公司
653 33162 3877104899646 莎莎化妆品（中国）有限公司北京三里屯店
654 50916 6081105111937 北京景隆重工机械有限公司
655 52126 6220104730564 北京亦海科泵业科技有限公司
656 69323 8340104535848 中太建设集团股份有限公司北京第八分公司
657 22752 2635104583583 北京新荣美星餐饮管理有限公司
658 29192 3396104493083 北京恒敏基业科技有限公司
659 65579 7887104942212 北京中铁华信技术开发有限公司
660 61526 7380104759644 北京华泰焦化工程技术有限公司
661 62026 7452104575037 北京宏源默盛机电设备有限公司
662 20624 2375104755646 华智聚合（北京）科技有限公司
663 59768 7163104871185 北京中青雄狮数码传媒科技有限公司
664 28327 3293104546627 北京北汽模塑科技有限公司
665 19017 2195104484576 北京国工印刷厂
666 2706 0311105076245 北京四季景艺园林绿化中心
667 35725 4191105107765 北京海斯顿水处理设备有限公司
668 38114 4504104530921 北京城安建筑物拆除有限公司
669 57204 6850104884214 北京大唐联合电力科技有限公司
670 75827 9134104612451 北京超越合众技术有限公司
671 14564 1675104480579 北京廊桥材料技术有限公司
672 77228 9302104661989 北京一喜佳食餐饮管理有限公司
673 57441 6880104766077 尤洛卡（北京）矿业工程技术研究有限公司
674 51333 6126105083846 河北保定交通运输集团有限公司北京物流分公司
675 52561 6276104812323 北京云冶汇金投资有限公司
676 2544 0294104472689 北京中天海虹信息服务有限公司
677 26335 3060104566559 北京锦程苌青投资咨询有限公司
678 14957 1718104558208 华融信（北京）投资基金管理有限公司
679 56324 6745104524616 北京众览无限传媒广告有限公司
680 37135 4372104856925 北京盛业达物流有限公司
681 8136 0934104894539 北京达尔文国际酒店物业管理有限公司
682 18392 2120104532619 北京神州陆通汽车部件有限公司
683 36040 4228104634192 北京亿通嘉业投资有限公司
684 76652 9231105127573 灵北（北京）医药信息咨询有限公司
685 68484 8241104679077 南京银行股份有限公司北京分行
686 44142 5265104679594 北京方大炭素科技有限公司
687 25637 2976104759747 北京云海山庄宾馆有限责任公司
688 62853 7559104535100 北京新纪元建筑工程设计有限公司
689 80399 9696104508463 北京兴鹏达迅电梯设备有限公司
690 53700 6419104491164 北京飞乐兴和科技发展有限公司
691 39580 4688104554212 邯郸市革辛建筑劳务有限公司北京分公司
692 22602 2620104473833 北京京和大视文化传媒有限公司
693 5964 0688104961970 北京市朝阳区德福双语幼儿园
694 32455 3795104776428 竹园国际旅行社有限公司
695 78446 9463105182862 泰康资产管理有限责任公司
696 37739 4458105032099 北京蒂吉博纳科技有限公司
697 27743 3222104500692 北京戎科华科技发展有限公司
698 59863 7176104592396 北京东方嘉禾认证有限责任公司
699 19773 2278104538166 北京达爱科技有限公司
700 42863 5112104579578 北京东方广视科技股份有限公司
701 29244 3401104681818 北京正威瑞达汽车技术服务有限公司
702 36657 4311104585468 北京道达广告有限公司
703 66663 8019104599833 北京聚诚互动网络科技有限公司
704 45598 5448104663703 北京通厦新奥物业管理有限公司
705 80317 9685104866792 北京庆安赛德科技有限公司
706 19412 2238104547232 北京金天地影视文化股份有限公司
707 23050 2672104481383 北京北汽恒盛置业有限公司
708 64781 7788104894863 北京都安同信汽车租赁服务有限公司
709 81307 9806104509408 北京启桃基业装饰工程有限公司
710 49583 5920104583743 北京埃夫信环保科技有限公司
711 42989 5126104967637 北京千龙大业科技发展有限公司
712 7795 0892104863319 北京明峰时代防爆技术有限公司
713 55821 6684104710186 北京五环清馨园林绿化有限公司通州分公司
714 28445 3310104637832 北京爱迪科森教育科技股份有限公司
715 53390 6381104579685 北京凯文金克商贸有限公司
716 43635 5203104680985 北京博瑞祥浓汽车销售服务有限公司
717 67537 8125104925085 北京鼎瑞开创科技有限公司
718 66068 7949105008670 北京市亿兆通物资有限责任公司
719 42795 5105105068122 北京立盟国际货运代理有限公司
720 57827 6923104679282 北京绿洲天地生态种植有限公司
721 60021 7195104559276 北京兰天大诚新型建材有限责任公司
722 55824 6684104777240 北京青洋宏途汽车俱乐部有限公司
723 40667 4840104979419 北京城建物业管理有限责任公司
724 3504 0408104891954 北京天颐葆业科贸有限责任公司
725 36247 4255105064992 北京军地专修学院
726 74914 9022104524625 北京中交致远信息科技有限公司
727 71265 8585104528718 江南星业（北京）厨房设备工贸有限公司
728 24987 2896104801656 CDG建筑设计（北京）有限公司
729 55839 6686104611992 北京集慧智佳知识产权管理咨询有限公司
730 14822 1702104548924 北京碧鑫水务有限公司
731 57753 6913104983809 北京联宾塑胶印刷有限公司
732 49425 5900104538453 北京南郊农业生产经营管理中心
733 78137 9420104678685 中国电子系统工程总公司
734 13462 1545104664179 北京约克仪器技术开发有限责任公司
735 7891 0903104581356 北京分众无线传媒技术有限公司
736 54431 6516104812240 普温斯（北京）商业有限责任公司
737 34681 4058104497188 北京奥泰长城橡胶制品有限公司
738 73395 8839104896504 北京东方一代防水工程有限公司
739 79287 9566104653432 富士重工业技术（北京）有限公司
740 49072 5858104630539 趋势纵横（北京）文化传播有限公司
741 21093 2433104718235 北京市科瑞讯科技发展股份有限公司
742 43808 5223104861994 中国国际税收研究会投资税收咨询中心
743 64498 7759104803628 北京金视共赢广告有限公司
744 30817 3602104490806 北京水星投资管理有限责任公司
745 10712 1218104746697 北京罗顿物业管理有限公司
746 31785 3716104482223 北京东鸿捷运国际货运代理有限公司
747 49733 5939104558575 北京优依良品科技有限公司
748 60472 7250104481262 北京云扬盛达工程技术有限公司
749 62018 7450105036545 北京奥特赛德科技有限公司
750 34812 4076104521045 北京华星勘查新技术公司
751 53155 6350104507356 北京无限讯奇信息技术有限公司
752 44628 5326104607195 悦康药业集团有限公司
753 17068 1967104633415 北京青云创新科技发展有限公司
754 44899 5362104830403 北京科尔德科贸有限公司
755 65794 7912104705889 国药集团北京医疗器械有限公司
756 56372 6750104591357 湘财证券股份有限公司北京北四环东路证券营业部
757 78943 9524104684093 北京博凯斯科贸有限公司
758 63160 7596104705496 北京兴亚维康国际商务咨询有限公司
759 9351 1068104546580 北京晨世宇博服装服饰有限责任公司
760 5403 0624104673309 北京建生药业有限公司
761 31100 3634104897158 东研高科（北京）环保技术有限公司
762 81016 9770105125987 北京汉仪科印信息技术有限公司
763 8942 1020104501732 亚太（集团）会计师事务所（特殊普通合伙）
764 66486 7998104868674 北京米兰之窗节能建材有限公司
765 74783 9006105065275 北京万寿宾馆
766 76516 9216105140713 北京新北欧装饰有限公司
767 12611 1446104616359 北京寅轩医药科技有限公司
768 42360 5054104496946 北京隆瑞物流有限公司
769 20554 2364105008668 北京市亿兆通物资有限责任公司
770 81911 9876104569184 北京洗得宝消毒制品有限公司
771 8954 1021104769206 北京心物不二电子商务有限公司
772 77094 9288104608279 北京恒富物业服务有限公司
773 69733 8388104551558 北京新昌百商场有限责任公司
774 76676 9236104530501 北京东创讯达科技发展有限公司
775 36735 4321104690667 北京易安腾达科技开发有限公司
776 16214 1866104766327 北京普优康生物技术有限公司
777 74279 8945104915224 北京捷成世纪数码科技有限公司
778 9851 1123104625617 北京安徽大厦
779 75744 9126104483692 北京海鑫映画广告传媒有限公司
780 4462 0522104910080 北京中视利通科技有限公司
781 25181 2921104548605 北京市人和人为人力资源顾问有限公司
782 10793 1224104833569 北京华开建筑装饰工程有限公司
783 45921 5491104659845 北京赛福通达安全通信技术有限公司
784 21028 2424104630222 北京江河瑞通技术发展有限公司
785 44619 5325104667306 北京炎黄新星网络科技有限公司
786 13126 1509104697333 迪古里拉（中国）涂料有限公司
787 32357 3785104667203 北京首隆律师事务所
788 33238 3884104578630 北京铁之杰商贸有限公司
789 30620 3578104658718 北京漫游谷信息技术有限公司
790 34471 4029104522968 北京嘉事红惠医药有限公司
791 58441 6994104569005 北京顺程路通物流有限公司
792 54474 6521104554345 北京龙嘉盛商贸有限公司
793 64044 7700104492698 京铁物流有限公司
794 73885 8895104513665 北京欣隆福医药销售有限公司
795 17973 2072104665865 北京中汇联合环境工程有限公司
796 23029 2669104683666 北京广播大厦管理有限责任公司
797 34866 4083104557864 北京法穆生物科技有限公司
798 80965 9765104481375 北京定鼎神州科技有限公司
799 38986 4615104862472 北京億未来社工发展中心
800 17148 1977105053761 北京京兆尹餐饮文化有限公司
801 19175 2213104556498 全国中小企业股份转让系统有限责任公司
802 7374 0848105104635 梅赛德斯-奔驰租赁有限公司
803 39918 4737104501593 北京畅熙在线科技发展有限公司
804 63059 7585104563508 北京宝鼎顺木业有限公司
805 25858 3002104523017 北京市房山区青龙湖镇西庄户村经济合作社
806 59014 7073104523688 锋电能源技术有限公司
807 57847 6925104749811 网秦（北京）科技有限公司
808 23345 2707104514301 中国煤炭进出口公司
809 8164 0937104907774 北京勤诚亦信科技开发有限公司
810 49581 5920104485632 北京永浪科技发展有限公司
811 65046 7824104621047 金万润（北京）照明科技有限公司
812 69092 8312104679049 北京庄子工贸有限责任公司
813 70368 8475104672623 北京市金利安房地产咨询评估有限责任公司
814 4889 0568104949651 北京苏鑫华安幕墙装饰工程有限公司
815 63174 7598104600079 中国太平洋财产保险股份有限公司北京分公司
816 20307 2336104897742 北京捷航电气有限公司
817 35095 4113104628369 北京雁阳汽车配件有限责任公司
818 70867 8534104664241 万达百货有限公司
819 21867 2529104731861 北京淮扬府安定门餐饮管理有限公司
820 61658 7398105137151 北京颖泰嘉和生物科技股份有限公司
821 44160 5267104526292 新疆昌吉回族自治州人民政府驻北京联络处
822 62325 7496104561067 国药集团财务有限公司
823 11740 1336104666718 北京宏锐星通科技有限公司
824 69036 8305104731651 北京嘉华美工贸有限公司
825 23470 2724104691055 北京高科能源供应管理有限公司
826 37433 4415104492453 北京多佐餐饮有限公司
827 13050 1500104821892 慧知学信教育科技（北京）有限公司
828 78801 9506104498147 北京九龙思邦企业管理有限公司
829 58703 7032104563871 同方工业有限公司
830 13707 1576104706247 北京岚雅建筑装饰工程有限公司
831 64300 7733105143427 北京晶源十方科技有限公司
832 76266 9188104716566 北京德明特生物技术有限公司
833 53817 6433104731925 北京展辰新材料有限公司
834 58597 7016104553486 北京知道创宇信息技术有限公司
835 68240 8213104535189 北京扩荣电子技术有限公司
836 17808 2051105025846 北京联郡餐饮管理有限公司第二分公司
837 53827 6434104752010 中建二局装饰工程有限公司
838 65815 7915105004950 北京米斯特商贸有限公司
839 78122 9417104792662 北京海润嘉汽车销售服务有限公司
840 68558 8250104577233 北京中广群星至盛文化传播有限公司
841 38231 4518104679490 华视网聚（北京）传媒科技有限公司
842 9013 1027104480060 北京嘉和博睿广告有限公司
843 63992 7694104574097 北京房地集团有限公司
844 52377 6252104667749 北京国药资产管理中心
845 72301 8712104663533 北京东土科技股份有限公司
846 67058 8068104758540 北京峰泉甬贸易有限公司
847 59155 7088104583263 北京东华合创科技有限公司
848 80619 9724104952350 北京八通顺捷物流有限公司
849 70886 8537104592759 北京房田基业房地产经纪有限公司东城第一分公司
850 46952 5611104612315 北京龙振纸塑包装有限公司
851 59099 7081105029007 北京中石卓晟科技有限公司
852 60281 7226104710234 北京长阳汇金科技发展有限公司
853 55941 6698104622235 北京吾午快餐有限公司
854 39802 4719104509379 北京东宝金龙经贸发展有限公司
855 78587 9482104679933 北京仁和日升房地产有限公司
856 53835 6435104663929 北京众信金融信息服务有限公司
857 39589 4689104553566 北京新创展基础工程有限公司
858 71378 8597104510736 华信正能集团有限公司
859 45964 5496104489167 北京世纪鼎点软件有限公司
860 61998 7448104673178 北京尚美阁装饰工程有限公司
861 47594 5690104492887 赛特国际物业管理有限公司北京赛特现代城分公司
862 77410 9326104583402 北京房开置业股份有限公司
863 68233 8211104996406 北京莱柏锐科技有限公司
864 71732 8641104510197 北京海淀科技金融资本控股集团股份有限公司
865 15276 1760104551272 北京市君康健体育用品有限公司
866 11772 1340104530910 北京万通和兴汽车销售服务有限公司
867 19602 2261104508606 北京亚美联技术有限公司
868 45367 5419104610522 人民交通出版社股份有限公司
869 49432 5901104554086 北京宝克测试系统有限公司
870 52233 6232104925854 北京友华照钦医疗器械有限公司
871 75697 9119104623520 北京五味之精国际贸易有限公司
872 36261 4257104912402 中网国金集团有限公司
873 23427 2717104829593 北京紫阳福源混凝土搅拌有限公司
874 35147 4120104574896 北京市大兴区黄村镇绿色农产品产销协会
875 37251 4389104561017 北京皮尔布莱尼软件有限公司
876 30700 3589104496429 北京梦幻再现影视文化有限公司
877 16659 1916104553874 北京亚华中新投资管理有限公司
878 34121 3987104526594 北京志诚泰和信息科技股份有限公司
879 53327 6372104671382 北京老虎致远科技有限公司
880 36848 4334104706716 东方资产管理（中国）有限公司
881 68091 8195104713273 河北豪迈建筑劳务分包有限公司北京第三分公司
882 61037 7321104705778 北京康权华泰商贸有限公司
883 25773 2993104501287 美景（北京）环保科技有限公司
884 17349 1999104592121 中建精诚工程咨询有限公司
885 17168 1979104708179 北京信和物业管理有限责任公司
886 76488 9212104631300 北京丰色志远营销策划有限公司
887 2656 0306104475766 北京凯凯文仪家具有限公司
888 28438 3309104683825 北京北宇机械设备有限公司
889 22173 2567104862577 圆通速递（北京）有限公司
890 82945 9998104749821 菲尔格林（北京）科技有限公司
891 26226 3049104510123 航天通信控股集团股份有限公司北京科技分公司
892 6745 0776104579361 北京雅信诚翻译中心
893 22595 2619104680240 北京金康普食品科技有限公司
894 59185 7091104684940 北京华昱淇雪商贸有限公司
895 44371 5291104867063 北京菩墅鑫源房地产经纪有限公司
896 30616 3577104822227 北京东部投资有限责任公司
897 78711 9496105064675 新兴际华投资有限公司
898 63598 7647104490486 北京科源科金属材料有限公司
899 57026 6827104521016 北京开源市政工程有限公司
900 55287 6623104829573 北京玉天盛金属结构有限公司
901 39554 4685104679590 北京方大炭素科技有限公司
902 48296 5770104672770 北京鑫宝源影视投资有限公司
903 31187 3643104807071 北京金通时代信息技术有限责任公司
904 18654 2151104557663 初音隐泉（北京）餐饮有限公司
905 54207 6488104659436 北京金泰鸿业热力科技有限公司
906 22838 2645104504963 北京传智天下营销顾问有限公司
907 36855 4335104955747 北京万博信普通讯技术有限公司
908 20795 2393104591440 中国平安财产保险股份有限公司北京分公司大兴营销服务部
909 2552 0294105082732 鹤岗市人民政府驻北京联络处
910 47887 5725104717651 北京凯达科仪科技有限公司
911 37177 4378104654458 北京达信诺税务师事务所有限责任公司
912 5469 0632104501599 北京汇翔智邦信息咨询事务所
913 18051 2081104666118 北京中原合聚经贸有限公司
914 9117 1039104839449 北京方物软件有限公司
915 76860 9260104495265 北京瑞赛司仪器有限公司
916 69510 8363104523921 北京东方博石管理咨询有限公司
917 51638 6164104487906 北京奥康达体育用品有限公司
918 50885 6078104492861 中国民生银行股份有限公司
919 54565 6532104480604 北京卓越空间数码科技发展有限公司
920 21740 2515104707948 森特士兴集团股份有限公司
921 9116 1039104730414 北京金日兴科技术有限责任公司
922 74117 8924104488910 北京昆泰嘉禾酒店有限公司
923 23195 2689105135703 北京佳坤基业建筑工程有限公司
924 49440 5902104555090 北京龙辰丽洁保洁服务有限公司
925 26008 3018104698452 北京博雅思企划有限公司
926 68953 8295105082388 北京全国棉花交易市场集团有限公司
927 13667 1571104671274 北京日晟基业清洁服务有限公司
928 47194 5640105113501 北京欣程信达建筑工程有限公司
929 73729 8877104749861 华油惠博普科技股份有限公司
930 6635 0763104830208 北京启智同行科技有限公司
931 34942 4092104882381 北京尚佳崇业教育科技有限公司
932 36013 4225104508134 北京诚信成装饰工程有限责任公司
933 60048 7197104927730 北京金红门工贸有限公司
934 80993 9767104850294 北京大宗商品交易所有限公司
935 80246 9678104580743 北京航天振邦精密机械有限公司
936 19795 2281104539269 神华销售集团华北能源贸易有限公司
937 29851 3481105077958 北京万苑物业管理有限责任公司
938 7120 0819104641799 北京瑞达志远医疗科技有限公司
939 46094 5510104770553 北京中天旭腾食品有限公司
940 77282 9310104683548 北京首时工业设计有限公司
941 39634 4695104695217 信和汇诚信用管理（北京）有限公司
942 64814 7793104534242 北京凝华科技有限公司
943 25887 3006104553824 北京乾元汇通小额贷款有限公司
944 57239 6856104584070 亚美环宇（北京）科技有限公司
945 45768 5471104955857 太平人寿保险有限公司北京分公司
946 20758 2390104821778 北京广厦兴鑫商贸中心
947 71647 8630104737045 北京精风易达制冷设备安装有限公司
948 13479 1548104575907 北京嘉思特商贸有限责任公司
949 65278 7851104673729 北京中传奥美地亚广告传媒有限公司
950 57814 6921104497839 北京盈吉和泰科技有限公司
951 61931 7440104665543 北京掌讯天下科技有限公司
952 27826 3231104962291 北京凌鹰科技发展有限公司
953 9034 1029104734945 北京龙城兴业物业管理有限公司
954 35286 4136104583111 北京丰荣航空科技股份有限公司
955 46171 5519104483986 北京龙润凯达石化产品有限公司
956 48389 5780104783663 北京龙马负图科技有限公司
957 25102 2912104710114 北京海金汇科技有限公司
958 64700 7780105016438 建元装饰股份有限公司
959 75598 9108104639410 北京兴大豪信息技术有限公司
960 68207 8208104667655 国广联合文化发展（北京）有限公司
961 9172 1048104562297 北京京燕宏达化工有限公司
962 72613 8747104893264 北京百环园林绿化工程有限公司
963 30019 3504104580683 东方科创（北京）模型展示有限公司
964 78869 9516104694516 北京通软科技有限公司
965 12945 1489104553176 北京铭晖世纪科技有限责任公司
966 1164 0127104730536 北京开普互联科技有限公司
967 28373 3300104892163 博来银赛科技（北京）有限公司
968 20011 2304104501279 百度时代网络技术（北京）有限公司
969 11823 1348104508882 北京英迈特矿山机械有限公司
970 57066 6831105137149 北京颖泰嘉和生物科技股份有限公司
971 39660 4699104755102 北京圣劳伦斯散热器制造有限公司
972 44518 5311104640226 北京市大兴区爱晚老年护养院
973 4791 0557104770864 北京时代朗润知识产权代理有限公司
974 60235 7222104484667 北京瑞恒泰建筑装饰工程有限公司
975 65059 7825104959678 北京超联鸿运货运有限公司
976 27255 3165104739682 北京华创信通科技有限公司
977 48230 5761105072623 北京中航泰达环保科技股份有限公司
978 48908 5839104890042 北京上奥时代建筑规划设计有限公司
979 3673 0430104558000 北京大宇新科科贸有限公司
980 5250 0607104689318 DTG自动化系统（北京）有限公司
981 80259 9679104615454 北京屹立由数据有限公司
982 188 0020104908720 北京星枭建筑装饰工程有限公司
983 15915 1834104513920 北京天创泰禾科技有限公司
984 27657 3211104980557 北京行言柏尚科技有限公司
985 7116 0818104791639 北京日升达物流有限公司
986 26980 3134104497826 北京名城盛景照明工程有限公司
987 24762 2870105134091 北京北洋汽车修理有限公司
988 34822 4076104963135 北京禾升宏信石油化工有限公司
989 31858 3726105121862 北京美拓斯电子有限公司
990 77646 9355104624747 康美（北京）药业有限公司
991 48103 5750104501612 北京中港锦源融资租赁有限公司
992 14474 1666104542083 北京全瑞精汽车零部件有限公司
993 60840 7298104583400 北京房开置业股份有限公司
994 68111 8197104556452 劳雷（北京）仪器有限公司
995 49973 5970104627950 北京中邦亚通电信技术有限公司
996 34796 4074104755542 北京捷世通物流有限公司
997 29971 3497104528407 北京光平高新铝业有限公司
998 44294 5283104523050 北京白美露汽车配件有限公司
999 44604 5323104749154 艺鉴典藏（北京）网络科技有限公司
1000 75337 9077104573043 北京盛源枫科技发展有限公司
1001 51636 6163104910998 中国能源建设集团有限公司
1002 1657 0185105067977 北京金谷圣泉商贸有限公司
1003 8213 0943104783549 北京亿本房地产开发有限公司
1004 18155 2093104480870 北京拓普百奥科技有限公司
1005 17413 2006104545731 赛谱锐思（北京）科技有限公司
1006 23035 2670104472687 北京驰宏鼎同文化传媒有限公司
1007 31752 3712104513933 北京华福欧科科技发展有限公司
1008 53180 6353105095264 北京市密云县中医医院
1009 18917 2183104981691 亚信科技（中国）有限公司
1010 160 0017104574467 北京汉典制药有限公司
1011 59146 7087104717855 阿帕奇（北京）光纤激光技术有限公司
1012 61028 7320105129206 北京石田玮业物流有限公司
1013 70349 8473104553380 北京博文德资产管理有限公司
1014 70901 8539104576183 北京隆盛宸设备工程有限公司
1015 8985 1023105096428 北京四维图新科技股份有限公司
1016 7745 0888104495819 东芝医疗系统（中国）有限公司
1017 14104 1620104742660 北京格兰德机电有限公司
1018 51212 6114104679898 北京军圣源文化发展有限公司
1019 5830 0674104773194 上海市对外服务北京有限公司
1020 57137 6839104591538 北京世纪万嘉投资咨询有限公司
1021 3612 0422104719754 北京瑞泰安建设工程有限公司
1022 68141 8200104539878 北京燕鹏发建筑工程有限公司
1023 62918 7566104740733 北京科尔沁乳业有限公司
1024 62372 7500104549275 北京协力友联科技发展有限公司
1025 74509 8973104664821 盐城申乾意路汽车配件有限公司北京分公司
1026 30045 3507104609743 北京中创盛荣投资有限公司
1027 26904 3124104807077 北京载通视音频广播技术有限公司
1028 75077 9042104509254 北京上元创健商贸有限责任公司
1029 15086 1735104536497 朗姿股份有限公司
1030 75412 9085104659210 北京稳正律师事务所
1031 18260 2104104687076 北京达永顺物流有限公司
1032 4614 0539105062801 北京九郡房地产开发有限公司
1033 42021 5013104764467 北京亿马先锋汽车科技有限公司
1034 12866 1477104809288 北京建业通工程检测技术有限公司
1035 28623 3332104583403 北京艺融国际拍卖有限公司
1036 81484 9825104731158 北京亨瑞博文教育咨询有限责任公司
1037 56657 6783104829315 北京左祖右社房地产咨询中心
1038 80713 9737104514867 北京华医圣杰科技有限公司
1039 10244 1166104497844 北京东进航空科技股份有限公司
1040 67033 8065104623956 北京西子停车设备安装工程有限公司
1041 78181 9426104835394 北京长城电子工程技术有限公司
1042 54534 6528104657388 北京天尧信息技术有限公司
1043 15906 1832104691045 北京英富森软件股份有限公司
1044 31699 3706104601912 北京中建昊阳模板架料租赁有限公司
1045 18500 2132104591986 北京万花筒视界文化艺术有限责任公司
1046 70028 8424105015535 奥美之路（北京）健康科技股份有限公司
1047 27078 3146104591904 北京永恒信达税务师事务所有限责任公司
1048 72892 8780104547146 北京瑞达科仪科技发展有限责任公司
1049 59127 7085104759185 美薇亭（北京）文化发展有限公司
1050 42229 5039104612838 顺成永利科技发展（北京）有限公司
1051 20692 2383104611685 北京燕东微电子有限公司
1052 61711 7407104928830 中铁通信信号勘测设计（北京）有限公司
1053 38465 4550104587497 华电环球（北京）贸易发展有限公司
1054 70420 8483104504600 北京森和佳美装饰材料有限公司
1055 71725 8639104581140 北京信远置业有限公司
1056 66447 7994104553641 北京速晨达快递服务有限公司
1057 21692 2510104689367 北京佳联润达科技开发中心
1058 28793 3351104482797 北京惠创源贸易有限公司
1059 26598 3090105120130 北京高氏橱柜有限公司
1060 70321 8468104531428 北京盈达园林工程有限公司
1061 79084 9542104611712 锦江麦德龙现购自运有限公司北京京顺路商场
1062 39628 4695104489088 乐得科技有限公司北京分公司
1063 38095 4500104877311 北京市昌平区小脚丫幼儿园
1064 26457 3074104494848 北京本真咖啡贸易有限公司
1065 64852 7798105149010 北京海上人家餐饮管理有限责任公司
1066 54532 6528104581431 冠群驰骋投资管理（北京）有限公司
1067 19007 2193104713626 北京维亚泰克网络技术有限公司
1068 57483 6884104522591 北京中煤神州节能环保技术开发有限公司
1069 42278 5045104500993 安邦财产保险股份有限公司北京分公司
1070 10453 1190104483254 北京京龙昌商贸有限公司东方吉彩加油站
1071 34040 3976104961501 北京冬雪天地数码科技有限公司
1072 16343 1881104523241 北京盛势博锐科技发展有限公司
1073 40969 4880104497767 北京众博熙泰农业科技有限公司
1074 21749 2516104502004 北京京舟兴业科技有限公司
1075 61908 7436104757311 北京新奥良华建筑装饰工程有限公司
1076 32031 3749104833333 北京怡心泽润医疗器械有限公司
1077 52236 6233104706993 语文出版社有限公司
1078 31220 3649104756962 北京北清视通信息技术有限公司
1079 43873 5231105115710 北京沃思德工程材料有限公司
1080 4481 0525104582953 北京忠信庆铃汽车贸易有限公司
1081 2967 0344104673206 北京北科光大信息技术股份有限公司
1082 36965 4350104591974 北京金龙兴业房地产有限公司
1083 15950 1838105095544 北京中细软网络科技有限公司
1084 55809 6682104982482 石家庄振远建筑安装工程有限公司北京第一分公司
1085 54720 6553104581443 北京诺思威德科技有限公司
1086 39502 4678104914691 北京朗德科技有限公司
1087 49102 5861104892986 北京国视讯国际传媒广告有限责任公司
1088 54554 6530104761036 美国国际商会北京代表处
1089 24094 2794104737939 昱合浩（北京）装饰工程有限公司
1090 45128 5389104485861 当代绿色经济研究中心
1091 59793 7166104682066 歌德盈香股份有限公司
1092 27865 3237104530279 北京盈之宝汽车销售服务有限公司
1093 54115 6476104506127 北京世纪迪辉纺织品有限公司
1094 22875 2650104574137 北京为之味餐饮有限公司
1095 38554 4562104490598 北京金华盛林纸业有限公司
1096 16439 1891104540457 北京春秋永乐文化传播有限公司
1097 72401 8723104565824 北京兴源科创科技发展有限责任公司
1098 49799 5949104824632 北京航美物业管理有限公司
1099 46920 5607104962620 北京德泰亚明电器有限公司
1100 51022 6091104766947 保定市金石建筑工程有限责任公司北京分公司
1101 52548 6275104508461 北京灵思远景营销顾问有限公司
1102 30614 3577104671954 北京万博装饰工程有限公司
1103 48674 5811104485525 北京京都世纪文化发展有限公司
1104 8190 0941104693207 北京蓝海华业科技股份有限公司
1105 4349 0510104516895 北京星传世纪广告有限公司
1106 20742 2389104536202 北京中科伏瑞电气技术有限公司
1107 16716 1922104560243 北京北方万业宏供暖有限公司
1108 8512 0976105006321 北京艾克斯特科技有限公司
1109 39694 4703104685721 北京捷安信通科技有限公司
1110 14212 1634104514752 北京宣联停车服务有限责任公司
1111 73425 8842104801331 北京金晔生物工程有限公司
1112 67872 8171104709715 新华联合冶金控股集团有限公司
1113 22118 2560104508430 北京拓源睿驰工业技术有限公司
1114 67354 8104104733174 光大永明资产管理股份有限公司
1115 42120 5025104728819 北京天乐泰力科技发展有限公司
1116 23678 2746104894992 恒有源科技发展集团有限公司
1117 65239 7846104567183 北京更快互联网技术有限公司
1118 54690 6549104867429 北京伊尹餐饮管理有限公司万丰路店
1119 25351 2942104653936 中国黄金集团黄金珠宝有限公司
1120 5431 0628104547724 北京福润新电讯技术有限公司
1121 47406 5666104559799 北京恒瑞千翔科技有限公司
1122 33390 3902104784682 啄木鸟国际教育咨询（北京）有限公司
1123 80103 9662104669959 中国舞台美术学会
1124 33613 3928104607742 北京普奥瑞能环保科技有限公司
1125 6176 0711104498326 北京学友园中少报刊发行有限责任公司
1126 45181 5394104685810 北京卓越港丽餐饮有限公司
1127 18094 2086104947479 北京思智泰克技术有限公司
1128 33800 3949104759088 北京世行国际石油化工投资管理有限公司
1129 23355 2708104719972 建发（北京）有限公司
1130 15593 1794104575967 道合智汇（北京）广告传媒有限公司
1131 62788 7550104773017 中国林产工业公司
1132 64373 7744104483669 北京泰兴永发机械设备有限公司
1133 79906 9639104662300 北京瑞琪丽邦科技发展有限公司
1134 36411 4279104579788 深圳市掌上行信息技术有限公司北京分公司
1135 33372 3900104562022 北京天鸿圆方建筑设计有限责任公司
1136 6351 0732104501816 北京美味康快餐有限公司
1137 50229 6000104613773 宏孚保险经纪（北京）有限公司
1138 47620 5693104686884 北京英泰东来科技有限公司
1139 50371 6019104711350 北京天意新商城市场有限公司
1140 18760 2164104553578 北京国融创新管理顾问有限公司
1141 32387 3788104788024 北京知时节商贸有限公司
1142 46042 5505104679854 北京世纪康攀公关策划有限公司
1143 67352 8104104552762 北京昕宇瑞成贸易有限公司
1144 30917 3612104553540 北京雷蒙赛博机电技术有限公司
1145 69321 8339104890295 北京福地青云国际旅行社有限公司
1146 42945 5121104631734 北京中咨海外咨询有限公司
1147 31998 3745104516915 北京华阳卓越起重安装设备有限公司
1148 38473 4551104621460 北京世纪丰润商贸有限公司
1149 28782 3349105109662 北京美好生活家居用品有限公司
1150 14877 1708104934291 北京市华星平安科技有限公司
1151 34152 3989105132534 北京龙泉湖酒店管理有限公司
1152 17712 2041104546428 北京京以弘力工业品贸易有限公司
1153 24448 2834104717978 西瑞克斯通信技术股份有限公司
1154 41490 4945104833280 北京市房山区房山街道马各庄农工商公司
1155 3617 0423104492997 北京美乐立家电子商务有限公司
1156 19158 2211104483490 北京安美佳保洁服务有限公司
1157 33464 3911104583864 北京佳晟福设备租赁有限公司
1158 15062 1730104907253 北京蓝景森环能科技发展有限公司
1159 2014 0228104707920 奇创星动（北京）信息科技有限公司
1160 42121 5025104755211 北京伟业联合房地产顾问有限公司
1161 2649 0305104531801 北京实创盛业电梯有限公司
1162 65868 7923105076017 路德思汽车销售服务（北京）有限公司
1163 68109 8197104504003 安中（北京）铁路港口建设咨询有限公司
1164 24102 2796104494987 北京京丰晟鑫机电有限公司
1165 34376 4015104967209 北京金科上元国际科贸有限公司
1166 9052 1032104499285 北京盛世文博文化传播中心
1167 70918 8541104562069 北京仲如伟业科技发展有限责任公司
1168 68659 8261104627419 中交一公局第五工程有限公司
1169 33983 3970104534741 北京天房绿茵园林绿化工程有限公司
1170 35770 4196105121964 北京联超恒业商贸有限公司
1171 56401 6753104562420 北京极思通科技有限公司
1172 17620 2029104749670 北京文豪宏博尔科技股份有限公司
1173 4319 0507104680886 四维世景科技（北京）有限公司
1174 6592 0759104615980 北京创先河普业印刷有限公司
1175 55996 6704104792709 北京海润嘉汽车销售服务有限公司
1176 1364 0151104665141 北京北方创业出租汽车有限公司
1177 48991 5849104587521 北京八达岭金宸建筑有限公司
1178 49186 5870104548398 北京京供创昊电力工程有限公司
1179 47244 5647104504142 北京普利康姆信息技术有限责任公司
1180 46183 5520104473372 北京键沃通讯技术有限公司
1181 13184 1515104905133 健上鸟（北京）医疗技术有限公司
1182 62573 7522104787120 北京全路通信信号研究设计院有限公司
1183 5019 0584104670348 北京高佳静上网服务有限责任公司
1184 8479 0972104721150 北京厚昌投资管理有限公司
1185 64393 7746104678210 北京格森特石油化工成套设备有限公司
1186 45077 5383104750451 湖北弘毅建设有限公司北京建筑分公司
1187 39925 4738104673573 北京道和卓信科技有限公司
1188 38417 4543104815144 北京金泰房地产开发有限责任公司
1189 32795 3834104747167 北京国金管理咨询有限公司
1190 14214 1634104532982 北京亿起联科技有限公司
1191 55840 6686104627937 北京国信比林通信技术有限公司
1192 35168 4122104686141 北京铭源金丰石油化工产品销售有限公司
1193 45606 5449104654091 德迅商务管理有限公司
1194 8250 0949104829837 北京尚构投资顾问有限责任公司
1195 16111 1855104659899 北京大安生物技术有限公司
1196 49471 5905104834595 多维联合集团有限公司
1197 60886 7304104577234 北京中广群星至盛文化传播有限公司
1198 43250 5161104484358 北京九鼎绿环科技股份有限公司
1199 79493 9590104750194 北京中宏瑞兴科技有限公司
1200 60270 7225104629550 北京市平顺大红果餐饮有限公司
