1 1 0012103029696
2 2 0014103778942
3 3 0016101710092
4 4 0016101720348
5 5 0024101923151
6 6 0030103219557
7 7 0036101021652
8 8 0040103511952
9 9 0043103350434
10 10 0045100050956
11 11 0046102736837
12 12 0048103860247
13 13 0055103245628
14 14 0065102941837
15 15 0068101979999
16 16 0070102020073
17 17 0070103704132
18 18 0074104226436
19 19 0077101501061
20 20 0082103077326
21 21 0092101999531
22 22 0092102636126
23 23 0095103084421
24 24 0098102122340
25 25 0104101538126
26 26 0104104059691
27 27 0112102186857
28 28 0113102692528
29 29 0115103439814
30 30 0122101674400
31 31 0130101509810
32 32 0132104423271
33 33 0136102691449
34 34 0145103167778
35 35 0149103034485
36 36 0154101329628
37 37 0155101905707
38 38 0156101946814
39 39 0157104417902
40 40 0162103475465
41 41 0163101989687
42 42 0163104342422
43 43 0170103485617
44 44 0171102216172
45 45 0172101119322
46 46 0177101932749
47 47 0186100379237
48 48 0186101449380
49 49 0192102223472
50 50 0194104170439
51 51 0206104120361
52 52 0207101859880
53 53 0215102431492
54 54 0216101053684
55 55 0216102942935
56 56 0227101695471
57 57 0228103589749
58 58 0238100576430
59 59 0238103499377
60 60 0238104417571
61 61 0248103178351
62 62 0253103762368
63 63 0253104362979
64 64 0272100684622
65 65 0278102501747
66 66 0280103162524
67 67 0285104345999
68 68 0297102829769
69 69 0297104326193
70 70 0301103316044
71 71 0301104138213
72 72 0301104414826
73 73 0307101101553
74 74 0313103352004
75 75 0323103275775
76 76 0333101269544
77 77 0338102015538
78 78 0338104361303
79 79 0347101062562
80 80 0357104347584
81 81 0357104394547
82 82 0359103131769
83 83 0360103323735
84 84 0361104305752
85 85 0363104131082
86 86 0365102132481
87 87 0366102915703
88 88 0370100206094
89 89 0373100115634
90 90 0378102880174
91 91 0379102633450
92 92 0380104012084
93 93 0382100690258
94 94 0390101095082
95 95 0401102378504
96 96 0403100592049
97 97 0406104381090
98 98 0409102254362
99 99 0412101515549
100 100 0415103112548
101 101 0415104346217
102 102 0417102520748
103 103 0423103666903
104 104 0431104049050
105 105 0432104332642
106 106 0439104383173
107 107 0442103115799
108 108 0449102895315
109 109 0450102410038
110 110 0452101510807
111 111 0463102455361
112 112 0466104282955
113 113 0473102347254
114 114 0474104369096
115 115 0477103894274
116 116 0478103129062
117 117 0507104343327
118 118 0508104408511
119 119 0511103612441
120 120 0515104380289
121 121 0519100204376
122 122 0531102599754
123 123 0532104397539
124 124 0536104211007
125 125 0546100573804
126 126 0555104004855
127 127 0560100784202
128 128 0561100991072
129 129 0579104199444
130 130 0612100224363
131 131 0628104382058
132 132 0629103049703
133 133 0629104418569
134 134 0631100227275
135 135 0633101457355
136 136 0637104361004
137 137 0645102793066
138 138 0657104329070
139 139 0660103448522
140 140 0661101995361
141 141 0676100998996
142 142 0681100066944
143 143 0698104254654
144 144 0701103818142
145 145 0703102885882
146 146 0705101944813
147 147 0706104345196
148 148 0708101696351
149 149 0713102137925
150 150 0722102337397
151 151 0722102683417
152 152 0723102931582
153 153 0730103262818
154 154 0731103567295
155 155 0740103529107
156 156 0745103436486
157 157 0745104072456
158 158 0759101350272
159 159 0764103475803
160 160 0771102236079
161 161 0775100841356
162 162 0781101803060
163 163 0787102899853
164 164 0791104274100
165 165 0797104356327
166 166 0799104270916
167 167 0802104028006
168 168 0804104277023
169 169 0813104153884
170 170 0825101036192
171 171 0825101986440
172 172 0834102861887
173 173 0836104370057
174 174 0837100060799
175 175 0840100449081
176 176 0850103467233
177 177 0859104412307
178 178 0860103671251
179 179 0868104139527
180 180 0875103028696
181 181 0878104117902
182 182 0888102045987
183 183 0888103081862
184 184 0888104405485
185 185 0894104412536
186 186 0905101448511
187 187 0909103317548
188 188 0915103279652
189 189 0918101766990
190 190 0929103441189
191 191 0930100447516
192 192 0931103132874
193 193 0934104350912
194 194 0937100763582
195 195 0939100188727
196 196 0945101847702
197 197 0952103939774
198 198 0955104403530
199 199 0965103214976
200 200 0966100562193
201 201 0975101221666
202 202 0983102845523
203 203 0992102336641
204 204 0997103338387
205 205 1012103261060
206 206 1014101834219
207 207 1024100839592
208 208 1027103626891
209 209 1032101026237
210 210 1040101191236
211 211 1044102166755
212 212 1046101843852
213 213 1055103098310
214 214 1056104427686
215 215 1066101797617
216 216 1068100888931
217 217 1071102114156
218 218 1077102325521
219 219 1077102554299
220 220 1081104250758
221 221 1092101815952
222 222 1098102317691
223 223 1102104345263
224 224 1109103222302
225 225 1110102912291
226 226 1120101159228
227 227 1147101628933
228 228 1149100213064
229 229 1151102491400
230 230 1156103296504
231 231 1159102440957
232 232 1165101520956
233 233 1165104222681
234 234 1173104370027
235 235 1178104342230
236 236 1179102616332
237 237 1184103851801
238 238 1184104354459
239 239 1187100277432
240 240 1188100625141
241 241 1188102524551
242 242 1192100501932
243 243 1195100168059
244 244 1196104377466
245 245 1198100705955
246 246 1205102214215
247 247 1212102430166
248 248 1214103376174
249 249 1218100214486
250 250 1218104420780
251 251 1220103505752
252 252 1227101756045
253 253 1245104237390
254 254 1249104414981
255 255 1262103127224
256 256 1262104009393
257 257 1273101162031
258 258 1277100673708
259 259 1278104358431
260 260 1279102552675
261 261 1283100342653
262 262 1293102242590
263 263 1301102947830
264 264 1311104182478
265 265 1315101392087
266 266 1315104343811
267 267 1318102504712
268 268 1326103752356
269 269 1356101130152
270 270 1372103810354
271 271 1375100907649
272 272 1377102833322
273 273 1380102769407
274 274 1382101310755
275 275 1383102394368
276 276 1394100007190
277 277 1396103488367
278 278 1397104345923
279 279 1401103715753
280 280 1402101128444
281 281 1407101046436
282 282 1410104339756
283 283 1414103611459
284 284 1431101147923
285 285 1432103394711
286 286 1435104123673
287 287 1436101507248
288 288 1438102245646
289 289 1442102964250
290 290 1443100201939
291 291 1450104068116
292 292 1453104237669
293 293 1456104376762
294 294 1464100930637
295 295 1470102115785
296 296 1484103450547
297 297 1488103902965
298 298 1490104147392
299 299 1490104224249
300 300 1491103903986
301 301 1504102516349
302 302 1504104006713
303 303 1515102263790
304 304 1521101772057
305 305 1534102279565
306 306 1537102807493
307 307 1540100919216
308 308 1544102578738
309 309 1544102882450
310 310 1550100860911
311 311 1551104328352
312 312 1554101094456
313 313 1565104396309
314 314 1574103193703
315 315 1576101494374
316 316 1576103061050
317 317 1583100328281
318 318 1590100943605
319 319 1598102211057
320 320 1604102451744
321 321 1612103364671
322 322 1616104306211
323 323 1619103240592
324 324 1622102686774
325 325 1623104401644
326 326 1630101110341
327 327 1630102239724
328 328 1640100535794
329 329 1646102808278
330 330 1653103003620
331 331 1655102446828
332 332 1655103219714
333 333 1659103377516
334 334 1665100868062
335 335 1673104323857
336 336 1675103913931
337 337 1677100821073
338 338 1703102231389
339 339 1715104344458
340 340 1722101831502
341 341 1728104373643
342 342 1733104366159
343 343 1734100646855
344 344 1735104392601
345 345 1736103899445
346 346 1741100601439
347 347 1759103600742
348 348 1770100092994
349 349 1772102399117
350 350 1773103219301
351 351 1775100642806
352 352 1777102901718
353 353 1777104427804
354 354 1779100063078
355 355 1783103946749
356 356 1785100999652
357 357 1786100776705
358 358 1788104427061
359 359 1807101972866
360 360 1812104275820
361 361 1813100458406
362 362 1816101965696
363 363 1823100593210
364 364 1826103098942
365 365 1828104151697
366 366 1829102376898
367 367 1831104409400
368 368 1835103751122
369 369 1869100186691
370 370 1870102601004
371 371 1873103140711
372 372 1881101749197
373 373 1881102877831
374 374 1883101617138
375 375 1883103694596
376 376 1887104126092
377 377 1891101965909
378 378 1894100981330
379 379 1897103437803
380 380 1906103401322
381 381 1909100539098
382 382 1917102472179
383 383 1918104415572
384 384 1919101152667
385 385 1922101735849
386 386 1927102458834
387 387 1930101470513
388 388 1933104024355
389 389 1935100029011
390 390 1942103970056
391 391 1952103124406
392 392 1954101983020
393 393 1954102307565
394 394 1957104393055
395 395 1961103575738
396 396 1967101587733
397 397 1967102853332
398 398 1968104389343
399 399 1975101397517
400 400 1983104299885
401 401 2025103901780
402 402 2028103240822
403 403 2043104109654
404 404 2049103894117
405 405 2051103427157
406 406 2068100258864
407 407 2068104388412
408 408 2073103557155
409 409 2078104316589
410 410 2081103241466
411 411 2085100452811
412 412 2092101259380
413 413 2106103471172
414 414 2107102411608
415 415 2107103880830
416 416 2117104409548
417 417 2126100523072
418 418 2127103535339
419 419 2130100446798
420 420 2133104378774
421 421 2135102930671
422 422 2137103339826
423 423 2138101195464
424 424 2138103888391
425 425 2145102892081
426 426 2145104373754
427 427 2149104119206
428 428 2150104314379
429 429 2153100404603
430 430 2163100396950
431 431 2165101291849
432 432 2166104423148
433 433 2167104363360
434 434 2168100256348
435 435 2178103420314
436 436 2182102851225
437 437 2189101843205
438 438 2191103594596
439 439 2194102151138
440 440 2194103285425
441 441 2199104397195
442 442 2202102595232
443 443 2210103397637
444 444 2218101851871
445 445 2219103705233
446 446 2221101855258
447 447 2221102782342
448 448 2222102793469
449 449 2228101814456
450 450 2229102639583
451 451 2229103468414
452 452 2232104419712
453 453 2235101946785
454 454 2252102360979
455 455 2257104332106
456 456 2281103339347
457 457 2283104060053
458 458 2294100489487
459 459 2296101063026
460 460 2298100208237
461 461 2299102718271
462 462 2301104374638
463 463 2302103051836
464 464 2305101617050
465 465 2305102214098
466 466 2306101617171
467 467 2307103568749
468 468 2314103383477
469 469 2316103997119
470 470 2324103461180
471 471 2326101527369
472 472 2332102904695
473 473 2332104378827
474 474 2333103492072
475 475 2348101661121
476 476 2348104405079
477 477 2354100366772
478 478 2361101237324
479 479 2362103955432
480 480 2372103155969
481 481 2380104117219
482 482 2382104379814
483 483 2385100498572
484 484 2386102906764
485 485 2391103804930
486 486 2393103516646
487 487 2394103369051
488 488 2396103464347
489 489 2409103718384
490 490 2418103677427
491 491 2420104328312
492 492 2426103104736
493 493 2429101786000
494 494 2430102104352
495 495 2433100641584
496 496 2436104412275
497 497 2439102244541
498 498 2441102677101
499 499 2443102928451
500 500 2459102877824
501 501 2477102882327
502 502 2478103866551
503 503 2519104336946
504 504 2533104343620
505 505 2536103113866
506 506 2541104350195
507 507 2548102374880
508 508 2551101976361
509 509 2557102186873
510 510 2559103740350
511 511 2559103882232
512 512 2564103241518
513 513 2566100714226
514 514 2583103179869
515 515 2584103295385
516 516 2585102023958
517 517 2588103000633
518 518 2592102486227
519 519 2592104363502
520 520 2594100166036
521 521 2604101160361
522 522 2610102300208
523 523 2616104190780
524 524 2624102324738
525 525 2649103518086
526 526 2661102130897
527 527 2662104161236
528 528 2663102294797
529 529 2664100890471
530 530 2666104370722
531 531 2673101298654
532 532 2675102813645
533 533 2682101603846
534 534 2688103889064
535 535 2693102092847
536 536 2695103906853
537 537 2697101516539
538 538 2711102351065
539 539 2712103941226
540 540 2716101672674
541 541 2716103303887
542 542 2722101209325
543 543 2733102055228
544 544 2745104365966
545 545 2752104410231
546 546 2756101027364
547 547 2761100707668
548 548 2765102532934
549 549 2767104341232
550 550 2769104364202
551 551 2778102968420
552 552 2784100123910
553 553 2785102111514
554 554 2794102950584
555 555 2796104358225
556 556 2799103434698
557 557 2820103066152
558 558 2828101220692
559 559 2830101184778
560 560 2831102905585
561 561 2833101420829
562 562 2835102539019
563 563 2846103199128
564 564 2849102398578
565 565 2865104341767
566 566 2874104339218
567 567 2897101495599
568 568 2899104095322
569 569 2902103589231
570 570 2903102108571
571 571 2906100207477
572 572 2906102682965
573 573 2907101174780
574 574 2910101204282
575 575 2928104050466
576 576 2935102373960
577 577 2942104407668
578 578 2961103061557
579 579 2967101222025
580 580 2974102878306
581 581 2990101071754
582 582 3003100551485
583 583 3006101133945
584 584 3008103767452
585 585 3017102818751
586 586 3020102170161
587 587 3021100700819
588 588 3027100929053
589 589 3030101279846
590 590 3048100590367
591 591 3056103767341
592 592 3062102917134
593 593 3069103001358
594 594 3071103352565
595 595 3082104352795
596 596 3084101059413
597 597 3084101647815
598 598 3085103105534
599 599 3087104347345
600 600 3090101297800
601 601 3092103063499
602 602 3094102143604
603 603 3096103815969
604 604 3098101669101
605 605 3105103544537
606 606 3111100093846
607 607 3117103519158
608 608 3118100395199
609 609 3120101194910
610 610 3136103732981
611 611 3144104406807
612 612 3146103328371
613 613 3179100911288
614 614 3183104365111
615 615 3185104352674
616 616 3187104375969
617 617 3190103848770
618 618 3196102212519
619 619 3197103340688
620 620 3201101770409
621 621 3201103902786
622 622 3202104188163
623 623 3204104336542
624 624 3205101255128
625 625 3208104382096
626 626 3212104359006
627 627 3214103933863
628 628 3220102725716
629 629 3221103200422
630 630 3221104339065
631 631 3227103085329
632 632 3234103461315
633 633 3237100831477
634 634 3240101605499
635 635 3240102020484
636 636 3247103358784
637 637 3254104338084
638 638 3255102948498
639 639 3255104411293
640 640 3260104367917
641 641 3266104081454
642 642 3276104071525
643 643 3277104308442
644 644 3279104407139
645 645 3280102457978
646 646 3289103983346
647 647 3306104368142
648 648 3309103035101
649 649 3310101835929
650 650 3328102489485
651 651 3333103694986
652 652 3334103130574
653 653 3338104325245
654 654 3339100479965
655 655 3339103352574
656 656 3347101406899
657 657 3351103738282
658 658 3354102020553
659 659 3361103873323
660 660 3365102089597
661 661 3380102683415
662 662 3384101947659
663 663 3405102784445
664 664 3407104417428
665 665 3411103717829
666 666 3413100175101
667 667 3420103053642
668 668 3422102308089
669 669 3427102100741
670 670 3427103559735
671 671 3430103728735
672 672 3432102961162
673 673 3435104372035
674 674 3439103395615
675 675 3443101244198
676 676 3450103320273
677 677 3452100770679
678 678 3457102431159
679 679 3463102385020
680 680 3464101355593
681 681 3466102790607
682 682 3466103933460
683 683 3467101318533
684 684 3475102326675
685 685 3475102884384
686 686 3476103315477
687 687 3483101559047
688 688 3485101861678
689 689 3485103446744
690 690 3489103300041
691 691 3491101787478
692 692 3491104273342
693 693 3491104374303
694 694 3500102163963
695 695 3509102915339
696 696 3512100990883
697 697 3512102306913
698 698 3513100483885
699 699 3516103989727
700 700 3517102431745
701 701 3522103192404
702 702 3528104388701
703 703 3529100575957
704 704 3529100942310
705 705 3531104389555
706 706 3532102046643
707 707 3532102616216
708 708 3535102517227
709 709 3542102349834
710 710 3545104232455
711 711 3551100529911
712 712 3552102580977
713 713 3557103163677
714 714 3562104347525
715 715 3565101262495
716 716 3570103257483
717 717 3576103335881
718 718 3590100715774
719 719 3597103567254
720 720 3603103590986
721 721 3610102021804
722 722 3617101912193
723 723 3635103169371
724 724 3640102774365
725 725 3645100599619
726 726 3646104357095
727 727 3653101081357
728 728 3670102572422
729 729 3670103405406
730 730 3675100721644
731 731 3678102807604
732 732 3678104179895
733 733 3680102974622
734 734 3683101139837
735 735 3686104376414
736 736 3689102121642
737 737 3696100362466
738 738 3700103660659
739 739 3710102468103
740 740 3711100461669
741 741 3711100600820
742 742 3713101129083
743 743 3725101442627
744 744 3726102228019
745 745 3728102739459
746 746 3737102954892
747 747 3742104325966
748 748 3748103152645
749 749 3759104409076
750 750 3766103139525
751 751 3775102324489
752 752 3777103680662
753 753 3778101017815
754 754 3788104411645
755 755 3789103829881
756 756 3792100240764
757 757 3794102609123
758 758 3815103835404
759 759 3815104340520
760 760 3822100396609
761 761 3825103801303
762 762 3831102446475
763 763 3848101643275
764 764 3848102169816
765 765 3855104319498
766 766 3855104332180
767 767 3858104415922
768 768 3867101297432
769 769 3867102192645
770 770 3878103367177
771 771 3881102876502
772 772 3881102994642
773 773 3890102524614
774 774 3895103713958
775 775 3896103145146
776 776 3898102902217
777 777 3899102086724
778 778 3901100886818
779 779 3909104154240
780 780 3910104412299
781 781 3912104341230
782 782 3913103556151
783 783 3918103415967
784 784 3919102292670
785 785 3921100686687
786 786 3923101482104
787 787 3931104165724
788 788 3932103700843
789 789 3933102438561
790 790 3934101374838
791 791 3936102053152
792 792 3946101446735
793 793 3949100713123
794 794 3952101572594
795 795 3964102351172
796 796 3965101726520
797 797 3965103626456
798 798 3970101621475
799 799 3970103594245
800 800 3979103423105
801 801 3981102015709
802 802 3999103917087
803 803 4001104159747
804 804 4004104352594
805 805 4010101234037
806 806 4013103194845
807 807 4021103475048
808 808 4030102983158
809 809 4033102581474
810 810 4034102570609
811 811 4036101647925
812 812 4040103528419
813 813 4048102173602
814 814 4048103021014
815 815 4078104342520
816 816 4098102081586
817 817 4100103766100
818 818 4128104416089
819 819 4131100412161
820 820 4136103862684
821 821 4144101117591
822 822 4145100479261
823 823 4149100270736
824 824 4149104380091
825 825 4164104338193
826 826 4166103936478
827 827 4169103749898
828 828 4171103408252
829 829 4175101602326
830 830 4177102914886
831 831 4180104401974
832 832 4193101879765
833 833 4197104346126
834 834 4202100567603
835 835 4207100250790
836 836 4210104326537
837 837 4212102438496
838 838 4219100954851
839 839 4222100378125
840 840 4223100321227
841 841 4234101857387
842 842 4234102179782
843 843 4239104407830
844 844 4240102024182
845 845 4241102528862
846 846 4245102712798
847 847 4245104291767
848 848 4245104367334
849 849 4250104341900
850 850 4252102646854
851 851 4257102274502
852 852 4258102957248
853 853 4262104355716
854 854 4267103067226
855 855 4285103972780
856 856 4287100256168
857 857 4297102411722
858 858 4297104375589
859 859 4303104395121
860 860 4308102110290
861 861 4309102612478
862 862 4321100774599
863 863 4324104379950
864 864 4326103998265
865 865 4326104378574
866 866 4336102642521
867 867 4349103151348
868 868 4349103930908
869 869 4355102213949
870 870 4355104386358
871 871 4357103403615
872 872 4366102693000
873 873 4370102296688
874 874 4372104165504
875 875 4374102399734
876 876 4374102802752
877 877 4379102684717
878 878 4384101986665
879 879 4387101773091
880 880 4390104025094
881 881 4391103379476
882 882 4394104338613
883 883 4399102308774
884 884 4413102374492
885 885 4421102447454
886 886 4422102680498
887 887 4422104226591
888 888 4429103724942
889 889 4433100087474
890 890 4433103991136
891 891 4439101769566
892 892 4439103702656
893 893 4445104424227
894 894 4456104318737
895 895 4458102994392
896 896 4462103825743
897 897 4464103785917
898 898 4471102764779
899 899 4477101316489
900 900 4479102288666
901 901 4496102372140
902 902 4500102017175
903 903 4514101301247
904 904 4516100798214
905 905 4518103703055
906 906 4525102384763
907 907 4534103206840
908 908 4537101839724
909 909 4539101015540
910 910 4546104069530
911 911 4553104192692
912 912 4561100553855
913 913 4569100379118
914 914 4571104058675
915 915 4573104371332
916 916 4579100009122
917 917 4580104345957
918 918 4582101330527
919 919 4583103055665
920 920 4585102503756
921 921 4589104357909
922 922 4590100554377
923 923 4593102484950
924 924 4594104417618
925 925 4605104423414
926 926 4614104367482
927 927 4615103617439
928 928 4621100114395
929 929 4625103222697
930 930 4633104289782
931 931 4643103002064
932 932 4659104014648
933 933 4664102521921
934 934 4670103917765
935 935 4674104381364
936 936 4682102925782
937 937 4707100040100
938 938 4717104354955
939 939 4720102507778
940 940 4722104418111
941 941 4723103386752
942 942 4724104348299
943 943 4733102562977
944 944 4743104358250
945 945 4745102764340
946 946 4745103233443
947 947 4754102137587
948 948 4754102527705
949 949 4755103488778
950 950 4756100412520
951 951 4759101595797
952 952 4777104044662
953 953 4778100863803
954 954 4778102858773
955 955 4785103579212
956 956 4796100100690
957 957 4796100671061
958 958 4798102654702
959 959 4805102962906
960 960 4808104034407
961 961 4808104307453
962 962 4809103684638
963 963 4815104335202
964 964 4817103792203
965 965 4821104349642
966 966 4825102244829
967 967 4830102778737
968 968 4835104419757
969 969 4850104326323
970 970 4863102667652
971 971 4878104070491
972 972 4879101978475
973 973 4889103101504
974 974 4897100983270
975 975 4899103384745
976 976 4918104095184
977 977 4921100276992
978 978 4921103372015
979 979 4924104222633
980 980 4931100733311
981 981 4933104324898
982 982 4934103721667
983 983 4942102119708
984 984 4943100358429
985 985 4943103164339
986 986 4954101665861
987 987 4955100040761
988 988 4957103544637
989 989 4960104325015
990 990 4961103446332
991 991 4966103406925
992 992 4982101956314
993 993 4987101265045
994 994 4988104340288
995 995 4991102451393
996 996 4999104069686
997 997 4999104423933
998 998 5008103797299
999 999 5011101180380
1000 1000 5013101792712
1001 1001 5014104304349
1002 1002 5016101995690
1003 1003 5040103096969
1004 1004 5048103446591
1005 1005 5053104399759
1006 1006 5063101323909
1007 1007 5073103072333
1008 1008 5078103945184
1009 1009 5082100890808
1010 1010 5082104384549
1011 1011 5084103536638
1012 1012 5092102896440
1013 1013 5099102567045
1014 1014 5101101592531
1015 1015 5105103233300
1016 1016 5110101865476
1017 1017 5111103038753
1018 1018 5113101284272
1019 1019 5123101322606
1020 1020 5124101110584
1021 1021 5151102842042
1022 1022 5152104117684
1023 1023 5154104421669
1024 1024 5157100339148
1025 1025 5161102670111
1026 1026 5166100206240
1027 1027 5167100361168
1028 1028 5175100389787
1029 1029 5177102277896
1030 1030 5182102981398
1031 1031 5183102787043
1032 1032 5187103135283
1033 1033 5187103381946
1034 1034 5189102245379
1035 1035 5189104036568
1036 1036 5201104154268
1037 1037 5202104357540
1038 1038 5206104419284
1039 1039 5209102168841
1040 1040 5212101640240
1041 1041 5216100680549
1042 1042 5221102220627
1043 1043 5225104416512
1044 1044 5231102763226
1045 1045 5239101314049
1046 1046 5248103465448
1047 1047 5249102255054
1048 1048 5253102866507
1049 1049 5254101453655
1050 1050 5255100339074
1051 1051 5263104407368
1052 1052 5268102849286
1053 1053 5270104360017
1054 1054 5273102644522
1055 1055 5278104364955
1056 1056 5285103824494
1057 1057 5290100197091
1058 1058 5305104225745
1059 1059 5305104339948
1060 1060 5314101032955
1061 1061 5319102018857
1062 1062 5336102355156
1063 1063 5336104420797
1064 1064 5343104339176
1065 1065 5350100900684
1066 1066 5351103384159
1067 1067 5356101313557
1068 1068 5370103736252
1069 1069 5372103445818
1070 1070 5376100475932
1071 1071 5380101119576
1072 1072 5380101899523
1073 1073 5380103383878
1074 1074 5381102392631
1075 1075 5387102109848
1076 1076 5389104340828
1077 1077 5392103271431
1078 1078 5396100865752
1079 1079 5398102063543
1080 1080 5400101537015
1081 1081 5406103719695
1082 1082 5409104357891
1083 1083 5429101835333
1084 1084 5432104165411
1085 1085 5437103786464
1086 1086 5450103110892
1087 1087 5451104388536
1088 1088 5452104169324
1089 1089 5455101058500
1090 1090 5469103820765
1091 1091 5478101160190
1092 1092 5479104420703
1093 1093 5485100851690
1094 1094 5489103880017
1095 1095 5498101090894
1096 1096 5500104271790
1097 1097 5508102750024
1098 1098 5510104255728
1099 1099 5512100578872
1100 1100 5528104375513
1101 1101 5532103644266
1102 1102 5532104381273
1103 1103 5536104035198
1104 1104 5539103406916
1105 1105 5552101857439
1106 1106 5558100985965
1107 1107 5559104251456
1108 1108 5563100313504
1109 1109 5565103988096
1110 1110 5571100795671
1111 1111 5571103098053
1112 1112 5576100695120
1113 1113 5577101695237
1114 1114 5577101911853
1115 1115 5580100865830
1116 1116 5584104320459
1117 1117 5589103774509
1118 1118 5591101584819
1119 1119 5600104017599
1120 1120 5607101204302
1121 1121 5610102882518
1122 1122 5622103073919
1123 1123 5631103762123
1124 1124 5633101225312
1125 1125 5634100960985
1126 1126 5636101187610
1127 1127 5650100922756
1128 1128 5653103580908
1129 1129 5654100914948
1130 1130 5655103831624
1131 1131 5656102427698
1132 1132 5657103779266
1133 1133 5658101745445
1134 1134 5666102132563
1135 1135 5676102375571
1136 1136 5676104315206
1137 1137 5680100133297
1138 1138 5687100162489
1139 1139 5691102791757
1140 1140 5700101702187
1141 1141 5704100590730
1142 1142 5704104347098
1143 1143 5731101601237
1144 1144 5732103198958
1145 1145 5738100544427
1146 1146 5742101061306
1147 1147 5749101411936
1148 1148 5752103424094
1149 1149 5757103662463
1150 1150 5758103376964
1151 1151 5765104308497
1152 1152 5777100911323
1153 1153 5781104349353
1154 1154 5782102774447
1155 1155 5787104365063
1156 1156 5794100071165
1157 1157 5807103724556
1158 1158 5809102571885
1159 1159 5813103124144
1160 1160 5815100183776
1161 1161 5816100873638
1162 1162 5819102720353
1163 1163 5820103395994
1164 1164 5821101520363
1165 1165 5827100210536
1166 1166 5830103370017
1167 1167 5837102992495
1168 1168 5837103051714
1169 1169 5840100999932
1170 1170 5840101739236
1171 1171 5847100533804
1172 1172 5852100593320
1173 1173 5855102745908
1174 1174 5855104351052
1175 1175 5865104170280
1176 1176 5868101372597
1177 1177 5870102154514
1178 1178 5871103039378
1179 1179 5876102408305
1180 1180 5881102447363
1181 1181 5889104418529
1182 1182 5894102657458
1183 1183 5905103866557
1184 1184 5909104003977
1185 1185 5912100992965
1186 1186 5915103295070
1187 1187 5921101448578
1188 1188 5924103767880
1189 1189 5925100586986
1190 1190 5926103430075
1191 1191 5928102427917
1192 1192 5931104044493
1193 1193 5940101416989
1194 1194 5941104340626
1195 1195 5952103067293
1196 1196 5958101571075
1197 1197 5963103514152
1198 1198 5964104407042
1199 1199 5969102219378
1200 1200 5971104265713
1201 1201 5974104331490
1202 1202 5980102931711
1203 1203 5980104368305
1204 1204 5991101861861
1205 1205 5993100493469
1206 1206 5994102245637
1207 1207 5999104345773
1208 1208 6000104276322
1209 1209 6005100881068
1210 1210 6008103521906
1211 1211 6019101961926
1212 1212 6024100043107
1213 1213 6026101513362
1214 1214 6027100276238
1215 1215 6028104354103
1216 1216 6031103282055
1217 1217 6036100168909
1218 1218 6038104374988
1219 1219 6048101009432
1220 1220 6052100593689
1221 1221 6055100475852
1222 1222 6061103099391
1223 1223 6065103535111
1224 1224 6067102455679
1225 1225 6069100393270
1226 1226 6069101650997
1227 1227 6075102032184
1228 1228 6090102375972
1229 1229 6092100771794
1230 1230 6093104341517
1231 1231 6098101318995
1232 1232 6100104017782
1233 1233 6125104347329
1234 1234 6129101845118
1235 1235 6131104424479
1236 1236 6136100071160
1237 1237 6137103006993
1238 1238 6148102951535
1239 1239 6149102192788
1240 1240 6153101490967
1241 1241 6164103918537
1242 1242 6165101732087
1243 1243 6168101119545
1244 1244 6168103439596
1245 1245 6169102088753
1246 1246 6176104338122
1247 1247 6178103199879
1248 1248 6181100866793
1249 1249 6182104301790
1250 1250 6182104309973
1251 1251 6186103644467
1252 1252 6191100605933
1253 1253 6191104423377
1254 1254 6201100946477
1255 1255 6204101518633
1256 1256 6205103671137
1257 1257 6216102454144
1258 1258 6220102856221
1259 1259 6221101778424
1260 1260 6228102729654
1261 1261 6233103446337
1262 1262 6237103348192
1263 1263 6244104420236
1264 1264 6246100747635
1265 1265 6249100985664
1266 1266 6253101834438
1267 1267 6264104355134
1268 1268 6267102242566
1269 1269 6268104338263
1270 1270 6269102487799
1271 1271 6281104275740
1272 1272 6290104202895
1273 1273 6291103020315
1274 1274 6293102582699
1275 1275 6299103141829
1276 1276 6303103880946
1277 1277 6306103491170
1278 1278 6308102135958
1279 1279 6321101999591
1280 1280 6321103176409
1281 1281 6321103482743
1282 1282 6356101067667
1283 1283 6361103967846
1284 1284 6364104422955
1285 1285 6365102872593
1286 1286 6373104378984
1287 1287 6390103347988
1288 1288 6394102490438
1289 1289 6397104089801
1290 1290 6404104364013
1291 1291 6406104342845
1292 1292 6408101859924
1293 1293 6410104280806
1294 1294 6411104338250
1295 1295 6423102532756
1296 1296 6423102756236
1297 1297 6429104089022
1298 1298 6443102682275
1299 1299 6445103973574
1300 1300 6447104342827
1301 1301 6463103934277
1302 1302 6466104370538
1303 1303 6480102178243
1304 1304 6484104417590
1305 1305 6491104342920
1306 1306 6492100008476
1307 1307 6497104339416
1308 1308 6498102680051
1309 1309 6504104375406
1310 1310 6505100161427
1311 1311 6508100761066
1312 1312 6508101346006
1313 1313 6515104404800
1314 1314 6519103258147
1315 1315 6523101085691
1316 1316 6524104172444
1317 1317 6525104410498
1318 1318 6531101843306
1319 1319 6533102702846
1320 1320 6534104364998
1321 1321 6544104404268
1322 1322 6550104360915
1323 1323 6552104326857
1324 1324 6553100427083
1325 1325 6556100703489
1326 1326 6559103974386
1327 1327 6568103090396
1328 1328 6573100535681
1329 1329 6576101953643
1330 1330 6582102591103
1331 1331 6585102006291
1332 1332 6588104338080
1333 1333 6589103560162
1334 1334 6596104142357
1335 1335 6597103070272
1336 1336 6608103575143
1337 1337 6611102648948
1338 1338 6616101956942
1339 1339 6616102535567
1340 1340 6617100954905
1341 1341 6628101882620
1342 1342 6632101612621
1343 1343 6632102249056
1344 1344 6632103516786
1345 1345 6635104344603
1346 1346 6642103534252
1347 1347 6646102464101
1348 1348 6647101361376
1349 1349 6658104310805
1350 1350 6671104115730
1351 1351 6677100493514
1352 1352 6682101515302
1353 1353 6686102749406
1354 1354 6698103223759
1355 1355 6707104391687
1356 1356 6711100989914
1357 1357 6714104218811
1358 1358 6724104397335
1359 1359 6732104409991
1360 1360 6733101688017
1361 1361 6734103920226
1362 1362 6750103225204
1363 1363 6758102725436
1364 1364 6763104227635
1365 1365 6764103988819
1366 1366 6773100024729
1367 1367 6774104373529
1368 1368 6775102274780
1369 1369 6775104240204
1370 1370 6781100555759
1371 1371 6782103801742
1372 1372 6785104341353
1373 1373 6788103696323
1374 1374 6793100682399
1375 1375 6797101492505
1376 1376 6808104405713
1377 1377 6810104382512
1378 1378 6811103381083
1379 1379 6816101293604
1380 1380 6818103085008
1381 1381 6819102453090
1382 1382 6823100990221
1383 1383 6823102068955
1384 1384 6825103676193
1385 1385 6829104419905
1386 1386 6835100467753
1387 1387 6841103810211
1388 1388 6847102662160
1389 1389 6855102223519
1390 1390 6855103084973
1391 1391 6856104360955
1392 1392 6858102087558
1393 1393 6860104401781
1394 1394 6863102850112
1395 1395 6868102709708
1396 1396 6872101820136
1397 1397 6882101234614
1398 1398 6897102210296
1399 1399 6897103484421
1400 1400 6904104377962
1401 1401 6908103850435
1402 1402 6915101410211
1403 1403 6918100432182
1404 1404 6921102933419
1405 1405 6923104405106
1406 1406 6936102899858
1407 1407 6936103174669
1408 1408 6936103676841
1409 1409 6939101656836
1410 1410 6946102365890
1411 1411 6947101631891
1412 1412 6948100393374
1413 1413 6957100970620
1414 1414 6963101980531
1415 1415 6969103515019
1416 1416 6969104423299
1417 1417 6972100842514
1418 1418 6972101744893
1419 1419 6974104338905
1420 1420 6981100870161
1421 1421 6990101353533
1422 1422 6993104385811
1423 1423 7000103839753
1424 1424 7004102265828
1425 1425 7006100276797
1426 1426 7006102724332
1427 1427 7006102930900
1428 1428 7011102329013
1429 1429 7019100889467
1430 1430 7050102072117
1431 1431 7051102119940
1432 1432 7051102442698
1433 1433 7051104381362
1434 1434 7061101566592
1435 1435 7063103529062
1436 1436 7065103413146
1437 1437 7070103705972
1438 1438 7075101084842
1439 1439 7080102124534
1440 1440 7080102529634
1441 1441 7085100039297
1442 1442 7093103827276
1443 1443 7096101883835
1444 1444 7101104373440
1445 1445 7106103920845
1446 1446 7109100935016
1447 1447 7110104342059
1448 1448 7111103112611
1449 1449 7115103970412
1450 1450 7116103419175
1451 1451 7117103100669
1452 1452 7118102370257
1453 1453 7120101055604
1454 1454 7121100090718
1455 1455 7125104151489
1456 1456 7126100193648
1457 1457 7139100437064
1458 1458 7142102242026
1459 1459 7143104396573
1460 1460 7152103434439
1461 1461 7155103668231
1462 1462 7157101496742
1463 1463 7158101046942
1464 1464 7161100127524
1465 1465 7161103228721
1466 1466 7164104317339
1467 1467 7165103257323
1468 1468 7174103968249
1469 1469 7176102052993
1470 1470 7176104366158
1471 1471 7176104407210
1472 1472 7197102109356
1473 1473 7199101706508
1474 1474 7202104399227
1475 1475 7223103483086
1476 1476 7239104348121
1477 1477 7242104054422
1478 1478 7254103308806
1479 1479 7257100976732
1480 1480 7257104266525
1481 1481 7266101627651
1482 1482 7269101854222
1483 1483 7271102272509
1484 1484 7277103944867
1485 1485 7286101374605
1486 1486 7286102960365
1487 1487 7295103494059
1488 1488 7299102106169
1489 1489 7310101228409
1490 1490 7327104348439
1491 1491 7330103594667
1492 1492 7334101787387
1493 1493 7334101920986
1494 1494 7334102290822
1495 1495 7342100505301
1496 1496 7355102223603
1497 1497 7356102522634
1498 1498 7360102959313
1499 1499 7361103472212
1500 1500 7368103396392
1501 1501 7371103105990
1502 1502 7378102084403
1503 1503 7379102060873
1504 1504 7380102117615
1505 1505 7381100586851
1506 1506 7384104389330
1507 1507 7404104400912
1508 1508 7418104398936
1509 1509 7424103212744
1510 1510 7436104315483
1511 1511 7450103830665
1512 1512 7452102205276
1513 1513 7456101415181
1514 1514 7456103386765
1515 1515 7459104406940
1516 1516 7462104375324
1517 1517 7471103752093
1518 1518 7479102125809
1519 1519 7481100532662
1520 1520 7489100167426
1521 1521 7500102875478
1522 1522 7501104403824
1523 1523 7502100697454
1524 1524 7504102957432
1525 1525 7507104041084
1526 1526 7514102922303
1527 1527 7517104405463
1528 1528 7518102147455
1529 1529 7518104302084
1530 1530 7521102024491
1531 1531 7529101459426
1532 1532 7530103058717
1533 1533 7532103554935
1534 1534 7538102681299
1535 1535 7543104072612
1536 1536 7547100376951
1537 1537 7553104381673
1538 1538 7555104282088
1539 1539 7558102856312
1540 1540 7558104179328
1541 1541 7568104399368
1542 1542 7573103720528
1543 1543 7577103152420
1544 1544 7585101796825
1545 1545 7588104352971
1546 1546 7590100097714
1547 1547 7591100698391
1548 1548 7595103891656
1549 1549 7597104120587
1550 1550 7599102547320
1551 1551 7609102106964
1552 1552 7612104368954
1553 1553 7619104404136
1554 1554 7625102756129
1555 1555 7626103576419
1556 1556 7628104367332
1557 1557 7630102475110
1558 1558 7638102056574
1559 1559 7640104377188
1560 1560 7642103891879
1561 1561 7643104027182
1562 1562 7646103124123
1563 1563 7651100730776
1564 1564 7653104368605
1565 1565 7664100864741
1566 1566 7669104383183
1567 1567 7676100081719
1568 1568 7686101295930
1569 1569 7690104346343
1570 1570 7699103184212
1571 1571 7700104346610
1572 1572 7701103310482
1573 1573 7709102794416
1574 1574 7710104421969
1575 1575 7717101661684
1576 1576 7718102731616
1577 1577 7718103290300
1578 1578 7726104346667
1579 1579 7734101112402
1580 1580 7737101892665
1581 1581 7737102431667
1582 1582 7742101717509
1583 1583 7749100229216
1584 1584 7750103852120
1585 1585 7753103838946
1586 1586 7759100934732
1587 1587 7759102066362
1588 1588 7764104311498
1589 1589 7772103875319
1590 1590 7775101478521
1591 1591 7776104134014
1592 1592 7784101829365
1593 1593 7785104402208
1594 1594 7803101767717
1595 1595 7803102455280
1596 1596 7808103442471
1597 1597 7810101969075
1598 1598 7812102424614
1599 1599 7821103955774
1600 1600 7824104362642
1601 1601 7829103033813
1602 1602 7829103856021
1603 1603 7830102184856
1604 1604 7836104353102
1605 1605 7837101085575
1606 1606 7839103075501
1607 1607 7841103862987
1608 1608 7851101517457
1609 1609 7852102466207
1610 1610 7854100550031
1611 1611 7855100731863
1612 1612 7856102207887
1613 1613 7856102582407
1614 1614 7859102059011
1615 1615 7864100684626
1616 1616 7865101062560
1617 1617 7868104407704
1618 1618 7871102699202
1619 1619 7871103128528
1620 1620 7874102436653
1621 1621 7876103029072
1622 1622 7878104340437
1623 1623 7880101503731
1624 1624 7881104384584
1625 1625 7884104414649
1626 1626 7885103850425
1627 1627 7894100263419
1628 1628 7900100702867
1629 1629 7901103361305
1630 1630 7902101604834
1631 1631 7904103846587
1632 1632 7908101866912
1633 1633 7912101778953
1634 1634 7920104338161
1635 1635 7922101812901
1636 1636 7925100659084
1637 1637 7927102336307
1638 1638 7929102040614
1639 1639 7930101385326
1640 1640 7930102391489
1641 1641 7931100620708
1642 1642 7931101358837
1643 1643 7934104405421
1644 1644 7940102106098
1645 1645 7941102194011
1646 1646 7947103426200
1647 1647 7950104311481
1648 1648 7955101080174
1649 1649 7956103388610
1650 1650 7964101497810
1651 1651 7966102824533
1652 1652 7975102259657
1653 1653 7985100697148
1654 1654 7985103513712
1655 1655 7988102506136
1656 1656 7989100964814
1657 1657 8029100561562
1658 1658 8040102508665
1659 1659 8061100747523
1660 1660 8072103940588
1661 1661 8074101695902
1662 1662 8077101116652
1663 1663 8077101504960
1664 1664 8077102331405
1665 1665 8078102668336
1666 1666 8080103487971
1667 1667 8081103139125
1668 1668 8084103073945
1669 1669 8085103857305
1670 1670 8088104345104
1671 1671 8093101701848
1672 1672 8100103255528
1673 1673 8102104199844
1674 1674 8105100751721
1675 1675 8113103683391
1676 1676 8113104340196
1677 1677 8127103103786
1678 1678 8128104014577
1679 1679 8131102128276
1680 1680 8148103975364
1681 1681 8157101898100
1682 1682 8171100866784
1683 1683 8181102773713
1684 1684 8187100230784
1685 1685 8196101469309
1686 1686 8211104077318
1687 1687 8212103253197
1688 1688 8214101747578
1689 1689 8216104386681
1690 1690 8222101952584
1691 1691 8222102850127
1692 1692 8227104400763
1693 1693 8235102020654
1694 1694 8238103557731
1695 1695 8250103239036
1696 1696 8270103157981
1697 1697 8271104339270
1698 1698 8291103847250
1699 1699 8300101872304
1700 1700 8307100554321
1701 1701 8307100905837
1702 1702 8309104340071
1703 1703 8315101962592
1704 1704 8322104341450
1705 1705 8331102366016
1706 1706 8334104149946
1707 1707 8345103928586
1708 1708 8349101495820
1709 1709 8349103610781
1710 1710 8355100501611
1711 1711 8362102577224
1712 1712 8363101537102
1713 1713 8372102161424
1714 1714 8373103338053
1715 1715 8384103362510
1716 1716 8395103654130
1717 1717 8402101318269
1718 1718 8404104372309
1719 1719 8405101716791
1720 1720 8408100276171
1721 1721 8409100220979
1722 1722 8413104387437
1723 1723 8415103378710
1724 1724 8424101399453
1725 1725 8427102517463
1726 1726 8430103314249
1727 1727 8438102615850
1728 1728 8438104155384
1729 1729 8449102266421
1730 1730 8462103205025
1731 1731 8464100325101
1732 1732 8478104147588
1733 1733 8486101745497
1734 1734 8500104342593
1735 1735 8536101584425
1736 1736 8541101523685
1737 1737 8547104363117
1738 1738 8555102225168
1739 1739 8569101960630
1740 1740 8570101111584
1741 1741 8571102570590
1742 1742 8576104359229
1743 1743 8586104396452
1744 1744 8587103542358
1745 1745 8602101221299
1746 1746 8620104406075
1747 1747 8628100178130
1748 1748 8654103397458
1749 1749 8655103088032
1750 1750 8656104340605
1751 1751 8660101601075
1752 1752 8669103098782
1753 1753 8672100192380
1754 1754 8678100802496
1755 1755 8690100608486
1756 1756 8695104388278
1757 1757 8698104355639
1758 1758 8702101999529
1759 1759 8707101657102
1760 1760 8708100517847
1761 1761 8712100351685
1762 1762 8714100082874
1763 1763 8723103909088
1764 1764 8733103973692
1765 1765 8735102257412
1766 1766 8743103029927
1767 1767 8750101699365
1768 1768 8753103254999
1769 1769 8755104235826
1770 1770 8760100703859
1771 1771 8761102718335
1772 1772 8769103297808
1773 1773 8777102714042
1774 1774 8780103470877
1775 1775 8795103517235
1776 1776 8798101344260
1777 1777 8801100025694
1778 1778 8801102330897
1779 1779 8802104112171
1780 1780 8804103916546
1781 1781 8805104413910
1782 1782 8807104354728
1783 1783 8810100773187
1784 1784 8813104344437
1785 1785 8815101799289
1786 1786 8816101307858
1787 1787 8818104340879
1788 1788 8819103607256
1789 1789 8830102943490
1790 1790 8832103010728
1791 1791 8835102743071
1792 1792 8849103911203
1793 1793 8851101808112
1794 1794 8854102453095
1795 1795 8855103045553
1796 1796 8863104361312
1797 1797 8865101410925
1798 1798 8865104390483
1799 1799 8873101228961
1800 1800 8875103070220
1801 1801 8875103522330
1802 1802 8878103101450
1803 1803 8888102368235
1804 1804 8894100792193
1805 1805 8896100266311
1806 1806 8897103998224
1807 1807 8897104366562
1808 1808 8900104086360
1809 1809 8904102472417
1810 1810 8905104315564
1811 1811 8906104352767
1812 1812 8909100016436
1813 1813 8909100200179
1814 1814 8911100290709
1815 1815 8917103296640
1816 1816 8919103202853
1817 1817 8922102989517
1818 1818 8922103730048
1819 1819 8925101609776
1820 1820 8926102387367
1821 1821 8927100054629
1822 1822 8935102070238
1823 1823 8940101289889
1824 1824 8945104404517
1825 1825 8957101271979
1826 1826 8959104398953
1827 1827 8965100117598
1828 1828 8969100960787
1829 1829 8969103773035
1830 1830 8974104424660
1831 1831 8980104413198
1832 1832 8983102484168
1833 1833 8987103878871
1834 1834 8989102820014
1835 1835 8992101161907
1836 1836 9003103666391
1837 1837 9013102390704
1838 1838 9015104409757
1839 1839 9019101371326
1840 1840 9031104401947
1841 1841 9040101016826
1842 1842 9041102138293
1843 1843 9048103340563
1844 1844 9050102091438
1845 1845 9054103744796
1846 1846 9057100796165
1847 1847 9057101880468
1848 1848 9057104341815
1849 1849 9059104420180
1850 1850 9063104421516
1851 1851 9089101620209
1852 1852 9091100983368
1853 1853 9091104305062
1854 1854 9092104314198
1855 1855 9092104408726
1856 1856 9108102817727
1857 1857 9109100030588
1858 1858 9110102927998
1859 1859 9111104384542
1860 1860 9117104188047
1861 1861 9121104419888
1862 1862 9122102787952
1863 1863 9122102932055
1864 1864 9127104349516
1865 1865 9146102743052
1866 1866 9147101223825
1867 1867 9148104278994
1868 1868 9174103956793
1869 1869 9193104255288
1870 1870 9199103706030
1871 1871 9205103544029
1872 1872 9214103474970
1873 1873 9215103388792
1874 1874 9222102504711
1875 1875 9222103131596
1876 1876 9233102881839
1877 1877 9242102679101
1878 1878 9242104341156
1879 1879 9246104407009
1880 1880 9252103297834
1881 1881 9269101468282
1882 1882 9269104338064
1883 1883 9274104072670
1884 1884 9275102489969
1885 1885 9285102591250
1886 1886 9285103320415
1887 1887 9303102584823
1888 1888 9303103803769
1889 1889 9307103228083
1890 1890 9308100835897
1891 1891 9324102395063
1892 1892 9325104179469
1893 1893 9326102941492
1894 1894 9326104255455
1895 1895 9330104349355
1896 1896 9337104412522
1897 1897 9348100114136
1898 1898 9372101288442
1899 1899 9384103524994
1900 1900 9385101016627
1901 1901 9385104265221
1902 1902 9400103380533
1903 1903 9400104022726
1904 1904 9401104253610
1905 1905 9406103074251
1906 1906 9410102309663
1907 1907 9410103866579
1908 1908 9416104337992
1909 1909 9428103036083
1910 1910 9432101954394
1911 1911 9433104404795
1912 1912 9439103045578
1913 1913 9439103240202
1914 1914 9440100819080
1915 1915 9440104322244
1916 1916 9442104390710
1917 1917 9448102689730
1918 1918 9452101699928
1919 1919 9462103015768
1920 1920 9463104346163
1921 1921 9466100755434
1922 1922 9467102698186
1923 1923 9469101667886
1924 1924 9471100573201
1925 1925 9476103451588
1926 1926 9482101354231
1927 1927 9482101662596
1928 1928 9485100899945
1929 1929 9490102690556
1930 1930 9496103086741
1931 1931 9505102248356
1932 1932 9506103208275
1933 1933 9506103983250
1934 1934 9506104283902
1935 1935 9511101040527
1936 1936 9515103465349
1937 1937 9522104412636
1938 1938 9530101194727
1939 1939 9545100839593
1940 1940 9547102341612
1941 1941 9547104340394
1942 1942 9563102525073
1943 1943 9564102679518
1944 1944 9567102883922
1945 1945 9568101112090
1946 1946 9571100098141
1947 1947 9580100585929
1948 1948 9584104353209
1949 1949 9586103310759
1950 1950 9592103500810
1951 1951 9593102456597
1952 1952 9593102624634
1953 1953 9593104395988
1954 1954 9596100980974
1955 1955 9609103535524
1956 1956 9609103910438
1957 1957 9617102466121
1958 1958 9621104310288
1959 1959 9630104340310
1960 1960 9632100210189
1961 1961 9636100534833
1962 1962 9636103244346
1963 1963 9646101535617
1964 1964 9650100548722
1965 1965 9650100896721
1966 1966 9659104340224
1967 1967 9670102461410
1968 1968 9680100754631
1969 1969 9701104402014
1970 1970 9705102170801
1971 1971 9712102986047
1972 1972 9719103027345
1973 1973 9723102729539
1974 1974 9726103972290
1975 1975 9730101322860
1976 1976 9735102422530
1977 1977 9764102275704
1978 1978 9770103763009
1979 1979 9772101213676
1980 1980 9777104343240
1981 1981 9779104295167
1982 1982 9796101128344
1983 1983 9800100679200
1984 1984 9801103621811
1985 1985 9802104411215
1986 1986 9803101813335
1987 1987 9814100455566
1988 1988 9819101019240
1989 1989 9824100509334
1990 1990 9828103478130
1991 1991 9835104418696
1992 1992 9838102728019
1993 1993 9838103200214
1994 1994 9840100912800
1995 1995 9840102192329
1996 1996 9841101904194
1997 1997 9845102426979
1998 1998 9849101050722
1999 1999 9868102371767
2000 2000 9876103946885
2001 2001 9879102016575
2002 2002 9891102225943
2003 2003 9892104357501
2004 2004 9899101416821
2005 2005 9901103153694
2006 2006 9907104341398
2007 2007 9908102024023
2008 2008 9910104417663
2009 2009 9928103920647
2010 2010 9931103723418
2011 2011 9933100906141
2012 2012 9935101242657
2013 2013 9937101246801
2014 2014 9940101467455
2015 2015 9942101753179
2016 2016 9944100922654
2017 2017 9945102465972
2018 2018 9955103150524
2019 2019 9966100927421
2020 2020 9966101959602
2021 2021 9971102853185
2022 2022 9982103503389
2023 2023 9982104086900
2024 2024 9989101933750
2025 2025 9996101001537
2026 2026 9996102045054
2027 2027 9997103537577
2028 2028 9999104222760
