1 12569 1661103804672 北京讯业互联科技有限公司
2 47116 6479103925206 北京佳音旗舰科技发展有限公司
3 19228 2542103654992 北京东润科石油技术股份有限公司
4 55896 7700103743554 普莱斯（北京）文化传播有限公司
5 72363 9989104134561 北京宏远天竺仓储有限公司
6 21708 2872103817922 北京澳瑞特世纪健身器材销售有限公司
7 36511 5009103744656 北京中芯丙午媒体科技有限公司
8 12788 1690103960441 北京京西建设集团有限责任公司
9 19678 2603103962754 中国妇女活动中心
10 41981 5775103645964 北京盈讯动力科技发展有限公司
11 70896 9787103789210 北京正太茂源商贸有限公司
12 59563 8197103596096 北京伦飞天成科贸有限公司
13 70988 9797103975787 时代明镜（北京）国际文化传媒有限公司
14 50897 6985104062228 北京丹诗帛工贸有限公司
15 639 0084103921351 北京醉爱时尚餐厅有限公司
16 16051 2123103603991 北京远东腾辉通用电气技术有限公司
17 64715 8916104089820 北京首量科技有限公司
18 39465 5420103927799 北京金驰顺隆纺织品有限公司
19 61982 8545103879476 北京华泰龙城防腐工程有限公司
20 59416 8174104234343 北京意缘万象投资咨询有限公司
21 29304 3903103783753 华威特（北京）生物科技有限公司
22 39230 5386103932774 北京众驰伟业科技发展有限公司
23 71678 9895103810320 北京多维视通技术有限公司
24 5634 0743103692584 北京天润融通科技有限公司
25 24664 3258103824657 华诚睿光（北京）科技发展有限公司
26 25071 3309104009255 北京鑫兴元装饰工程有限责任公司
27 2645 0347104047885 北京康琪建筑安装工程有限公司
28 37971 5213104225711 北京北排建设有限公司
29 48584 6679103622961 北京市自来水集团有限责任公司
30 61622 8497104228111 北京永金瑞达商贸有限公司
31 58125 8003103756095 北京君通达商贸有限公司
32 71173 9824104016648 北京航吉安电气技术有限公司
33 1867 0245103658549 北京上隆华亚制衣有限公司
34 47794 6571103711036 北京世纪鑫海广告有限公司
35 8548 1116103991043 北京探索者软件技术有限公司
36 14360 1893104069343 北京万讯通科技发展有限公司
37 21123 2793103721211 北京泰达立行置业投资有限公司
38 24336 3213103901588 北京颖方龙建筑装饰有限公司
39 2412 0317103979627 北京安恒伟业系统工程技术有限公司
40 11371 1506104178377 中信银行股份有限公司
41 47507 6531104036437 北京鸿翔世纪广告传媒有限公司
42 53961 7423103748657 北京银行股份有限公司大兴支行
43 65647 9050103917983 北京银城房地产评估有限责任公司
44 69744 9627103658447 北京华商电力科技中心
45 5810 0766104069235 恒沣能源有限公司
46 49079 6751103860811 中信信通国际物流有限公司
47 30024 4005103748547 北京斯蒂尔罗林科技发展有限公司
48 34761 4751103723124 北京德鸿纸制品有限公司
49 48266 6636104025899 北京市广外京闽茶叶市场有限公司
50 5424 0718103817118 北京怡景筑城数字科技有限公司
51 41430 5697103621952 北京雅韵轩文化传播有限公司
52 70296 9703103845076 北京市顺义区金担协会
53 67995 9377104196329 北京东方雨虹防水工程有限公司
54 69839 9640103624965 北京海河汇商务服务有限公司
55 28191 3757103796277 北京国都时代科技有限公司
56 45766 6280103683656 北京嘉诚兴达商贸有限公司
57 47865 6581103617961 北京信诺传播顾问股份有限公司
58 13595 1800103773439 北京顺天通建筑工程有限公司
59 31233 4195103816830 北京中建工程顾问有限公司
60 47293 6504103645370 北京中视北斗传媒广告有限公司
61 19063 2523103787252 北京冲津机械设备有限公司
62 70966 9795103604788 北京唯道科技发展有限公司
63 36631 5026103756974 北京国泰瑞安消防工程有限公司
64 30482 4078103609699 北京金狮麟酒店管理有限责任公司
65 56283 7755103892159 中矿华源工程设备（北京）有限公司
66 72150 9962103659456 北京元陆鸿远电子技术有限公司
67 57697 7944104211090 北京嘉联诚业医疗器械销售有限公司
68 23194 3068104017181 北京从尚国际企业管理服务有限公司
69 42350 5824103698870 浪潮（北京）电子信息产业有限公司
70 58706 8082103812774 北京中电凯尔设施管理有限公司
71 67355 9288104093448 北京中商房地产开发有限公司
72 40379 5554103695419 北京盛通兴源商贸有限公司
73 37054 5081103601047 北京哈松联东晟汽车销售服务有限公司
74 50612 6948104218394 北京京宝行汽车销售服务有限公司
75 11910 1578103815364 中兆培基（北京）电气有限公司
76 47770 6569103615700 北京中投创展置业有限公司
77 46009 6312103764680 中农绿康（北京）生物技术有限公司
78 1935 0254103896183 中交投资有限公司
79 72250 9974104011851 中国储备粮管理总公司
80 48011 6600103606798 北京学成弘信教育咨询有限公司
81 67474 9303103932781 北京颐园世纪房地产开发有限公司
82 40311 5544103612106 北京佰弘森科技有限公司
83 62132 8567103927189 中国人民人寿保险股份有限公司
84 43161 5933103844217 北京强盛泰科技有限公司
85 20193 2668103881231 北京凯旋门国际物业管理有限公司
86 60255 8295104029900 北京众信国际旅行社股份有限公司
87 3178 0426103823862 北京名华四季国际酒店管理有限责任公司
88 4454 0595103611051 北京花乡桥丰田汽车销售服务有限公司
89 19603 2593103645524 北京八大处房地产开发集团有限公司
90 35209 4817103827877 北京神州开元科技有限公司
91 38921 5339103859061 中科海源（北京）商贸有限公司
92 7528 0978104001171 北京金悦航天桥餐饮有限公司
93 65530 9034103894895 首都机场地产集团有限公司
94 27545 3666104018556 北京柯布克科技开发有限公司
95 64734 8918103898071 北京金鼎博艺文化传媒有限公司
96 48967 6733103878482 北京科大天工科技服务有限公司
97 17330 2291104116802 北京天罡助剂有限责任公司
98 35165 4810104026002 北京圣德利世家国际整体家具有限公司
99 13462 1782103765580 北京燕房新城投资有限公司
100 6086 0800103672982 北京东南联创科技有限公司
101 63809 8800103749157 北京华图宏阳网络科技有限公司
102 6830 0890103760109 北京绿波智业检测技术有限公司
103 64838 8933104119806 北京柏柯栎景观园林艺术工程有限公司
104 61986 8546103802501 北京众合利电电气有限公司
105 10496 1377103594752 北京美科洁净环境检测有限公司
106 1051 0139104109035 互爱（北京）科技有限公司
107 33243 4510103755414 创联信(北京)机电系统有限公司
108 17383 2298103787357 北京世纪博爱医学研究所股份有限公司
109 57930 7980103780717 佛罗伦萨服装（北京）有限公司
110 52848 7258103608598 北京晟世昌耐磨材料制造中心
111 72183 9966103684314 北京博讯同联科技有限公司
112 45931 6300103953181 拓东日盛生物科技（北京）有限公司
113 13771 1822103632731 北京北信源软件股份有限公司
114 55648 7666103916286 中国兵器工业集团人才研究中心
115 52245 7177103698427 欧亚龙自动化系统工程(北京）有限公司
116 51179 7020104049807 北京东方模具有限责任公司
117 8835 1150103636366 博韩伟业（北京）科技有限公司
118 65897 9085104121757 北京市海津富出租汽车公司
119 10290 1349103701957 北京巨通恒安电梯工程有限公司
120 68454 9450103716136 北京燕佳建筑工程有限公司
121 68972 9525104108597 北京惠智泰科电子有限公司
122 53243 7313103839127 北京纽约建设发展有限公司
123 3591 0486103804692 北京中石飞洋科贸有限公司
124 7141 0929103798551 中国平安财产保险股份有限公司北京市崇文支公司
125 19786 2618103691905 北京埃波托斯科技有限公司
126 59827 8234103792634 北京麦格天农科技发展有限公司
127 47276 6502103770386 北京青年易宴餐饮文化有限公司
128 9509 1238103663054 北京金润恒德贸易有限公司
129 58305 8028103628578 北京合源联创科技有限公司
130 35369 4842103786582 北京富伟丰建筑科技有限公司
131 30440 4070103902093 北京昊安泰消防设备有限公司
132 10845 1427104148764 北京博超时代软件有限公司
133 60899 8385104006217 《商业时代》杂志社
134 66165 9121103699557 北京世际两千科技有限公司
135 56628 7800103698668 北京诺德兴广机电设备有限公司
136 60645 8352103726798 北京紫恒薪思营销策划有限公司
137 47899 6585103802959 北京帅佳物业管理有限公司
138 146 0019103629819 爱特克（北京）环保科技有限公司
139 32665 4421103680407 北京豪钟豪装饰设计有限公司
140 19142 2532104089664 北京惕若厉营销咨询有限公司
141 27013 3591103990266 北京天金顺达石油配送有限公司
142 58221 8016103757201 北京勤华瑞达汽车销售服务有限公司
143 18950 2508103910211 北京昂内中天置业有限公司
144 39182 5379103662621 北京牛氏运昌食品有限公司
145 35453 4855103980294 北京中讯锐尔科技有限公司
146 65417 9017103893575 北京卓美国际贸易有限公司
147 66183 9124104164004 东方凯德华（北京）国际商务会馆有限公司
148 9882 1287103782333 北京嘉诚兴业工贸有限公司
149 47726 6563103695880 北京市西城区亲育代双语幼儿园
150 13555 1793103874371 北京市第五十一职业技能鉴定所
151 40133 5518103953971 北京仹金广告有限公司
152 23860 3157103664049 北京元纯传媒有限公司
153 24875 3284103852954 北京畅游时空软件技术有限公司
154 17434 2305104285021 北京市联鑫旺工贸有限公司
155 9540 1241103854256 联想控股股份有限公司
156 10567 1387103765577 北京燕房新城投资有限公司
157 3239 0435103748889 北京中冶联科技有限公司
158 42201 5803103803910 北京欧宁航宇检测技术有限公司
159 23095 3056103787338 北京中博融通科技有限公司
160 26202 3473103607225 北京广信方成知识产权代理有限公司
161 23734 3138103715950 北京市华宇开关控制设备有限责任公司
162 31505 4238103895017 北京奥途亮点科技有限公司
163 22562 2988104201382 北京天立弘建筑工程有限公司
164 22408 2967103757367 北京浔庐宾馆
165 61338 8455103788939 北京佳铭铂业有色金属有限公司
166 57458 7912104218489 北京嘉禾锦业照明工程有限公司
167 20033 2647104062082 北京泛在信通科技有限公司
168 71447 9866103975747 北京奇良海德印刷有限公司
169 64027 8829103648119 北京科瑞康医疗仪器有限公司
170 3280 0440103679107 北京中嘉鸿盛电力工程有限公司
171 8689 1132103674418 北京市东阳建筑工程公司
172 33232 4508104266056 中扶建设有限责任公司北京路通同泰建筑分公司
173 63575 8770103678520 万浦投资（中国）有限公司
174 41441 5698103695093 北京华恩房地产开发有限公司
175 10752 1412103654701 北京华恩投资有限公司
176 34293 4679103674360 中国电信股份有限公司
177 36836 5052103675770 北京三元博雅科技孵化器有限公司
178 44115 6061103855659 北京博奈司国际服装有限公司
179 26795 3562103593882 北京凯达印务有限公司
180 66070 9109103650719 中金数据系统有限公司
181 37394 5127103656281 北京涵基伟业广告有限公司
182 34209 4661104159216 北京凤凰天博网络技术有限公司
183 44750 6141103695777 北京海天起点技术服务有限公司
184 67662 9331103628026 北京云英建筑装饰工程有限公司
185 6580 0864103686121 北京嘉和美康信息技术有限公司
186 58396 8041104239071 北京市金星新宇科技开发有限公司
187 43466 5977103797799 北京鑫达联行房地产经纪有限公司
188 56625 7799103678476 旭福壮生（北京）医药科技有限公司
189 46062 6322103651620 北京市燃气集团有限责任公司工程建设管理分公司
190 57406 7906103821594 宁波银行股份有限公司北京分行
191 62629 8638103879715 北京龙电宏泰环保科技有限公司
192 30372 4059103736062 北京昆河医疗设备有限公司
193 9571 1245103702245 北京北汽新峰检测设备有限公司
194 65367 9011103638836 北京航峰科伟装备技术股份有限公司
195 26717 3550103720988 中国文化管理协会
196 68815 9505103873761 北京冠华荣信系统工程股份有限公司
197 16774 2219103766144 滨海金地矿业工程技术（北京）有限公司
198 46541 6389104189660 北京市宝勒泰煤炭销售中心
199 7960 1038104051635 北京京奥中安消防设备技术有限公司
200 46151 6334103976928 北京元鼎时代科技股份有限公司
201 10862 1430103861982 北京凯百隆丰田汽车销售服务有限公司
202 56126 7733104125596 北京市平谷区药王庙
203 10276 1346103735788 蒙牛乳业（北京）有限责任公司
204 31444 4229103967946 北京建工集团有限责任公司总承包部
205 63055 8700103880535 国药医药发展公司
206 33727 4586103987935 北京铭和京创贸易有限公司
207 48420 6658103802235 中储粮服务有限公司
208 71215 9831103791603 北京市平顺大红果餐饮有限公司密云分公司
209 48700 6695103820406 北京曼蒂服饰有限公司
210 38830 5327103845193 北京龙文环球教育科技有限公司
211 13583 1797104162932 北京新疆大厦
212 15406 2036103813040 北京蓝洁士科技发展有限公司
213 29452 3924104001932 北京市中创律师事务所
214 61234 8438103801877 北京世纪飞人商贸有限公司
215 61951 8540104241719 上海迪爱生贸易有限公司北京分公司
216 59181 8144103918810 北京市丰台区疾病预防控制中心
217 27326 3636103680212 北京三牛广告设计制作中心
218 15828 2093104037851 北京燕灶投资管理有限责任公司
219 2943 0390103912365 北京宏泰博业科技有限公司
220 13993 1848103895517 北京天诚同创电气有限公司
221 35835 4913103632016 中国铁建电气化局集团有限公司
222 25386 3354103765514 北京鲁班建筑工程公司
223 6622 0868103892977 北京中科金鹰科技发展有限公司
224 13078 1727104004516 北京拓明科技有限公司
225 50744 6964104052051 北京创业跃进建筑工程有限公司
226 23662 3129103720546 北京中诚恒平会计师事务所有限公司
227 70635 9751104099965 北京中诚亿房地产土地评估有限责任公司
228 38162 5239103766813 北京智方科技开发有限公司
229 56462 7778103600051 北京恩和瑞沃科技发展有限公司
230 37904 5201103917731 北京科创海康医药有限公司
231 20062 2652103693322 北京永航科技有限公司
232 70001 9662104176774 北京龙源科建建筑设计有限公司怀柔分公司
233 18836 2495103655223 北京星光俊海汽车配件有限公司
234 19920 2632103895133 北京百济堂药品超市有限责任公司
235 26533 3522103649919 北京市绿橄榄环保材料技术有限公司
236 50510 6933103602816 北京臻域合众广告有限公司
237 34475 4705103627404 北京丰色机电设备有限公司
238 36219 4970103605227 中节能唯绿（北京）建筑节能科技有限公司
239 15952 2109104018135 普华讯光（北京）科技有限公司
240 24669 3259103601921 正大畜牧投资（北京）有限公司
241 67472 9303103766931 北京世纪广龙建筑装饰装修工程有限公司
242 57837 7966104109484 北京华普诚信餐饮管理有限公司
243 69788 9632104222828 北京东方雨虹防水技术股份有限公司民用建材分公司
244 18576 2459104158945 北京郁金香投资基金管理有限公司
245 49046 6745104027197 北京金宜资产管理有限公司
246 14966 1976103633223 北京启智同行科技有限公司
247 52545 7214103747142 北京市建设工程质量第五检测所有限公司
248 4133 0553103837942 北京金羽杰服装有限公司
249 13755 1819103683728 北京北岳伟业数码科技有限公司
250 39962 5492103916337 北京卡莫科技有限公司
251 41490 5703104131475 北京银行股份有限公司黄村支行
252 946 0124103723126 中国工艺美术协会
253 43598 5994103813085 载道文化发展（北京）有限公司
254 66393 9155103700238 北京朗科信通科技有限公司
255 10317 1353104045223 北京昭融文化有限公司
256 57903 7976103601630 北京明生宏达科技有限公司
257 49504 6808104064640 北京空港新悦商务会所有限公司
258 69624 9610103723836 北京精仪华科仪器有限公司
259 53126 7298103674766 北京博达通控技术有限公司
260 39394 5408103915342 现代威保特科技投资有限公司
261 35519 4867103756977 北京国泰瑞安消防工程有限公司
262 10259 1344103617365 北京创智邦商贸有限公司
263 14754 1947104260230 北京市昌平区明欣学校
264 10797 1418103979435 北京百达信通科技有限公司
265 18768 2486103893803 北京文豪宏博尔科技股份有限公司
266 16008 2117103803305 北京中新创通信技术有限公司
267 68996 9528103661117 北京瑞源文德科技有限公司
268 9533 1240104227947 北京和欣运达科技有限公司
269 34701 4740104269639 万摩数字科技（北京）有限公司
270 11442 1515104241780 北京迪诺基因科技有限公司
271 24707 3263103882013 福建省仙游县益诚工贸有限公司北京密云分公司
272 63533 8764103817078 北京中汽南方华北汽车服务有限公司
273 72303 9982103595487 北京锐驰思创影视文化有限公司
274 50700 6960103955441 北京新岳盛通物流有限公司
275 18947 2508103727067 北京光奥佳业商贸有限公司
276 50425 6922104057369 北京七叶树科技有限公司
277 28024 3732104136397 北京北大科技园建设开发有限公司北大博雅国际酒店管理分公司
278 60472 8327103892056 北京安盛绿化工程有限公司
279 36458 5002103700642 煤炭科学研究总院北京分院
280 35779 4904103692759 美迪信（北京）医药科技有限公司
281 43543 5987103796327 北京中科海讯科技有限公司
282 66502 9169104287019 北京盛世泓源木业有限公司
283 24408 3221103672942 北京安杰玛化妆品有限公司海淀分公司
284 16501 2186103631880 北京三义锦程电气科技有限责任公司
285 68840 9508103824635 北京群菱能源科技有限公司
286 19116 2529103614960 北京华电卓识信息安全测评技术中心有限公司
287 26403 3505104131701 北京瑞明达通信技术发展中心
288 24869 3283103902120 北京鹏远新和国际物流有限公司
289 9604 1250103663498 北京正通伟业咨询有限责任公司
290 41057 5644104173946 北京闻润经贸有限公司
291 1006 0133103638252 北京斯德博瑞科技有限公司
292 37277 5111103797304 北京惟百放科贸有限责任公司
293 55519 7647104089141 北京家和家美家居市场有限公司
294 48985 6736104041990 北京新华空港航空食品有限公司
295 61577 8490103809658 北京精诚智辉装饰工程有限公司
296 57214 7882103915345 北京卓立汉光仪器有限公司
297 43083 5922103847791 北京鑫宝源影视投资有限公司
298 58992 8120103687042 北京安惠汽车维修有限公司
299 72235 9972103789802 北京东方友诚保洁服务有限公司
300 33039 4481103819964 北京东阳华盛文仪家具有限公司
301 18396 2438103593057 平煤国际矿业投资有限公司
302 43013 5912103648242 北京网博视界科技有限公司
303 41858 5758103596880 北京泰林东方商贸有限公司
304 2313 0305103660988 金三角国际文化传媒（北京）有限公司
305 15255 2016104151348 北京合顺物业管理有限公司
306 50383 6916104102148 北京弥佳电子科技有限公司
307 1070 0142104196419 雷诺（北京）汽车有限公司
308 65325 9005103876241 北京菲羽制衣有限公司
309 47447 6524103662252 北京天成瑞源电缆有限公司
310 32318 4364103770917 华视国际文化传播总公司
311 29879 3986104089563 中恒国际租赁有限公司
312 61459 8472104099860 北京蓝山科技股份有限公司
313 33167 4500103791592 北京中电拓方科技发展有限公司
314 17348 2293103953326 北京明日之星玻璃机械有限公司
315 68277 9420103852642 北京均友欣业科技有限公司
316 41443 5698103823486 新时代证券有限责任公司
317 58278 8025103595932 北京卓为新能技术有限公司
318 70679 9757103789031 中国民航机场建设集团公司华北分公司
319 14383 1896103946049 北京新天三月广告有限公司
320 72078 9954104061752 北京市朝阳豆各庄加油站
321 62031 8553103828269 北京富迪斯莫控制设备有限公司
322 44128 6062104174103 北京希格玛物业管理有限责任公司
323 72356 9988103924291 北京博电新能电力科技有限公司
324 66071 9109103658872 海润影视制作有限公司
325 10436 1369103769706 北京鸣远天威文化传播有限公司
326 59857 8239103858572 城印国际城市规划与设计（北京）有限公司
327 8015 1045103596776 北京河南大厦
328 23318 3083103651605 中国建筑装饰集团有限公司
329 61549 8486103736630 五矿地产控股有限公司
330 34160 4655103882577 北京金泰港物流有限公司
331 7342 0955103645478 北京元瑞地凯科技有限公司
332 41459 5700103645704 北京安恒洋科技发展有限公司
333 60664 8354104003179 北京邦阁文化传播有限公司
334 3420 0460103724409 三人行广告有限公司北京分公司
335 530 0070103766498 易联时空（北京）科技有限公司
336 24644 3255103678108 北京航荣集星科技开发有限公司
337 22095 2925103635652 北京昌平奕青音乐幼儿园
338 1246 0165103649949 南京银行股份有限公司北京分行
339 18457 2445103950946 中服富胜家居用品（北京）有限公司
340 18047 2385103889183 北京信诚天光电力安装有限公司
341 33505 4547103784641 北京新创四方电子有限公司
342 49849 6849103659243 东网立信（北京）信息技术有限公司
343 49712 6831104218711 北京中唐盛世物流有限公司
344 11178 1479103816892 中国石油工程建设公司
345 11974 1585103736785 北京北斗星通导航技术股份有限公司
346 4111 0551103594329 北京创新通恒科技有限公司
347 38171 5240104026602 北京艾普荷欧姆特贸易有限公司
348 53134 7299103612925 北京东尚浩祥文化传播有限公司
349 20134 2660103616192 北京华山投资管理中心（有限合伙）
350 71363 9855103628870 北京运城印刷机械制造有限公司
351 44830 6153103694883 中北华宇建筑工程公司北京欣兴创展分公司
352 44610 6122103823832 北京祥运通达公路工程机械租赁有限公司
353 157 0021103681984 北京新创展基础工程有限公司
354 43434 5973103794781 北京东方医用气体有限公司
355 46695 6413104026093 北京德威特电力系统自动化有限公司
356 43084 5923103795258 北京嘉运达科技开发有限公司
357 48214 6630103689461 中城国合（北京）城乡规划设计研究院
358 64303 8867103634206 天地科技股份有限公司
359 27825 3703104228853 北京综合信兴物流有限公司
360 42369 5827103823924 北京市新标广成科技有限责任公司
361 50178 6887104133919 北京建顺隆混凝土有限公司
362 3776 0508103686100 北京鸿瑞盛通物流有限公司
363 13288 1757103677070 北京蓝黛文化传播有限公司
364 24977 3296104016755 北京中早营销策划有限公司
365 60847 8378103986063 中国光大银行股份有限公司
366 796 0103104171450 北京运通博远房地产开发有限公司
367 29748 3967104156718 北京鸿润华源投资发展有限公司
368 72392 9994103608234 北京厚明德新材料包装有限公司
369 67747 9342103659013 北京天正中广置业有限公司
370 16799 2222103660699 北京远景传媒有限公司
371 36183 4965103790217 瑞宝（北京）装饰设计有限公司
372 69434 9582103680444 北京万方视景科技有限公司
373 68352 9432103786974 北京天时诺进市场顾问有限公司
374 54032 7432104090334 北京医桥联众医疗器械有限公司
375 28527 3801103691282 北京百耐汽车用品有限公司
376 66705 9197104011094 北京伟业联合房地产顾问有限公司
377 22644 2999103825202 北京大运伟业防水工程有限公司
378 54893 7560104000782 北京京东方真空技术有限公司
379 70889 9786103962437 北京东方中远市政工程有限责任公司
380 55746 7680103596025 北京林强格瑞特科技有限公司
381 42270 5813104101141 北京富通永嘉环境保洁服务有限公司
382 42611 5862103611418 北京顺源兴工贸有限公司
383 41415 5694103621940 北京捷越联合信息咨询有限公司
384 35224 4819103844336 北京中远诚达建筑劳务有限公司
385 34938 4778103682218 北京思航兴业创新科技有限公司
386 69275 9562104222998 北京德信广达国际贸易有限公司
387 60508 8332103962279 河北建设集团有限公司北京丰台分公司
388 32412 4377104114307 北京东方凯旋酒店管理有限公司丰台分公司
389 43114 5926104219772 北京金陵华新投资管理有限公司
390 29873 3985104258078 北京玉渊潭物业管理集团有限公司第二分公司
391 48857 6716103601139 北京世纪沃德生物科技有限公司
392 30218 4034104271101 北京君顺达汽车租赁有限公司
393 45848 6291103834668 北京心物不二电子商务有限公司
394 48515 6670103899448 北京月新时代科技有限公司
395 40296 5541103602251 北京市电信工程局有限公司郊区工程处
396 29729 3964103660067 北京北广科技股份有限公司
397 36562 5017103739020 中国节能环保集团公司
398 24735 3266103771213 北京同舟汇景文化传播有限责任公司
399 22758 3013103663045 北京诚德振宏机械设备有限公司
400 46790 6429103913132 北京友联威科汽车销售服务有限公司
401 38206 5245103861076 北京巨友英杰电梯有限公司
402 57813 7962103820376 北京世纪荣大图文设计有限公司
403 3336 0448103873413 北京隆华鸿昌有害生物防治有限公司
404 35180 4812103996387 北京华彩华瀛资产管理有限公司
405 47823 6574104227777 北京昌平先锋青少年体育俱乐部
406 48685 6693104068652 北京松博科技有限公司
407 18552 2457104075492 北京顺鑫佳宇物业管理有限公司
408 14908 1969103601626 北京明生宏达科技有限公司
409 52416 7197104243732 北京四通易嘉搬家有限公司
410 20440 2704103642905 北京永源丰达商贸有限公司
411 65748 9065103824059 北京洞庭源餐饮文化有限公司
412 65840 9078103950139 北京建兴宏图工程监理有限公司
413 44505 6108103953623 凯迈锡精密机械（北京）有限公司
414 99 0012103799672 中矿资源勘探股份有限公司
415 7567 0985103617518 北京首兴合众科技有限公司
416 34787 4756104146208 北京博海冷链物流有限公司
417 50491 6930104031731 北京新爱琴钢琴销售中心
418 62466 8616103873753 晨曦（北京）国际传媒广告有限公司
419 63998 8825103595501 北京华威高科科技发展有限公司
420 12714 1681103936176 北京福星天华医疗器械有限公司
421 69762 9629103696275 北京华泰兴源科技有限公司
422 29278 3899103679814 北京中科伏瑞电气技术有限公司
423 37875 5197103646088 华莎利（北京）商贸有限公司
424 40369 5553103852956 北京畅游时空软件技术有限公司
425 5966 0785103990995 北京华亨嘉盛投资基金（有限合伙）
426 23586 3118103627549 北京北汽九龙出租汽车股份有限公司
427 19837 2623103802320 北京明航技术研究所
428 13736 1817103901426 北京昌达联众石油化工有限公司
429 71224 9832104271843 北京昌润达建筑劳务有限公司
430 30144 4023104141061 北京博晖创新光电技术股份有限公司
431 70336 9709103966431 权金城中盛餐饮管理（北京）有限公司
432 32135 4330103735558 奥瑞金包装股份有限公司
433 59711 8216104020150 北京住总物流科技有限公司
434 8957 1166103857392 北京致达合创科技发展有限公司
435 4065 0544104278376 北京汽车研究总院有限公司
436 57224 7883104136223 戴姆勒卡客车（中国）有限公司
437 38080 5227103716400 北京德来聚驴肉制品有限公司
438 44 0005103965916 北京冠群金辰软件有限公司
439 59541 8193104234494 北京中润基达投资咨询有限公司
440 20591 2721104209581 北京首兴工贸有限公司
441 41957 5771103737377 新浪网技术（中国）有限公司
442 17505 2317103766183 北京金源利丰资产管理有限公司
443 63124 8709103743363 北京玖泰隆科贸有限公司
444 9433 1228103859534 北京山水心源景观设计院有限公司
445 55536 7650103799579 北京泰德汇智科技有限公司
446 36804 5046104223512 北京金烨菲林文化传媒有限公司
447 1343 0175104003514 齐鲁证券有限公司北京证券资产管理分公司
448 48416 6658103632276 北京神导科讯科技发展有限公司
449 32729 4430103796798 北京活力无限信息科技有限公司
450 67369 9290103757768 北京长宁兴业市政工程有限责任公司
451 58498 8056103803943 北京橙果岭广告有限公司
452 34695 4740103602422 北京郊区电信实业有限公司
453 31186 4189103827997 北京丰航岳科技有限公司
454 70891 9786104194612 北京吉天物业管理有限公司
455 49454 6801103856476 北京市顺义区李桥镇吴庄村村民委员会
456 8928 1163103600906 北京市晟开源电器设备厂
457 19938 2634104057738 阿拉丁财富资产管理（北京）有限公司
458 35393 4846103638308 北京永安博技术有限公司
459 29215 3891103597691 北京东方筑阁幕墙装饰有限公司
460 24238 3201103965603 北京达达可时装有限公司
461 28848 3844103930181 中粮期货有限公司
462 4816 0640104005694 幻响神州（北京）科技有限公司
463 16110 2130103655982 北京威视讯达科技有限公司
464 22273 2949103795477 北京富民生态农业研究所有限公司
465 22531 2985103668154 北京中恒华质科技发展有限公司
466 33613 4567103770449 北京燕山星城青年餐饮有限公司
467 6129 0806103663075 北京华油东方经贸有限公司
468 35548 4873103591544 北京中汽江孚科技有限公司
469 68461 9451103683933 泛玛散料处理技术（北京）有限公司
470 22770 3014103782332 北京嘉诚兴业工贸有限公司
471 69133 9544103631785 北京乾丰装饰工程有限公司
472 50447 6925103623593 北京首都航空有限公司
473 2926 0388103618487 北京安达维尔民用航空技术有限公司
474 43408 5969104086710 诺欧建材（北京）有限公司
475 43184 5936104074928 伟巴斯特东熙汽车配件（北京）有限公司
476 52258 7178103878399 北京海润鑫源科贸有限公司
477 38580 5290103870585 中国北车集团财务有限公司
478 28442 3788103802269 北京天时房地产开发有限公司
479 57259 7888103621339 中国职工之家
480 41588 5717104175759 北京卡达克汽车检测技术中心
481 22243 2944103789359 北京农业生产资料有限公司
482 43848 6025104251473 巴特哈斯（北京）贸易有限公司
483 53434 7342103647709 北京科思诚科技有限公司
484 3856 0517103602346 北京怡安嘉物业管理有限公司
485 44073 6056103613576 华视嘉德国际文化传媒（北京）有限公司
486 35641 4884104068696 现代教育出版社有限公司
487 950 0125103617689 北京乾圳工程技术有限公司
488 61247 8440103741840 爱思开（北京）投资咨询有限公司
489 31930 4303104018552 北京柯布克科技开发有限公司
490 67564 9317103802304 北京醉楚香餐饮有限公司
491 37286 5112103730940 北京日月房地产开发有限公司
492 2688 0353103838231 北京正泰广裕商贸有限公司
493 43256 5947103816467 北京尚德佳建筑装饰有限公司
494 35304 4831103856606 北京世纪捷特科技发展有限公司
495 64169 8848103692309 北京香江香餐饮有限公司
496 37141 5092103702917 北京无限自在文化传播有限公司
497 1395 0182103603393 北京泛华嘉荣商务策划有限公司
498 40852 5615103666948 北京天元晟业科技股份有限公司
499 59329 8163104104173 北京景瑞星琳园林绿化有限公司
500 21924 2901103942168 北京富通经纬科技有限公司
501 30675 4106103759992 北京德彼克创新科技有限公司
502 38222 5247103861084 北京丰荣君华酒店有限公司
503 52382 7193104093826 诗景画意隐泉之语餐饮管理（北京）有限公司
504 9960 1297103767032 北京派尔维特化工销售有限公司
505 70662 9755104086682 中建海洋化工控股集团有限公司
506 8051 1049103924728 北京市美发美容行业协会
507 31770 4280104223284 北京美中双和医疗器械有限公司
508 60205 8288103965139 北京盈科燎原通信设备有限公司
509 27707 3689103786801 北京华泰恒诺科技有限公司
510 69623 9610103636488 北京立文锐盾智能技术有限公司
511 42774 5883103889335 北京双圆工程咨询监理有限公司
512 63922 8815103935822 龙德置地有限公司
513 50560 6940103664342 中广电广播电影电视设计研究院
514 60053 8267104016101 德高广告（上海）有限公司北京分公司
515 1995 0263103882988 北京锐康麦德科技有限公司
516 57426 7908103678730 北京金嘉世达科技发展有限公司
517 23809 3147104234831 北京湘鄂情集团股份有限公司西单餐饮分公司
518 12255 1620103644802 北京正达宏业工贸有限公司
519 50627 6951103908972 亚豪控股（北京）有限公司
520 59316 8161104141451 北京谦林佳艺装饰有限公司
521 32663 4420104181840 北京福通高盛汽车销售服务有限公司
522 17309 2289103841717 北京万千林商贸有限公司
523 3619 0491103649523 北京前搏汽车贸易有限公司
524 897 0118103766024 中基得利进出口有限公司
525 57910 7976103768231 北京中教仪装备技术有限公司
526 66446 9162104282686 北京普立泰科仪器有限公司
527 7191 0934104209911 北京文利来文化用品中心
528 40048 5506104236646 北京嘉义典当有限责任公司
529 51665 7091103881551 杰柏贸易（上海）有限公司北京分公司
530 6043 0795103695996 北京乾路达商贸有限公司
531 50863 6980103896537 江泰保险经纪股份有限公司
532 70155 9683103755339 本田技研工业（中国）投资有限公司
533 41540 5710103800121 江苏省建筑工程集团有限公司北京分公司
534 35336 4836104029411 北京优比瑞和家具有限公司
535 10913 1438103997186 北京指南针科技发展股份有限公司
536 56448 7776104027063 北京浚源建筑设计有限公司
537 63893 8810103686074 北京奥精医药科技有限公司
538 43474 5978103881431 北京爱家国际收藏品交流市场有限公司
539 5620 0741103860634 北京宽带通电信技术有限公司
540 36022 4941103827253 太思妙拓科技（北京）有限公司
541 3872 0519103631428 中国南方航空股份有限公司北京分公司
542 13172 1739103964956 协合风电投资有限公司
543 33541 4554103947619 北京商易神州广告有限公司
544 34733 4745104019326 北京德通远物流有限公司
545 24791 3273104091858 中安网脉（北京）技术股份有限公司
546 45790 6284103790501 北京中科永盛化工材料有限公司
547 24554 3242103890524 北京广联达梦龙软件有限公司
548 55630 7662104170829 北京新瑞理想软件股份有限公司
549 33310 4518103877494 北京泰和顺大众餐饮有限公司
550 6743 0881104156774 北京市百翔达公路工程有限公司
551 13333 1762103769508 北京千禧久隆酒店设备有限公司
552 61567 8489103761140 北京联想诚纸业有限公司
553 62652 8641103680642 北京中通华盈科技有限公司
554 14 0002103624849 北京腾华文化传媒有限公司
555 61687 8505104156865 启动力（北京）咨询有限责任公司
556 13367 1767103859554 北京北斗房地产经纪有限公司
557 34603 4725103619671 北京华录北方电子有限责任公司
558 51485 7066103691639 北京温阳建鑫经贸有限公司
559 24476 3231103939204 北京海航通联光电技术开发有限公司
560 4216 0562104018134 普华讯光（北京）科技有限公司
561 861 0113103626079 北京清大光远科技发展有限公司
562 64148 8845103616827 中国长江三峡集团公司
563 8540 1116103647516 北京繁星花卉有限公司
564 21664 2867103676161 北京电通伟业电子设备有限公司
565 18760 2485103861913 北京汇理孚达贸易有限公司
566 45045 6180104271458 北京时尚天虹百货有限公司
567 22383 2963103748873 北京碧海长天科贸有限公司
568 15225 2012104054264 北京蓬京管道有限公司
569 49140 6761103919167 北京刘明哲律师事务所
570 17973 2375104028444 北京旋极信息技术股份有限公司
571 65960 9093103799299 北京京鲁兴业投资有限公司
572 52761 7245104182326 北京天创征腾信息科技有限公司
573 6635 0870103675838 北京宏正腾达科技有限公司
574 14605 1927103734259 北京中益海华商贸有限责任公司
575 55445 7637103664257 北京嘉朋传媒广告有限公司
576 19492 2577103638758 宝马（中国）服务有限公司
577 56194 7741103787990 中航天建设工程有限公司
578 41312 5679104193763 华联财务有限责任公司
579 48533 6672103799023 北京动力视觉文化传媒中心
580 12120 1603103764861 北京茱丽亚文化传媒有限公司
581 41893 5761103998855 北京北海建材有限公司
582 23988 3170103935738 北京鼎翎科技有限公司
583 6739 0881103930962 北京金地惠达房地产开发有限公司
584 44922 6165103602913 深圳市中深建装饰设计工程有限公司北京第二分公司
585 65136 8976103761941 北京太格时代自动化系统设备有限公司
586 61723 8510104277319 北京巴赫曼成套木作系统有限公司
587 7503 0976103645482 北京八大处房地产开发集团有限公司
588 41526 5708103816829 北京格邦科贸有限公司
589 46076 6323103749841 北京伟洼硕餐饮管理有限公司
590 69972 9659103795102 北京长城制药厂
591 21846 2892103693119 北京中普瑞腾技术有限公司
592 12409 1638103724117 北京怡江创业酒店管理有限公司
593 18998 2514104201306 北京多看科技有限公司
594 1405 0183103654377 中国电信股份有限公司北京分公司
595 35161 4809104219388 北京匠心置业有限公司
596 12150 1606104222295 格林斯达（北京）环保科技有限公司
597 4632 0616103651848 杜鸣联合房地产经纪（北京）有限公司
598 11877 1574104055631 北京中电昊明电子科技有限公司
599 15973 2112103819693 北京新科阳光金属喷涂有限公司
600 52172 7167103603513 北京奥文创赢科技有限公司
601 23408 3094103700479 中青旅国际会议展览有限公司
602 9330 1213103830769 北京训文科技发展有限公司
603 6490 0854104027708 北京浩海瑞达科技有限公司
604 15337 2027103634196 中城建第二工程局建设开发有限公司
605 13210 1744104114982 北京市通州区北工职业技能培训学校
606 32999 4474104018373 北京瀚森基业科技有限公司
607 54932 7567103629772 中铁建设集团有限公司
608 48047 6605103626997 中国外贸金融租赁有限公司
609 16996 2248103823075 腾讯科技（北京）有限公司
610 42195 5802104219510 北京美迪兰德科技有限公司
611 29599 3946103598530 北京光中装饰工程有限公司
612 65717 9059103945235 北京新兴时代科技发展有限公司
613 2952 0391103949877 北京双其利物资贸易有限公司货运分公司
614 12357 1632104267865 北京民生家乐商业管理有限公司
615 34750 4749103596908 北京双文泰达贸易有限公司
616 49299 6780103601344 北京翔坤华泰会展有限公司
617 57410 7906104108994 北京昌昊隆晟建筑工程有限公司
618 36044 4945103820325 北京民防通信技术有限公司
619 28954 3858103786933 中启天恒（北京）国际贸易有限公司
620 29464 3925104033506 北京侨乐房地产管理服务有限公司
621 37543 5153104019144 中国人民财产保险股份有限公司北京市密云支公司
622 53283 7320104050328 中联建培（北京）企业管理有限公司
623 41575 5716103877895 北京汇通汇利技术开发有限公司
624 51594 7081104035450 北京中磊盛鑫税务师事务所有限公司
625 68554 9466103944626 中科天融（北京）科技有限公司
626 53552 7357103765769 极草春天（北京）科技有限公司
627 33763 4591103636024 北京中讯四方科技股份有限公司
628 5231 0692103741005 北京聚龙首业化工有限公司
629 51870 7121103722839 北京五方中冀汽车销售有限公司
630 43296 5953103626252 北京海晟联合消防技术服务有限公司
631 14860 1962104092419 盟科投资控股有限公司
632 44317 6088103593989 北京世纪盈通商贸有限公司
633 25340 3345104165558 北京世圭谷科技股份有限公司
634 68788 9501103665826 北京明昌顺捷机电设备有限公司
635 61139 8418103786244 北京福源耀龙科技发展有限公司
636 32564 4403104215182 北京中视思锐广告有限公司
637 17499 2316103699001 中外建华诚城市建设有限公司
638 63829 8803103796503 北京国岩华北技术检测有限公司
639 31713 4271104237583 北京金科弘居置业有限公司
640 32138 4330104059262 吉林森林工业股份有限公司北京分公司
641 6791 0886103966240 爱国工程发展中心北京分中心
642 31883 4297103899157 北京经汇融经贸发展有限公司
643 24531 3239104009864 北京苏通万达装饰工程有限公司
644 3881 0520103663723 北京万力康科技有限公司
645 40374 5553103980423 北京信中仁新材料技术公司
646 28555 3805103819730 北京益丰北方装饰工程有限公司
647 9457 1231103979968 北京市品构企业形象设计有限公司
648 6642 0870104086829 北京市长沙宾馆
649 39082 5364103681951 北京丰茂华建筑有限公司
650 58288 8026103605037 北京海纳川航盛汽车电子有限公司
651 27166 3614103879658 北京禾和峰贸易有限公司
652 41014 5636104014409 北京世和物业管理有限公司
653 55350 7625103824481 邦信资产管理有限公司
654 58936 8112103757102 北京华夏泰康医疗器械有限公司
655 14630 1931103899142 北京市启明星科技贸易有限公司
656 42551 5853103803139 北京圣永制药有限公司
657 40181 5525104013531 北京方佳物业管理有限公司
658 27322 3635103961295 北京玖富时代投资顾问有限公司
659 19210 2539103613601 北京海鑫工程监理公司
660 32085 4325103592872 北京锦群科技有限公司
661 71663 9894103770959 大唐联诚信息系统技术有限公司
662 49701 6830104171612 北京全煤铁联信息化技术服务有限公司
663 68603 9474103618452 北京秀水街房地产开发有限责任公司
664 46127 6331103616938 启迪控股股份有限公司
665 27335 3637103645173 信石弘生广告传媒（北京）有限公司
666 57708 7946104028742 北京创锐文化传媒有限公司
667 40378 5554103621202 北京伏尔特技术有限公司
668 6590 0865103797282 北京凯迪兴业网络技术有限公司
669 23645 3126103813232 北京金鼎润商贸有限公司
670 2186 0287103775520 北京威派服装服饰有限公司
671 31801 4283104031845 北京飞驰盛业电气有限公司
672 66007 9098103898202 北京鸿腾商贸有限公司
673 4332 0579104071508 北京清江源投资有限公司
674 69243 9558103626216 北京中电兴发科技有限公司
675 22673 3002103860541 北京金都物资贸易有限公司
676 5660 0748103610550 北京中卓时代消防装备科技有限公司
677 28752 3832103842384 北京高辉利豪建设有限公司
678 37695 5172104028864 北京燕英捷汽车销售服务有限公司
679 11221 1486103913863 北京云燕鑫雅清洁服务有限公司
680 39999 5498103947166 北京万方置业有限公司
681 44095 6058103936319 北京动人多维营销顾问有限公司
682 27121 3607103792921 亚洲在线财经资讯（北京）有限公司
683 38576 5289103896749 北京康城物流有限公司
684 66008 9098103968873 北京市经中实业开发总公司
685 16130 2134103799806 北京中科时代建设工程有限公司
686 46273 6353103748357 北京京粮东方粮油贸易有限责任公司
687 61394 8463103615032 中融人寿保险股份有限公司
688 38831 5327104211165 北京百环建设工程项目管理有限公司
689 54159 7452103650972 北京合遨丽亭商贸有限责任公司
690 18588 2461104136006 必联（北京）电子商务科技有限公司
691 64810 8929104193758 华联财务有限责任公司
692 62603 8633104219049 北京万和汇通通信科技有限公司
693 44620 6123104109623 中海海员对外技术服务有限公司
694 72054 9952103602990 北京广英时代经贸有限公司
695 32901 4460104127190 北京凯琦蓝德科技发展有限公司
696 29516 3933103986068 北京太元泰科新材料有限公司
697 35706 4893103983554 北京欧安地合众建筑设计顾问有限公司
698 50831 6977103680490 中建一局集团第三建筑有限公司
699 48972 6734103847118 北京小米移动软件有限公司
700 55092 7587103976513 北京京诚跃汽车服务有限公司
701 60604 8347103622550 北京扬正今和会计师事务所（普通合伙）
702 2868 0379103792913 龙源（北京）太阳能技术有限公司
703 55423 7634103791344 北京清岚恒信科技发展有限公司
704 36896 5058103628308 北京信威通信技术股份有限公司
705 26488 3516104031017 北京同一伟业科技有限公司
706 33586 4563103754064 北京华福工程有限公司
707 36683 5033103982438 北京拓普聚合新材料有限公司
708 58533 8060103839096 中泰创展控股有限公司
709 36263 4976104047665 北京中生朗捷生物技术有限公司
710 8970 1168103796691 北京中澳意自然美美容美发技术培训有限公司
711 13799 1825103670824 北京吉奥特能源科技有限责任公司
712 2487 0326103877314 北京建谊世纪科技有限公司
713 16101 2128103941242 人民邮电出版社
714 51637 7087104029279 北京能创未来科贸有限公司
715 60417 8320103615479 北京永信和诚工程咨询有限公司
716 44542 6112104119893 北京易科路通铁道设备有限公司
717 11126 1472104102333 北京孝行百年投资咨询有限公司
718 2595 0339103855496 北京视联动力国际信息技术有限公司
719 29997 4001103795765 力姆泰克（北京）传动设备有限公司
720 53489 7350103622767 北京朗科瑞奇科技有限公司
721 68741 9494103647428 北京中铁诚业工程建设监理有限公司
722 1548 0202104042020 北京利安欣达工程造价咨询有限公司
723 24857 3282103755509 北京奔奥新技术有限公司
724 5057 0670103799770 北京鼎鑫怡合电器有限公司
725 9803 1277103979183 北京美裕阳光洁具有限公司
726 41625 5723104101426 北京青松岭饮料有限公司
727 21388 2827103594326 北京创新通恒科技有限公司
728 4704 0626104042620 北京赛诺奇科技发展有限公司
729 36342 4988103728815 北京荣景天悦电力设备安装有限公司
730 65583 9042104207564 北京华信六合投资有限公司
731 42380 5828103933631 北京核子动力广告有限公司
732 50348 6911103943008 北京中物联物流规划研究院
733 61149 8420103629635 中铁建工集团安装工程有限公司
734 28556 3805103948756 北京易才博普奥管理顾问有限公司
735 51822 7113104136298 中审世纪工程造价咨询（北京）有限公司
736 41227 5668103626442 中铁十九局集团有限公司
737 44124 6062103898833 国电联合动力技术有限公司
738 1680 0219103663474 北京市欧陆佳艺工贸有限公司
739 39521 5427103889608 北京润江南餐饮管理有限公司
740 54971 7572103787069 北京风尚引力投资顾问有限公司
741 9591 1248104087644 北京极地信息技术有限公司
742 2861 0378103670490 北京北方三浦医疗器械有限公司
743 2568 0336103782466 北京航天万源建筑工程有限责任公司
744 45190 6202104086747 北京银奥联合商贸有限公司
745 4789 0637103596394 北京博大网信科技发展有限公司
746 62324 8595103696958 北京正华永欣房地产开发有限公司
747 46503 6386103618115 赫柏名仕（北京）国际文化传播有限公司
748 65409 9016103828108 北京市科影艺林影视文化传播有限公司
749 11638 1544103605814 北京高敏洁科技有限公司
750 60785 8370103949961 北京庄子天运小额贷款有限公司
751 18391 2437103603186 北京诺德恒信化工技术有限公司
752 33112 4492103601993 北京华徕新虹科技发展有限公司
753 20834 2755103723772 北京雨翔启航文化艺术发展有限公司
754 67909 9364103765105 北京茂华物业服务有限公司
755 58777 8092104020417 北京旗硕基业科技股份有限公司
756 59056 8129103762680 北京拜尔昊城国际牙种植科技有限公司
757 50437 6923103843982 北京市昌平区中馥慧幼儿园
758 50366 6913104294658 北京江海耀华科技发展有限公司
759 27094 3603103970465 北京互融吉商贸有限责任公司
760 57290 7891104186972 云南省保山市人民政府驻北京联络处
761 12198 1613103651805 北京顺景园林有限公司
762 31979 4308103896025 北京逐日文化传媒有限公司
763 22192 2937103850346 北京华荣建业房地产开发有限公司
764 43106 5926103718740 北京东润景泰消防科技有限公司
765 39016 5355103757632 北京智控美信信息技术有限公司
766 35878 4918104229181 北京安贝德科技发展有限公司
767 13764 1820103827975 北京更快互联网技术有限公司
768 59971 8257103945323 北京路发建设工程有限公司
769 72241 9973103702930 北京物美综合超市有限公司
770 19190 2536104119969 利亚德光电股份有限公司
771 418 0057103766469 中国行政区划与区域发展促进会
772 9446 1230103772938 北京健顺展览展示有限责任公司
773 35500 4864103627681 北京家有金元商贸有限公司
774 47453 6524104284678 北京中力恒兴科技有限公司
775 43899 6031103944464 北京市伊都美制衣有限责任公司
776 65880 9084103682704 北京金信润天信息技术股份有限公司
777 71406 9861103872399 中国逻辑与语言函授大学
778 52094 7155103873633 北京联合智业认证有限公司
779 269 0037103753762 北京茹融工贸有限责任公司
780 19906 2630104290541 北京中盛玖歌文化传媒有限公司
781 67548 9315103606735 北京旭日平安文化传媒有限公司
782 28406 3784103747802 北京华政税务师事务所有限公司
783 65493 9029103844894 深圳核电环通汽车服务有限公司北京汽车租赁分公司
784 47983 6595103951331 北京英杰科信商贸有限公司
785 47193 6489104011479 北京康孚科技股份有限公司
786 9269 1204103874888 北京中地机电工程有限公司
787 29514 3933103631911 北京柯迅达科贸有限公司
788 65667 9053103654456 北京火人医药科技开发有限公司
789 42206 5803104253090 北京中宇嘉信科技有限公司
790 65192 8984104152464 北京西铁物流有限公司
791 63217 8722104005900 北京珐玛珈包装设备科技有限公司
792 66184 9125103602971 北京东川金正科贸有限公司
793 47013 6466103761448 北京纳新文化发展有限公司
794 54658 7527103670595 北京大湖建设工程有限公司
795 42773 5883103821151 北京艺野飞鸿广告制作有限公司
796 50038 6871104201855 北京凯晨置业有限公司
797 53096 7294104106243 北京诚创科星科技有限公司
798 31889 4298103782153 北京房地集团有限公司
799 6175 0811103593409 北京正和林凡绿化工程有限公司
800 41338 5683104284723 北京阿尔山矿泉水有限公司
801 48560 6676103645281 金宏中天（北京）科技有限公司
802 58958 8115103827268 北京宏丰达贸易有限公司
803 65594 9044103734573 北京明科电通电力设备有限公司
804 64875 8939104254050 北京依咪娜贸易有限公司
805 60367 8313103698958 北京金房暖通节能技术股份有限公司
806 8946 1164103748516 北京别丽美特装饰材料有限公司
807 70038 9667104047219 国测地理信息科技产业园集团有限公司
808 45807 6286103948222 北京友邦佳通电子科技有限公司
809 24010 3174103644657 中信国华国际工程承包有限责任公司
810 65324 9005103798474 北京鑫恒盛商贸有限责任公司
811 60077 8271103647524 北京鲁青运输服务有限公司
812 70769 9769104101563 北京英特达系统技术有限公司
813 50098 6879103618493 太极计算机股份有限公司
814 7188 0934104029555 北京市北电电能调试安装服务处
815 62168 8572104170656 北京木皇家具有限公司
816 56218 7744103977375 北京嘉瑞雅汽车销售服务有限公司
817 38912 5338103692160 威陆时代（北京）网络科技有限公司
818 46635 6403103678265 北京信达方舟科技发展有限公司
819 68340 9430103615817 北京昆奇科技有限公司
820 29747 3967104076788 北京广联惠供用电工程设计有限公司
821 6364 0834104006065 中航海丰国际物流（北京）有限公司
822 20524 2714103672567 北京世茂环宇环保科技发展有限公司
823 17766 2353103660941 北京鸿创励治企业形象策划有限公司
824 7050 0917103797231 北京伟江源科技发展有限公司
825 28399 3783103854176 北京贝美贝乐国际贸易有限公司
826 6660 0872103770316 泰泽宏业（北京）科技有限公司
827 34859 4766103783894 北京市永轩律师事务所
828 53269 7317103835652 天禧天元（北京）科技发展有限责任公司
829 4681 0623103678540 卡萨曼丝家居用品（北京）有限公司
830 66287 9139103660529 北京市厨大妈食品有限公司
831 12784 1690103692585 北京天润融通科技有限公司
832 39518 5426104092943 核工业第二研究设计院
833 45920 6299103731002 北京达实利佳科技有限公司
834 31357 4214103819261 北京绿茵达绿化工程技术公司
835 43772 6015104075543 北京索朗科技有限公司
836 8591 1121103819814 北京市旅游咨询服务中心（北京市旅游发展委员会信息中心）
837 35238 4821104298167 黄冈市人民政府驻北京联络处
838 619 0081103948697 北京市海淀区嘉华培训学校
839 60043 8266103988328 北京凝华科技有限公司
840 38248 5250103825298 北京华贸素拉潘酒店发展有限公司金威万豪酒店
841 11658 1547103876277 北京中加伟业房地产开发有限公司
842 56133 7734103782316 金石恒泰（北京）科技有限公司
843 41657 5727103674620 北京博爱清洁服务有限公司
844 49308 6781103718812 北京铭信佳业科技有限公司
845 5116 0679103756772 北京金泰凯迪汽车销售服务有限公司
846 64874 8939104161573 数海智库（北京）营销咨询有限公司
847 16087 2127103838423 北京高新利华催化材料制造有限公司
848 39825 5473103817394 北京东兴楼餐饮管理服务有限责任公司
849 64917 8946103899504 北京搜维尔国际贸易有限公司
850 58981 8118103745546 北京绿佳杰园林工程有限公司
851 11127 1473103755706 同心坊（北京）餐饮管理有限公司
852 6462 0849103670861 北京中西远大科技有限公司
853 35976 4933104077662 北京硕和房地产开发有限公司
854 48854 6715104215244 北京龙海洋机电设备有限公司
855 34974 4783103983618 东莞市华立实业股份有限公司北京销售分公司
856 28037 3735103617781 益海嘉里食品营销有限公司北京分公司
857 41192 5662104141223 汇龙通商（北京）科技有限公司
858 58545 8061104045234 北京安吉华昊建材有限公司
859 36476 5005103622657 北京诚益通控制工程科技股份有限公司
860 53707 7380103788839 北京市永乐顺通市政工程有限公司
861 46513 6387103651735 中国中材进出口有限公司
862 16770 2218104182109 北京颐和工程监理有限责任公司
863 41127 5654103828015 北京天下美传广告有限公司
864 30149 4024103888924 北京德信保险代理有限公司
865 52541 7214103602156 北京兴和金氏技术开发有限公司
866 20559 2718103651837 北京瑞欧物业管理有限公司
867 24850 3280104302888 北京欣瑞创科技有限公司
868 18742 2482104090155 北京碧水源科技股份有限公司
869 35843 4913104133987 北京远见文化传播有限公司
870 53577 7362103661251 北京嘉鸿宝科技有限公司
871 20981 2774103983422 北京彩虹伟业印刷有限公司
872 38294 5256104085358 北京零点成众电子商务有限公司
873 59018 8123103685627 中通建设股份有限公司
874 30092 4016103749237 北京鸿图卓越广告传媒有限公司
875 18090 2391103798637 北京帅蒙贸易有限公司
876 22657 3000103856810 芳瑞物业管理（北京）有限公司
877 51294 7039104057546 北京瑞特物业管理有限公司
878 40885 5619103930900 北京华声利达广告文化艺术有限公司
879 1934 0254103811073 迈恩德（北京）电子有限公司
880 35952 4930103803212 北京华源亿泊停车管理有限公司
881 63000 8692103930910 北京新正迪节能建材科技有限公司
882 67460 9302103675384 北京日通开关厂
883 60778 8369103749239 北京鸿图卓越广告传媒有限公司
884 18126 2395103644024 北京统亿时代商贸有限责任公司
885 55161 7598103615164 北京运华天地科技有限公司
886 6322 0828103662331 北京北箱信发包装有限公司
887 3543 0478103609566 北京中林达汽车销售服务有限责任公司
888 69493 9591103735265 北京京城电通投资管理有限责任公司
889 68809 9504103828368 北京乾亨德科学仪器有限公司
890 15735 2083103927585 北京金源恒煜投资有限公司
891 49119 6757104251306 北京鸿业博兴商贸有限公司
892 36570 5018103636970 北京永德信贸易有限公司
893 6336 0830103638787 北京新京润房地产有限公司
894 64161 8847103594676 北京铁研建设监理有限责任公司
895 67315 9282103852185 北京万德易通信息技术有限公司
896 15007 1981103853036 北京市百荣世贸商城市场有限责任公司
897 11508 1524103792970 北京海联物业管理有限公司
898 69194 9552103870162 北京三四零一客车维修服务有限公司
899 56984 7851103884340 北京联创信安科技有限公司
900 40025 5503103659109 北京百旺长福汽车销售服务有限公司
901 69771 9630103984971 北京昆泰房地产开发集团有限公司
902 3983 0532103664487 北京华城佳苑建材有限公司
903 11341 1503103675472 北京东方广视科技股份有限公司
904 38001 5217104081750 北京太阳宏港投资有限公司
905 45259 6211103756883 北京晨阳鸿瑞科技有限公司
906 19871 2627103856623 北京江南裕盛装饰工程有限公司
907 5884 0775103701847 中国华电集团物资有限公司
908 30765 4122103910360 弗兰科（北京）建筑设计咨询有限公司
909 12318 1628103652549 北京旺顺阁美食有限公司
910 49170 6764103741315 中船重工建筑工程设计研究院有限责任公司
911 308 0042103803229 北京天盈九州网络技术有限公司
912 56612 7798103638581 北京普瑞斯英科贸有限公司
913 524 0069104084554 北京朗正科技发展有限公司
914 63134 8710103634105 北京泛博化学股份有限公司
915 51479 7065103932951 北京龙之源机电设备有限公司
916 28418 3786103695393 北京盛源泰翔科技发展有限公司
917 23002 3042104074729 新疆昌吉回族自治州人民政府驻北京联络处
918 47415 6519103856865 国开金泰资本投资有限责任公司
919 46219 6345103631122 梅赛德斯-奔驰（中国）汽车销售有限公司
920 17016 2251104045685 北京俏江南餐饮管理有限公司东方广场餐饮分公司
921 27784 3698103926872 天合公益基金会
922 22359 2960103979219 北京安泰时空科技有限公司
923 20108 2657103787171 桑尼瑞斯建材（北京）有限公司
924 13752 1818104182405 北京华建纵横科技有限公司
925 44289 6084103597136 北京莱博星原科技有限公司
926 1725 0224103756771 北京金泰凯迪汽车销售服务有限公司
927 52683 7234103718793 北京市伟业供热设备有限责任公司
928 38357 5264103788275 学成世纪（北京）信息技术有限公司
929 23202 3069103788060 北京春达物业管理有限公司
930 7651 0997103728616 北京金泽和国际旅行社有限责任公司
931 39787 5468103683936 泛玛散料处理技术（北京）有限公司
932 44117 6061104029373 北京世安立天科技发展有限公司
933 17377 2297103961161 中国核工业建设集团公司
934 68353 9432103795106 北京长城制药厂
935 65656 9051103823483 北京海富物流有限公司
936 63478 8758103595636 北京诚锐源广告有限公司
937 49438 6799103627669 北京金田万通科技有限公司
938 52551 7215103853669 北京腾远通电讯设备有限公司
939 9903 1289103901055 北京中农牧贸易有限公司
940 58878 8105103895700 北京腾峰创美物业管理有限公司
941 70086 9675103603966 北京九州华奥工业油品加工厂
942 38729 5312103719312 北京太洋环宇医药有限责任公司
943 56492 7781103681663 顺义区北务镇郭家务村村民委员会
944 38992 5352103605662 北京神州福麟商贸有限公司
945 64934 8950103651781 北京顺景园林有限公司
946 36046 4945103900680 北京公科桥梁技术有限公司
947 15629 2070103980064 中铁电气化局集团北京建筑工程有限公司
948 12683 1677104073793 北京安科兴业科技股份有限公司
949 38897 5336104075217 北京中宝融通水务科技有限公司
950 64431 8881103614864 北京东泽房地产开发有限公司
951 36519 5011103726485 北京诚远泰克科技有限责任公司
952 22975 3038104060492 诺斯曼能源科技（北京）有限公司
953 39968 5493103777713 北京博锐鑫阳商贸有限公司
954 12242 1617104162999 北京唯安奥德科技有限公司
955 47412 6519103619356 北京中恒博帆科技有限公司
956 56301 7757103736114 北京京石丰田汽车销售服务有限公司
957 70015 9664103950648 北京中科润丰工贸有限公司
958 66139 9118103895249 北京领语堂教育科技发展有限公司
959 43535 5986103950791 北京心情互动信息技术有限公司
960 39614 5441103666732 廊坊市金虹宇印务有限公司北京销售分公司
961 39953 5491103602281 北京东港安全印刷有限公司
962 7563 0984103931283 北京地天泰市政工程有限公司
963 4667 0621103803690 北京佳亿丰汽车配件有限责任公司
964 9384 1221103775228 北京弘舟广际科贸有限公司
965 28617 3812103909724 北京冬洋国际服装有限公司
966 39235 5387103682382 北京道林建筑规划设计咨询有限公司
967 4597 0612103930375 北京同仁堂科技发展股份有限公司
968 69904 9650103597013 北京时代百融商业发展有限公司
969 60427 8321103589637 北京仁泰科技有限公司
970 51407 7055103691982 中铁现代物流科技股份有限公司北京分公司
971 42877 5896104033788 北京株龙山汽车配件有限公司
972 37512 5149103740423 北京人天书店有限公司
973 59768 8225104196194 北京东方金鹰信息科技股份有限公司
974 19357 2559103976099 北京海博译翻译有限公司
975 61481 8476103939578 北京加多佳宝科技发展有限公司
976 53543 7356103687499 长江证券股份有限公司北京新源里证券营业部
977 46661 6407103644646 中信国际合作有限责任公司
978 51781 7107103791117 乐德行（北京）商贸有限公司
979 38106 5231104025975 北京途家置业顾问有限公司
980 37055 5081103615336 北京钰中兴文化传播有限公司
981 25675 3395103629820 爱特克（北京）环保科技有限公司
982 56731 7814103632812 北京泰科瑞迪工业设备有限公司
983 15647 2073103626649 新奥（中国）燃气投资有限公司
984 3268 0438104166038 北京三友合安消防科技有限公司
985 21143 2795103961392 北京永通伟业工贸有限公司
986 49836 6847104125924 北京市京翰律师事务所
987 56112 7732103799445 北京朝来天陆商业投资管理有限公司
988 18244 2414103623373 优尼班克（北京）科技有限公司
989 7177 0933103773843 北京泰亚东方信息技术有限公司
990 51850 7118103955877 北京佳源泰达贸易有限公司
991 58839 8100103676660 北京中蓝物业管理有限公司
992 38795 5321104061945 北京西普阳光教育科技有限公司
993 19264 2546104165652 中国妇女发展基金会
994 30134 4022104206229 北京盘古华伟科技有限责任公司
995 31166 4187103842491 北京世纪上越房地产开发有限责任公司
996 51826 7114103918162 北京普莱德斯工程技术有限责任公司
997 29609 3947103597021 北京丰收物业管理有限公司
998 10901 1437103774949 北京君泰恒会计师事务所有限公司
999 25699 3398103618723 北京立诚拓业科技有限公司
1000 31449 4229104177216 北京拓尔思信息技术股份有限公司
1001 18151 2399103786711 北京中京富源控制设备有限公司
1002 24682 3260104162934 北京新疆大厦
1003 59916 8250103784409 北京市雅萌工程机械维修有限公司
1004 21554 2850104283457 北京凯捷伟业科技有限公司
1005 71434 9865104069322 北京市泰华印刷有限责任公司
1006 35633 4883103656664 北京银联商务有限公司
1007 20611 2724103847632 北京顺丰速运有限公司
1008 23187 3068103748703 北京维京律师事务所
1009 9119 1184104228190 北京思鹏瑞通科技有限公司
1010 2759 0365103947202 北京芘利安国际服装有限公司
1011 23354 3087103825060 北京旭远通科技发展有限公司
1012 14358 1893103901066 华电煤业集团有限公司
1013 5430 0718104284361 北京安宁盈科软件系统技术有限公司
1014 2559 0335103782991 北京数字联创科技有限公司
1015 14278 1885103819648 北京市长建燕城建筑工程有限公司
1016 23259 3076103736845 北京瑞祥泰康科技有限公司
1017 61447 8471103899151 北京北方朗悦紫竹桥酒店
1018 6117 0804103826853 北京鸿润成业房地产开发有限责任公司
1019 7474 0971103635891 北京华聚文化传播有限公司
1020 61826 8524103783184 北京市尧舜建材供应站
1021 20912 2766103842798 北京开元通盛商贸有限公司
1022 51661 7091103622904 北京芬丝特堡建筑材料有限公司
1023 53250 7314103840982 北京风网信息技术有限公司
1024 71984 9939103773416 北京兴盛合文化产业投资有限公司
1025 56465 7778103790681 北京诚然静房地产开发有限公司
1026 71144 9821103593395 北京安南科技有限公司
1027 40504 5569103672433 北京蓝科文化传媒有限公司
1028 61650 8501103791578 中华联合财产保险股份有限公司北京分公司
1029 30316 4050103968312 北京阳光起跑线商业管理有限公司
1030 58895 8108103741379 北京意飞巅企业策划有限公司
1031 23934 3165103835363 北京从巽咨询有限公司
1032 35761 4901104284914 北京威玛斯电气有限公司
1033 26083 3455103770510 育雄科技（北京）有限公司
1034 6657 0872103670834 传讯（北京）广告有限公司
1035 18905 2503103644866 北京市房山区体育舞蹈协会
1036 994 0131103817655 北京奥诚兴业科技发展有限公司
1037 69242 9557103874577 北京永联世纪科技有限公司
1038 66519 9172103828391 北京钰林恒通车辆装饰有限公司
1039 4261 0568104109455 北京建海齐昌科技开发有限公司
1040 57937 7981103621430 中航物业管理有限公司北京分公司
1041 29225 3892104001210 北京春天建筑装饰工程有限公司
1042 32926 4463104206342 北京市昌平区北七家镇南七家庄村股份经济合作社
1043 9125 1185103896017 普华永道中天会计师事务所（特殊普通合伙）北京分所
1044 4419 0590104003456 北京市明睿阳光医疗器械有限公司
1045 28496 3796103901160 北京智讯天成技术有限公司
1046 44481 6105103637372 北京鑫悦晟华聚氨酯有限公司
1047 33365 4525103762989 北京四达贝克斯工程监理有限公司
1048 16706 2212104203989 北京瓜尔润科技有限公司
1049 15856 2097104099525 北京华征力通热力科技有限公司
1050 7908 1033103644862 眉州东坡餐饮管理（北京）有限公司
1051 62805 8662104115089 斯特龙建筑装饰工程有限公司北京分公司
1052 23492 3105103719780 北京晋阳恒泰广告有限公司
1053 3427 0462103645065 北京华彬国际大厦有限公司
1054 36300 4981103893422 北京富耐恩电子设备有限公司
1055 10538 1382103880787 宝健（中国）日用品有限公司
1056 38916 5338104063612 北京田丽华美容院有限公司
1057 43858 6027103681949 北京丰茂华建筑有限公司
1058 60359 8311103769017 北京金冠汽车服务有限公司
1059 37516 5150103791696 北京长得万众信息技术有限公司
1060 290 0040103784734 北京天竺干冰制造有限公司
1061 67556 9315104292119 北京新月联合汽车有限公司
1062 31388 4218104033948 中国农业生产资料集团公司
1063 65297 9001103675268 北京市恒瑞家具有限公司
1064 22651 3000103691593 国家图书馆出版社
1065 51251 7031104234679 北京吉威数源信息技术有限公司
1066 60020 8263104126479 北京京迪美化工科技有限责任公司
1067 60702 8359103633646 捷成（中国）贸易有限公司北京汽车销售分公司
1068 71199 9828103914890 美誉唐酒业（北京）有限公司
1069 56081 7727103736590 CBC（北京）信用管理有限公司
1070 13285 1756104173883 北京市富乐科技开发有限公司
1071 26443 3511103652486 北京市旭云科技发展有限公司
1072 67354 9288103777389 北京银桥牵引动力科技发展有限公司
1073 1857 0242103962246 北京永丰伟业混凝土有限责任公司
1074 21964 2906104237358 纳爱斯集团有限公司北京分公司
1075 32601 4409104011238 北京悦游信息技术有限公司
1076 60412 8319103789751 北京泰诚恒远流体控制技术有限公司
1077 42536 5851103819272 北京亚美科软件有限公司
1078 48832 6713103731978 北京纸老虎文化交流有限公司
1079 43489 5980103651599 中国建筑装饰集团有限公司
1080 11984 1586103695409 北京国盛饭店
1081 37780 5184103627001 中国外贸金融租赁有限公司
1082 23799 3146103795413 北京汉今国际文化发展有限公司
1083 45794 6284104117850 北京宝恒典当有限责任公司
1084 22409 2967103821591 宁波银行股份有限公司北京分行
1085 68516 9459103927624 北京兴美翔彩彩票销售有限公司
1086 442 0061103795341 北京若宏嘉业科技有限公司
1087 32334 4366103819749 北京中意骄阳医疗器械有限公司
1088 62209 8577103892439 北京市同晖珠宝首饰有限公司
1089 68546 9465103605251 北京航通舟胶粘剂有限公司
1090 52415 7197104011093 北京伟业联合房地产顾问有限公司
1091 29562 3940104032213 北京华油油气技术开发有限公司
1092 8883 1156103645927 北京首钢房地产开发有限公司
1093 29004 3866103852847 北京同仁堂南三环中路药店有限公司
1094 3971 0531103812709 梅赛德斯-奔驰汽车金融有限公司
1095 62807 8663103702113 北京百姓家装饰工程设计有限公司
1096 70264 9698103890710 北京利德衡环保工程有限公司
1097 40055 5507103947247 北京通金易汇科技有限公司
1098 58901 8109103627810 北京标准信合房地产咨询有限公司
1099 25594 3382103797058 北京方基恒达汽车部件有限公司
1100 40902 5621103830813 北京中捷鸿业科技有限公司
1101 56206 7743103596430 哈多（北京）科技发展有限公司
1102 34593 4723103671321 民生期货有限公司
1103 33051 4483103838250 北京远望通达能源技术服务有限公司
1104 2572 0336104035842 北京祥聚斋食品有限公司
1105 53891 7411103829726 北京鼎建佳月装饰有限公司
1106 67877 9360103991154 北京兴安洁能源技术有限公司
1107 21636 2863103788211 北京渔鲜会餐饮有限公司
1108 53889 7411103800555 北京居然之家玉泉营家居建材市场有限公司
1109 3699 0499103811468 北京英泰来工程顾问有限公司
1110 22552 2987103762095 北京威马腾龙科技有限公司
1111 68806 9503103883028 北京金源腾达酒类销售有限公司
1112 67452 9300104221960 北京安吉泰能源技术有限责任公司
1113 16871 2230103876855 北京市潮云房地产开发有限公司
1114 25532 3375103632897 北京盛凯骏腾科技有限公司
1115 34937 4778103646252 北京中和创意营销策划有限公司
1116 43757 6013103642686 北京市运乔发达石材有限公司
1117 58020 7990104283103 北京日兴嘉州商业经营管理有限公司
1118 42889 5897104141831 北京大兴中富饮料容器有限公司
1119 26561 3525103876113 北京市电信工程局有限公司
1120 50809 6973104123142 北京市大龙房地产开发有限公司
1121 27686 3687103743409 爱饰家（北京）照明工程设计有限公司
1122 70919 9789104226027 北京市东城区中医药学会
1123 2654 0349103784486 北京世博众联科技有限公司
1124 3666 0496103670500 北京市大兴区苗木花卉产业协会
1125 56149 7736103823389 北京西点方略营销顾问有限责任公司
1126 17561 2324103791461 北京中康华力医疗器械有限公司
1127 38351 5263103802394 北京荣华恒信开关技术有限公司
1128 70312 9706103770665 北京京师傅家具有限公司
1129 31583 4252103760954 北京新联协创房地产开发有限公司
1130 34763 4751103991147 北京兴安洁能源技术有限公司
1131 20358 2692103643948 北京永大石化物资有限公司
1132 56062 7724104023158 北京市环美园林工程有限责任公司
1133 23239 3074103729213 北京汽车销售有限公司
1134 2587 0338103621674 北京翔宇基业科技有限公司
1135 28205 3759103739988 北京捷行社房地产经纪有限公司
1136 3187 0428103647051 新疆和合玉器股份有限公司北京海淀分公司
1137 63175 8716103863139 北京森林假日体育休闲有限公司
1138 43223 5942103675141 北京光环新网科技股份有限公司
1139 40945 5626104114080 北京空港物博物业管理有限公司
1140 51233 7028103629010 建峰建设集团股份有限公司
1141 50872 6982104251802 北京盛泽盛不锈钢有限公司
1142 58510 8058103614826 北京首汽腾鹏汽车销售服务有限公司
1143 45994 6309104033693 北京中视联众广告传媒有限公司
1144 56035 7720103682391 北京实创盛业电梯有限公司
1145 34536 4714103633503 北京海德休闲酒店管理有限公司
1146 64439 8882103655920 北京神州融信信息技术有限公司
1147 3472 0467103864419 北京市通州区永顺镇果园社区卫生服务站
1148 41461 5700103697437 北京比尔泰克科技发展有限公司
1149 19051 2522104057235 北京洋基市政工程有限责任公司
1150 12244 1618103766206 北京龙行天年商贸有限公司
1151 69593 9604103858277 北京海通旭日科技有限公司
1152 32341 4367103996268 北京福思营销顾问有限公司
1153 47211 6493103714126 北京市怀柔区北房镇梨园庄村股份合作社
1154 13217 1746103818813 北京谛兰君泽印刷科技有限公司
1155 57713 7947103672435 北京东锐仕润钢结构工程有限公司
1156 31939 4304104089196 北京大通佳信汽车销售服务有限公司
1157 29385 3913103945637 北京市北方办公用品公司
1158 18849 2496103726789 北京闽泽贸易有限公司
1159 36330 4986103700096 北京兴峰骏翔汽车服务有限公司
1160 29527 3935104092946 核工业第二研究设计院
1161 23751 3140103953635 北京智远品格模型技术有限公司
1162 22306 2953104077514 中交实业发展投资有限公司
1163 41362 5688103774555 北京骄星棋骏网络科技有限公司
1164 2194 0288103685548 北京慧清科技有限公司
1165 12745 1686103624798 北京指尖畅游科技有限公司
1166 44214 6074103861490 北京丰艺家装饰设计有限公司
1167 14285 1886103678413 北京飚力机电有限责任公司
1168 69754 9628103618137 北京市北方森源电气有限责任公司
1169 31750 4278103712302 杰思德空间设计（北京）有限公司
1170 53009 7282103704779 北京北小营宏大工业开发中心
1171 14798 1954103788174 山东润昌工程设计有限公司北京化工工程设计分公司
1172 1944 0255103949801 北京志诚泰和信息科技股份有限公司
1173 25923 3431103898029 贝拉吉奥（北京）餐饮管理有限公司
1174 72003 9942104042897 北京制源江山咨询有限责任公司
1175 49241 6773104047868 雷克兰（北京）安全防护用品有限公司
1176 12410 1638103769148 长治清华机械厂北京经济技术开发区咨询服务中心
1177 29086 3877103683910 永辉信诺科技（北京）有限公司
1178 20057 2651104046791 北京原点本义文化传播有限公司
1179 21614 2859104100192 北京市汉卓律师事务所
1180 25548 3377103614136 中进汽贸服务有限公司
1181 34879 4768103899288 北京上德时代自动化工程有限公司
1182 28851 3844104206752 北京金建物流有限公司
1183 12533 1657103892198 北京元盛达工贸有限公司销售分公司
1184 22519 2982103784724 北京讯程天下信息技术有限公司
1185 23192 3068103842303 北京康易格瑞能源技术有限公司
1186 23722 3136103847707 北京新邦物流服务有限公司
1187 48454 6663103990733 北京金龙亨通贸易有限公司
1188 61796 8520103948581 北京军庄加华园艺工程有限公司
1189 42918 5901103952479 北京前程百利教育科技有限公司
1190 43674 6003103775057 北京宇时新能科技发展有限公司
1191 33790 4595103601856 北京海林节能设备股份有限公司
1192 24375 3217103870619 北京新凤凰城房地产开发有限公司
1193 4615 0614103656659 北京倍乐优学教育咨询有限公司
1194 43538 5986104228985 北京北大先锋科技有限公司
1195 27483 3658103634158 北京京丰制药有限公司
1196 28566 3806103991240 北京新冷大餐饮管理有限公司
1197 17148 2269103594582 北京中进众旺汽车销售服务有限公司
1198 43800 6019103621958 北京交运通华景良运输有限公司
1199 43291 5952103637293 北京明景汇智科技有限公司
1200 62749 8654103908683 北京康辰药业股份有限公司
1201 50155 6884104063858 北京新脉远望科技有限公司
1202 6145 0808103988054 北京延红机械施工有限公司
1203 9712 1263103699998 北京嘉华景业科技有限公司
1204 38469 5276103771327 北京绿百草科技发展有限公司
1205 69873 9645104029048 北京中北亚泰幕墙工程技术有限公司
1206 67649 9328103747907 北京闪星世纪医疗科技有限公司
1207 6418 0843103658995 北京华银建设工程咨询有限公司
1208 47634 6549103889150 北京国泰怡安电子有限公司
1209 36402 4995103654565 北京市丰台区王佐镇水利管理服务站
1210 45304 6216103895136 北京时代华丰建筑工程有限公司
1211 2854 0377104232720 安徽省豪伟建设集团有限公司北京分公司
1212 9328 1213103758060 北京恒信永隆商贸有限公司
1213 69662 9615103662579 北京振河建筑工程有限公司
1214 10783 1416103647646 北京吉奥星地震工程勘测研究院
1215 67075 9248103629416 北京博瑞翔伦科技发展有限公司
1216 67326 9284103745452 北京旭天投资管理有限公司
1217 9774 1273103623595 北京首都航空有限公司
1218 18844 2496103598333 北京泽鼎正方石材有限公司
1219 51429 7058103933628 明亚保险经纪有限公司
1220 61450 8471104041654 北京京鄂伟业物流有限公司
1221 68186 9406104011478 北京康孚科技股份有限公司
1222 24915 3289104289831 北京首创股份有限公司
1223 26836 3567103931175 中国通用技术（集团）控股有限责任公司
1224 60502 8331104200920 北京恒泰隆公路工程有限责任公司
1225 19219 2541103699914 北京京云万峰信息技术有限公司
1226 62849 8669103801935 北京城建十一建设工程有限公司
1227 69756 9628103797069 北京典金模型模具制造有限公司
1228 54811 7551103618463 北京亿兆华盛有限公司
1229 44521 6110103968328 北京祥网瑞数字技术有限公司
1230 20676 2732103633537 北京杰亚格服装服饰有限公司
1231 67688 9334103830123 密云县十里堡镇程家庄村农民用水合作社
1232 49193 6768103696523 北京创远众信工程咨询有限公司
1233 31291 4202103931171 中国通用技术（集团）控股有限责任公司
1234 47820 6574103859010 北京联合汇丰商贸有限公司
1235 28735 3830103798797 联拓建业科技（北京）有限公司
1236 19139 2532103658152 北京金自天成液压技术有限责任公司
1237 46491 6384104087369 北京翼速国际物流有限公司
1238 25073 3310103610573 北京神威机械制造有限公司
1239 27969 3724103973645 北京利源旺业家具有限公司
1240 17304 2288104144486 北京天阳宏业软件技术有限公司
1241 820 0106104062255 北京久荣祥物资有限公司
1242 25395 3356103596942 北京吉欧泰和科贸有限公司
1243 70041 9668103595419 北京众联智科科技有限公司
1244 40821 5610104219032 北京索伯菲国际管理咨询有限公司
1245 24462 3229104001565 北京万龙洲饮食有限责任公司
1246 27139 3609104028801 北京新大六喜快餐厅
1247 66259 9136103817155 北京越盛腾商贸有限公司
1248 48890 6721103720685 北京汇银融通科技有限公司
1249 32583 4407103900896 北京科华康达医疗器械有限公司
1250 18793 2489103838461 北京北林地景园林规划设计院有限责任公司
1251 70731 9765103966242 爱国工程发展中心北京分中心
1252 64797 8927104236379 北京绿创声学工程股份有限公司
1253 54268 7470103812350 北京乙十六餐饮有限公司
1254 66989 9237103599237 河北中凯建设工程有限公司北京分公司
1255 25241 3332103821375 北京利诚博峰科技有限责任公司
1256 51735 7100103876203 北京康蒙来公关服务有限公司
1257 21637 2863103797778 北京市朝阳田华建筑集团公司第一分公司
1258 19250 2545103671652 北京无名居美食有限公司
1259 7025 0914104252885 北京中景恒基建筑装饰工程有限公司
1260 70320 9707103914970 光和通用设备(北京)有限公司
1261 24034 3177103648306 北京富视东方科技有限公司
1262 3114 0416103927149 北京潮白环保科技有限公司
1263 15727 2081104109062 北京国生汽车销售服务有限公司
1264 50043 6872103907151 北京龙道世纪文化传播有限责任公司
1265 17567 2325103758153 北京凯通物资有限公司
1266 32562 4403103948362 北京博飞宏大电子科技有限公司
1267 38371 5265104271959 北京城建亚泰建设集团有限公司
1268 35390 4845103829310 北京市垂杨柳中学
1269 38341 5262103791160 北京科住物业管理有限公司
1270 48188 6626103736851 中品九鼎商贸（北京）有限公司
1271 35709 4893104136060 北京名翔国际影院管理有限公司
1272 66198 9126104187492 中航凯新（北京）船舶有限公司
1273 23461 3101103769157 北京公联洁达公路养护工程有限公司
1274 44147 6065103682004 北京盛世金宝物业管理有限公司
1275 67366 9289104221685 北京鼎新视界数码科技发展有限公司
1276 71946 9933104217725 北京鼎善胜业科技有限责任公司
1277 29222 3892103676550 中国人民大学出版社有限公司
1278 19681 2603104189071 中融汇投资担保有限公司
1279 67184 9263104159056 北京中基宏源房地产开发有限公司
1280 35710 4894103656660 北京倍乐优学教育咨询有限公司
1281 3497 0470104219306 北京超飞信息科技有限公司
1282 5921 0779103796341 北京通州开关有限公司
1283 11939 1582103621514 泽英伟业医疗器械（北京）有限公司
1284 1883 0247103747160 北京万兴建筑集团有限公司装饰分公司
1285 69383 9575103816101 北京世纪通达人力资源有限公司
1286 65342 9007104190385 铂良乐传媒广告（北京）有限公司
1287 67352 9288103623214 北京淮钢经贸有限公司
1288 36729 5038104093990 北京长信泰康通信技术有限公司
1289 22579 2990104265996 北京雅可乳特贸易有限公司
1290 49426 6796104292043 北京市丰台区右安门翠林敬老院
1291 69929 9654103841657 北京日泰和机械有限公司
1292 27241 3625104104761 北京中广赛博文化发展有限公司
1293 18049 2385104089980 北京城建五市政工程有限公司
1294 30075 4013103847822 北京倍卓三优科技发展有限公司
1295 65696 9057103757211 北京国电瑞风电气有限公司
1296 70133 9680104051815 北京联拓奥通汽车贸易有限责任公司
1297 9668 1257103852923 北京中路顺达工程机械有限公司
1298 19998 2643103620569 北京中恒实信贸易有限公司
1299 23254 3075104026108 北京瑞霖智达机电设备有限公司
1300 64327 8869103880328 北京网康科技有限公司