1 1 0005101201430
2 2 0005101775544
3 3 0009103045777
4 4 0014103428476
5 5 0023101009805
6 6 0033102564664
7 7 0046102102272
8 8 0052102937263
9 9 0070102992477
10 10 0076102765567
11 11 0079102380199
12 12 0079102753036
13 13 0079104183500
14 14 0081100023719
15 15 0088101051193
16 16 0092104291902
17 17 0094104301794
18 18 0108104290820
19 19 0111101015897
20 20 0124102580707
21 21 0126100607613
22 22 0132101638545
23 23 0134103686382
24 24 0137101463469
25 25 0141104244766
26 26 0159100803476
27 27 0159100952663
28 28 0160102029206
29 29 0160104250557
30 30 0161101548235
31 31 0163102388471
32 32 0167102998184
33 33 0168103971405
34 34 0181102806903
35 35 0187103338952
36 36 0190104290921
37 37 0196103723463
38 38 0206100533107
39 39 0208100380146
40 40 0216100659109
41 41 0219102180029
42 42 0221104245063
43 43 0230100520098
44 44 0243102541611
45 45 0245102312912
46 46 0255101889269
47 47 0257101073292
48 48 0278102349108
49 49 0281101247054
50 50 0327100674880
51 51 0334104228888
52 52 0335101192655
53 53 0339104248809
54 54 0341101279837
55 55 0355104011670
56 56 0356102672240
57 57 0357104109602
58 58 0363102948740
59 59 0367102925692
60 60 0376102529436
61 61 0379101234694
62 62 0381102699539
63 63 0398100425886
64 64 0400102455353
65 65 0400102504447
66 66 0400103938887
67 67 0408101239964
68 68 0413101779009
69 69 0416104292091
70 70 0435103581738
71 71 0436102555742
72 72 0442104222210
73 73 0449101906778
74 74 0459101497135
75 75 0460102214969
76 76 0471103790586
77 77 0472100023786
78 78 0474100774864
79 79 0480104229781
80 80 0490102019803
81 81 0497101892207
82 82 0512103701425
83 83 0519101896391
84 84 0519102386760
85 85 0522100386204
86 86 0522100817829
87 87 0524102639592
88 88 0526101032566
89 89 0528101462588
90 90 0529103432575
91 91 0539101180159
92 92 0539102328916
93 93 0553102104533
94 94 0564101635971
95 95 0565101003223
96 96 0565103001479
97 97 0574102306662
98 98 0575104302951
99 99 0576104283466
100 100 0580104204055
101 101 0584100524095
102 102 0588101967456
103 103 0593102123803
104 104 0596100747428
105 105 0623100261269
106 106 0633103190125
107 107 0646103357216
108 108 0648101280736
109 109 0650102280127
110 110 0663100410815
111 111 0668100235353
112 112 0669103076657
113 113 0676102610439
114 114 0687104193909
115 115 0688103550369
116 116 0704102260019
117 117 0708101734795
118 118 0708104241109
119 119 0708104249362
120 120 0709103220845
121 121 0710102943943
122 122 0715100030572
123 123 0717104259586
124 124 0718104302101
125 125 0720100503368
126 126 0720101646362
127 127 0720104236129
128 128 0720104301644
129 129 0724102261132
130 130 0725103363756
131 131 0728100587306
132 132 0736100069832
133 133 0741100230250
134 134 0743102273157
135 135 0753104019056
136 136 0760101765180
137 137 0771103857886
138 138 0771104272145
139 139 0775104288420
140 140 0780102057264
141 141 0787101234445
142 142 0788102038735
143 143 0789103273030
144 144 0789103935936
145 145 0792102896448
146 146 0794100117692
147 147 0797103020706
148 148 0802103821921
149 149 0805101755985
150 150 0805103354404
151 151 0810103323292
152 152 0812101743090
153 153 0816102930880
154 154 0818103205755
155 155 0821104231887
156 156 0835101413862
157 157 0836101595949
158 158 0844100132004
159 159 0849103984386
160 160 0851100023320
161 161 0856101373630
162 162 0857100746753
163 163 0857103194607
164 164 0864102330256
165 165 0867104207698
166 166 0882103334998
167 167 0888101830996
168 168 0898104242245
169 169 0915101365070
170 170 0920103584140
171 171 0925101627604
172 172 0934101853803
173 173 0941102937794
174 174 0948102470052
175 175 0959102525552
176 176 0967102224189
177 177 0970101797544
178 178 0976101847049
179 179 0981101824855
180 180 0989102593441
181 181 1000100426049
182 182 1006101320115
183 183 1014103489336
184 184 1017100997981
185 185 1028103480189
186 186 1030103056404
187 187 1031101824170
188 188 1035101096630
189 189 1050104270651
190 190 1051100253310
191 191 1051101817870
192 192 1055104201887
193 193 1056101809650
194 194 1059101522064
195 195 1062102427641
196 196 1087102145119
197 197 1089103162313
198 198 1090101821609
199 199 1093103689704
200 200 1102104277102
201 201 1118100671451
202 202 1119102764263
203 203 1130103696603
204 204 1141101479546
205 205 1146100364687
206 206 1156102290929
207 207 1161100878287
208 208 1178103628387
209 209 1185103807140
210 210 1186101792335
211 211 1206101715336
212 212 1208104294537
213 213 1214104290009
214 214 1226100574733
215 215 1230100915013
216 216 1249101129777
217 217 1253103150558
218 218 1256101274177
219 219 1276104288625
220 220 1283104074173
221 221 1286101737566
222 222 1286103126195
223 223 1294101632109
224 224 1304103119640
225 225 1307102042257
226 226 1318102934375
227 227 1319101353215
228 228 1321100617775
229 229 1328104301174
230 230 1329104246052
231 231 1334100445261
232 232 1336102985122
233 233 1346101556916
234 234 1348101401274
235 235 1353102269215
236 236 1357104186654
237 237 1391101806933
238 238 1392103772318
239 239 1401100363598
240 240 1401100513870
241 241 1432103780968
242 242 1436103836118
243 243 1445103407380
244 244 1450102462173
245 245 1483100557115
246 246 1485103137650
247 247 1488101131415
248 248 1488102449254
249 249 1489104231418
250 250 1495102589167
251 251 1500101907689
252 252 1505103015504
253 253 1515104271885
254 254 1528102603426
255 255 1537103010971
256 256 1545104302686
257 257 1554103806612
258 258 1565101739210
259 259 1566102932128
260 260 1577100353719
261 261 1580104027677
262 262 1588102090676
263 263 1591103923338
264 264 1604100847988
265 265 1608100091644
266 266 1608104284875
267 267 1614100856539
268 268 1619103287551
269 269 1623103061356
270 270 1625102197344
271 271 1636100229448
272 272 1637102231951
273 273 1637102917204
274 274 1642101467901
275 275 1643102183780
276 276 1650101721742
277 277 1655103513721
278 278 1657104211581
279 279 1665100670963
280 280 1666103250747
281 281 1668102178516
282 282 1671104273000
283 283 1672102960129
284 284 1673103761672
285 285 1677100097001
286 286 1680103911722
287 287 1686102834528
288 288 1689103608289
289 289 1704101096336
290 290 1716102380851
291 291 1718102431173
292 292 1728103152519
293 293 1729101904812
294 294 1735102355259
295 295 1739100122614
296 296 1740103110197
297 297 1745100628774
298 298 1745101158675
299 299 1750101151827
300 300 1753103769497
301 301 1753103970303
302 302 1753104147201
303 303 1756104246952
304 304 1758100386657
305 305 1760102381744
306 306 1771103061468
307 307 1774104176846
308 308 1780104255705
309 309 1782103122775
310 310 1782104278470
311 311 1783100033226
312 312 1791102336893
313 313 1798103083238
314 314 1798104236346
315 315 1800103142484
316 316 1805104171060
317 317 1815103948738
318 318 1827103467829
319 319 1830101692322
320 320 1833104210589
321 321 1835101107774
322 322 1835101303747
323 323 1838100457846
324 324 1851100052893
325 325 1851101937162
326 326 1855102354980
327 327 1859102000802
328 328 1877104285190
329 329 1881103732932
330 330 1885104058812
331 331 1887102103689
332 332 1897103520653
333 333 1899101476143
334 334 1901100419646
335 335 1911100479799
336 336 1912102903039
337 337 1915102866179
338 338 1918102950035
339 339 1923102453047
340 340 1926100600721
341 341 1931100400651
342 342 1937100983574
343 343 1943100191099
344 344 1949104280873
345 345 1952101103152
346 346 1963104209756
347 347 1972101432926
348 348 1973104255790
349 349 1985104046974
350 350 1989102043955
351 351 1990100429441
352 352 1991102818545
353 353 1995101154100
354 354 2004102247291
355 355 2015101720734
356 356 2016101630595
357 357 2017103583127
358 358 2022104001026
359 359 2034102230003
360 360 2039102949193
361 361 2040104248218
362 362 2042104189560
363 363 2059102991695
364 364 2060104032449
365 365 2062104287748
366 366 2063100462515
367 367 2067102846156
368 368 2079103995704
369 369 2083104048404
370 370 2092103017491
371 371 2098102028893
372 372 2098103880937
373 373 2099100835728
374 374 2102101304360
375 375 2102104293951
376 376 2106103606268
377 377 2107104298073
378 378 2108104190236
379 379 2116102955262
380 380 2121101686962
381 381 2132103062696
382 382 2148102192429
383 383 2151102714978
384 384 2168104160033
385 385 2176102028312
386 386 2178103011648
387 387 2182104291565
388 388 2188103554592
389 389 2191102170578
390 390 2191102274593
391 391 2194101960392
392 392 2196103467218
393 393 2196103562671
394 394 2197103234093
395 395 2203103744094
396 396 2204102519555
397 397 2210103638149
398 398 2223101020618
399 399 2226101364877
400 400 2230101590363
401 401 2240103164849
402 402 2240104303913
403 403 2248100774305
404 404 2252102951478
405 405 2265104287448
406 406 2266102684099
407 407 2275103558588
408 408 2291102442527
409 409 2297104220137
410 410 2301102015863
411 411 2304102075575
412 412 2317103874512
413 413 2324103046796
414 414 2326103529824
415 415 2328102313365
416 416 2329104284989
417 417 2330101316032
418 418 2330101781430
419 419 2332103293645
420 420 2333102236356
421 421 2346104095085
422 422 2352104291957
423 423 2363102853169
424 424 2369102749455
425 425 2370100383409
426 426 2390104256645
427 427 2392102180773
428 428 2393101615901
429 429 2401101105003
430 430 2402102756970
431 431 2414100993997
432 432 2416104017546
433 433 2428102518019
434 434 2429103438843
435 435 2431104284608
436 436 2434103756705
437 437 2437103008125
438 438 2446101016965
439 439 2465100816538
440 440 2465100974863
441 441 2474102901951
442 442 2488103223911
443 443 2498104224387
444 444 2502103350611
445 445 2502103949453
446 446 2505102313756
447 447 2507102108702
448 448 2513103692983
449 449 2520101638478
450 450 2522101354783
451 451 2524102766626
452 452 2529103857856
453 453 2534103004913
454 454 2542104235878
455 455 2562100949979
456 456 2577100167008
457 457 2588103658027
458 458 2589103482682
459 459 2591101960514
460 460 2591104295097
461 461 2595100983435
462 462 2616101228325
463 463 2617103531983
464 464 2623102861876
465 465 2625104249013
466 466 2626103572804
467 467 2628101954599
468 468 2632103122647
469 469 2642104268014
470 470 2645104285037
471 471 2648100563044
472 472 2656102789687
473 473 2663101830152
474 474 2673100476877
475 475 2675103416624
476 476 2676104303378
477 477 2677104142417
478 478 2677104215398
479 479 2681102388064
480 480 2682102937937
481 481 2696103289555
482 482 2699101572873
483 483 2705101750628
484 484 2708100287625
485 485 2709104027660
486 486 2715100420792
487 487 2724102316164
488 488 2735103415814
489 489 2739102601814
490 490 2739103835388
491 491 2741102617850
492 492 2742104228007
493 493 2743103122032
494 494 2751104117343
495 495 2755101766116
496 496 2760104209917
497 497 2765103570075
498 498 2767101327280
499 499 2768102027935
500 500 2769101273010
501 501 2771102465677
502 502 2773103213797
503 503 2785103728410
504 504 2793104235583
505 505 2794103828358
506 506 2801102170406
507 507 2807102280705
508 508 2808102124980
509 509 2817100840596
510 510 2817103527627
511 511 2818101025427
512 512 2818104235997
513 513 2820103092081
514 514 2828101677279
515 515 2828104258841
516 516 2830100121899
517 517 2830100543169
518 518 2830103288673
519 519 2835101427747
520 520 2839101381498
521 521 2846103711274
522 522 2847102532733
523 523 2849100445065
524 524 2850104132017
525 525 2861103254758
526 526 2872101751128
527 527 2872104278177
528 528 2874104235105
529 529 2875100430080
530 530 2881104213733
531 531 2883102467789
532 532 2894102320677
533 533 2918101177760
534 534 2918104240423
535 535 2924101616770
536 536 2930104252991
537 537 2933104087453
538 538 2937100061965
539 539 2938103221915
540 540 2946102883735
541 541 2946104199005
542 542 2953104293444
543 543 2954101926866
544 544 2962101554277
545 545 2972103344722
546 546 2975101703015
547 547 2983103425594
548 548 2984104275662
549 549 3001103276120
550 550 3005102357319
551 551 3011102196410
552 552 3014103007243
553 553 3019104235382
554 554 3022100902358
555 555 3032103281152
556 556 3033104223256
557 557 3042102849068
558 558 3043100957055
559 559 3043103537110
560 560 3048104244651
561 561 3050104217370
562 562 3053100800437
563 563 3066103724695
564 564 3066104048422
565 565 3073101495406
566 566 3073102520985
567 567 3097103292791
568 568 3098103195707
569 569 3107104066216
570 570 3112101876457
571 571 3116102355590
572 572 3119104068506
573 573 3121104255259
574 574 3122101014256
575 575 3128101422514
576 576 3128104178907
577 577 3143101096797
578 578 3151103080853
579 579 3159102071190
580 580 3160101589617
581 581 3164104284513
582 582 3165101256524
583 583 3175103905946
584 584 3179104212119
585 585 3184101731379
586 586 3213102784898
587 587 3213102981206
588 588 3215101854863
589 589 3218103752860
590 590 3221101770582
591 591 3232102332731
592 592 3238104291648
593 593 3260101406381
594 594 3265102550922
595 595 3268104257106
596 596 3279102966326
597 597 3280102273832
598 598 3285104247783
599 599 3289101867970
600 600 3292100019420
601 601 3298103400603
602 602 3301103055426
603 603 3303101941991
604 604 3303102131918
605 605 3304103930728
606 606 3326101458135
607 607 3328103216659
608 608 3329100319488
609 609 3330101925072
610 610 3330102013232
611 611 3331100841888
612 612 3333102694081
613 613 3348101058893
614 614 3353101425450
615 615 3353104291945
616 616 3355101815543
617 617 3360104229433
618 618 3365104230250
619 619 3366101563250
620 620 3373102562883
621 621 3383101543961
622 622 3385103659911
623 623 3387101438998
624 624 3390103667217
625 625 3401104075284
626 626 3417101172577
627 627 3425104291991
628 628 3431101241172
629 629 3431103350442
630 630 3435104183407
631 631 3447104185232
632 632 3452102480945
633 633 3457103733036
634 634 3465103919871
635 635 3466102658787
636 636 3474103588939
637 637 3475101295901
638 638 3476103812417
639 639 3485101984186
640 640 3486104259846
641 641 3497101495147
642 642 3498100442270
643 643 3499100650477
644 644 3510101833700
645 645 3512102752851
646 646 3514103429930
647 647 3515104225076
648 648 3517101812096
649 649 3519102650740
650 650 3522101447986
651 651 3524104214079
652 652 3526102473192
653 653 3532102753903
654 654 3537104182681
655 655 3546101442759
656 656 3558103520514
657 657 3573100415287
658 658 3584101005179
659 659 3586104168798
660 660 3588103915986
661 661 3594102022337
662 662 3596104184784
663 663 3599103898865
664 664 3603104167615
665 665 3604103574495
666 666 3613103080864
667 667 3615103422189
668 668 3616104286503
669 669 3625102795437
670 670 3626102627093
671 671 3628103710045
672 672 3636101659112
673 673 3637100354502
674 674 3651102439739
675 675 3667100043839
676 676 3670104291414
677 677 3688104034545
678 678 3690101990193
679 679 3697103018404
680 680 3698103906121
681 681 3700103287757
682 682 3707104285086
683 683 3708103032743
684 684 3708103064189
685 685 3708103381595
686 686 3710101655485
687 687 3722104269345
688 688 3731101710714
689 689 3735104176730
690 690 3736102673249
691 691 3750100122623
692 692 3753103749892
693 693 3756104187012
694 694 3758103113966
695 695 3768102325635
696 696 3774104290417
697 697 3784100401373
698 698 3797102451177
699 699 3805101637724
700 700 3810104301576
701 701 3811103944255
702 702 3812102595590
703 703 3825100032718
704 704 3826102950084
705 705 3833103328653
706 706 3836100267981
707 707 3836103461223
708 708 3838103348342
709 709 3842101291274
710 710 3849104230230
711 711 3851101326309
712 712 3852103585082
713 713 3860102106488
714 714 3860102672385
715 715 3864100094103
716 716 3870103731729
717 717 3873103066352
718 718 3873103340180
719 719 3875101888781
720 720 3891103940641
721 721 3893101193953
722 722 3894102279437
723 723 3900100392916
724 724 3906103985457
725 725 3910103693269
726 726 3913101716076
727 727 3915100785183
728 728 3919101309213
729 729 3919103540494
730 730 3920103355436
731 731 3924102867134
732 732 3924102918170
733 733 3926103314684
734 734 3927101896129
735 735 3927103046647
736 736 3929104229027
737 737 3931104217919
738 738 3932103232794
739 739 3934102173159
740 740 3938104205525
741 741 3942103025011
742 742 3943100147356
743 743 3944101192331
744 744 3946101820190
745 745 3952102454813
746 746 3953103459701
747 747 3953104285699
748 748 3956100924673
749 749 3956100971916
750 750 3957101776245
751 751 3969104254749
752 752 3976100969837
753 753 3980103302427
754 754 3983102336366
755 755 3985104249926
756 756 3987102359205
757 757 3988101207429
758 758 3989102650328
759 759 4006102360561
760 760 4010102133505
761 761 4026100943959
762 762 4035104129799
763 763 4042100102181
764 764 4048101131973
765 765 4049102190699
766 766 4051100944236
767 767 4051103198078
768 768 4052103981715
769 769 4053101739118
770 770 4056101332087
771 771 4061101632479
772 772 4075103700609
773 773 4079101529144
774 774 4083103442377
775 775 4085104302046
776 776 4086101009845
777 777 4086103250173
778 778 4093100953665
779 779 4105100732001
780 780 4112102563501
781 781 4116100951134
782 782 4126101998810
783 783 4129103825847
784 784 4130102618851
785 785 4148102356282
786 786 4154100860927
787 787 4164100129219
788 788 4180104183923
789 789 4188101044656
790 790 4193103647988
791 791 4194101844679
792 792 4194103656366
793 793 4195103859912
794 794 4198104302679
795 795 4202102053253
796 796 4208102971560
797 797 4217101823667
798 798 4220104256679
799 799 4228102852849
800 800 4234103283619
801 801 4241101319440
802 802 4243103129286
803 803 4248100052218
804 804 4250103404933
805 805 4268102186999
806 806 4268102228124
807 807 4279102866387
808 808 4286102339080
809 809 4293102917896
810 810 4294104282836
811 811 4298103236054
812 812 4300102387667
813 813 4314103724085
814 814 4324103559336
815 815 4325104135980
816 816 4332100310728
817 817 4353100831223
818 818 4356100126598
819 819 4356103288286
820 820 4368101877966
821 821 4372100067751
822 822 4373102388474
823 823 4377104126288
824 824 4387100830898
825 825 4404104211756
826 826 4406101297243
827 827 4408100848980
828 828 4410103183653
829 829 4412101978386
830 830 4420101834519
831 831 4421103077816
832 832 4423103179900
833 833 4427100923738
834 834 4437102002330
835 835 4438103866601
836 836 4440101069119
837 837 4448100681273
838 838 4449101492076
839 839 4449104162324
840 840 4453100228403
841 841 4461103211236
842 842 4463100227005
843 843 4467104286918
844 844 4477102185726
845 845 4479103481282
846 846 4495101775576
847 847 4495102058426
848 848 4499104159032
849 849 4505103914415
850 850 4506101809218
851 851 4547101898113
852 852 4548103725471
853 853 4562103036403
854 854 4595101946877
855 855 4598100358580
856 856 4598103363608
857 857 4611101615912
858 858 4614103900179
859 859 4620101099789
860 860 4624102929099
861 861 4624103458927
862 862 4626102503852
863 863 4633103018431
864 864 4643101977870
865 865 4646103140381
866 866 4647104302476
867 867 4662100970294
868 868 4676103671929
869 869 4683103179876
870 870 4690102838729
871 871 4692104272726
872 872 4698104030118
873 873 4701103600800
874 874 4704100274994
875 875 4710103827605
876 876 4713100202757
877 877 4717101087532
878 878 4727100191795
879 879 4730102249826
880 880 4730103569178
881 881 4740102798360
882 882 4751100663433
883 883 4753102125615
884 884 4753102532423
885 885 4766101374185
886 886 4777103249434
887 887 4781102629452
888 888 4792101381328
889 889 4792104200936
890 890 4793101844861
891 891 4794101795754
892 892 4795104290188
893 893 4800102409146
894 894 4809101000037
895 895 4810104265938
896 896 4812101700326
897 897 4815104249577
898 898 4827104105034
899 899 4833103581183
900 900 4834103136595
901 901 4835100827676
902 902 4837101777236
903 903 4837102221584
904 904 4859103975237
905 905 4868103157335
906 906 4873104133512
907 907 4880104288726
908 908 4885101651018
909 909 4887102136928
910 910 4889103352249
911 911 4901102717810
912 912 4902102499505
913 913 4908102825075
914 914 4909104218067
915 915 4910101637699
916 916 4915103382136
917 917 4922102134721
918 918 4934103579649
919 919 4936102914320
920 920 4938101151931
921 921 4940101944854
922 922 4942104145423
923 923 4945102086408
924 924 4953103144098
925 925 4954103840205
926 926 4958101925800
927 927 4978103212026
928 928 4985102719222
929 929 4987100626731
930 930 4989104287978
931 931 5009100719595
932 932 5010104203652
933 933 5011103240542
934 934 5015100746746
935 935 5016103951729
936 936 5020103464104
937 937 5020104290200
938 938 5025104265764
939 939 5026102120075
940 940 5029103556516
941 941 5033103072365
942 942 5035104186141
943 943 5045104255443
944 944 5049101452050
945 945 5050104225549
946 946 5055104203983
947 947 5057104057925
948 948 5059103734191
949 949 5064102134549
950 950 5066103097204
951 951 5077102436979
952 952 5083102537508
953 953 5084104297778
954 954 5091101233181
955 955 5097103140256
956 956 5108102314987
957 957 5109101777417
958 958 5109101975041
959 959 5110101155489
960 960 5110103668864
961 961 5118102557288
962 962 5122103355789
963 963 5125101748521
964 964 5125102841187
965 965 5133104279353
966 966 5164103572161
967 967 5185101586579
968 968 5190103702632
969 969 5191101977910
970 970 5195103484802
971 971 5198101673203
972 972 5199102785017
973 973 5201101218741
974 974 5202102138324
975 975 5207102033500
976 976 5219104043052
977 977 5222104283085
978 978 5223100217957
979 979 5224103179453
980 980 5226103065077
981 981 5227101216581
982 982 5242101955552
983 983 5252100082002
984 984 5256103186786
985 985 5259101934516
986 986 5267102172047
987 987 5287103264216
988 988 5292103091208
989 989 5298103064236
990 990 5300100930271
991 991 5308101761354
992 992 5309103031922
993 993 5315101545466
994 994 5325101151262
995 995 5325104078526
996 996 5328103412643
997 997 5336104302802
998 998 5337100970653
999 999 5339103317219
1000 1000 5340103447449
1001 1001 5352102834931
1002 1002 5357102969227
1003 1003 5359104281263
1004 1004 5374101107483
1005 1005 5378100832003
1006 1006 5383102472502
1007 1007 5386101118162
1008 1008 5390100841714
1009 1009 5392103761329
1010 1010 5411104022378
1011 1011 5421101332370
1012 1012 5422102263259
1013 1013 5423102356295
1014 1014 5428102467196
1015 1015 5441103345227
1016 1016 5452103742546
1017 1017 5459102382901
1018 1018 5460100752551
1019 1019 5472103505060
1020 1020 5477104111126
1021 1021 5480103693374
1022 1022 5498101803400
1023 1023 5502101564371
1024 1024 5508101973958
1025 1025 5510100374273
1026 1026 5519103733270
1027 1027 5526104248264
1028 1028 5530101230028
1029 1029 5542103379805
1030 1030 5546103125560
1031 1031 5547101001999
1032 1032 5547101133299
1033 1033 5547101728885
1034 1034 5557103280922
1035 1035 5559100794530
1036 1036 5564100607399
1037 1037 5578100534987
1038 1038 5593103686218
1039 1039 5594102898085
1040 1040 5605103686603
1041 1041 5607102261014
1042 1042 5608102207855
1043 1043 5616102424267
1044 1044 5619101946197
1045 1045 5619102199044
1046 1046 5623102381520
1047 1047 5624103112051
1048 1048 5629100784635
1049 1049 5629103512603
1050 1050 5636100436141
1051 1051 5636104291901
1052 1052 5645101102050
1053 1053 5646100731079
1054 1054 5647101527958
1055 1055 5647102570245
1056 1056 5654102209135
1057 1057 5661101466628
1058 1058 5661103371127
1059 1059 5662100874533
1060 1060 5667101896558
1061 1061 5672101248208
1062 1062 5677100452943
1063 1063 5680104077190
1064 1064 5691104251402
1065 1065 5693102890915
1066 1066 5695103271913
1067 1067 5697101565768
1068 1068 5697102328663
1069 1069 5698102653945
1070 1070 5700100163114
1071 1071 5703100593025
1072 1072 5705101358169
1073 1073 5709102881147
1074 1074 5715101887769
1075 1075 5718102874744
1076 1076 5722101670127
1077 1077 5727102081252
1078 1078 5729102994853
1079 1079 5736103409966
1080 1080 5738101692895
1081 1081 5741101599850
1082 1082 5744102213517
1083 1083 5748101933587
1084 1084 5775103435247
1085 1085 5779100849065
1086 1086 5781101237529
1087 1087 5784102819551
1088 1088 5788104213888
1089 1089 5801102219983
1090 1090 5802102490669
1091 1091 5804103420854
1092 1092 5808100824521
1093 1093 5811100847630
1094 1094 5817102203898
1095 1095 5821102823862
1096 1096 5824101237132
1097 1097 5834100507687
1098 1098 5840102925389
1099 1099 5843104232820
1100 1100 5851100985830
1101 1101 5856103186836
1102 1102 5860101144096
1103 1103 5875102575630
1104 1104 5879103002491
1105 1105 5879103205233
1106 1106 5885101751471
1107 1107 5890101282061
1108 1108 5893103235117
1109 1109 5912101813499
1110 1110 5913100775344
1111 1111 5924104060185
1112 1112 5925104259733
1113 1113 5941103669584
1114 1114 5942103829550
1115 1115 5944102345667
1116 1116 5945102612367
1117 1117 5948104022788
1118 1118 5957103913046
1119 1119 5960101856946
1120 1120 5960103403583
1121 1121 5967100237842
1122 1122 5968103449982
1123 1123 5972100468641
1124 1124 5972101845857
1125 1125 5975102042856
1126 1126 5975103753746
1127 1127 5993102562499
1128 1128 5998100375407
1129 1129 6002104238744
1130 1130 6003101201432
1131 1131 6015103531411
1132 1132 6016100606733
1133 1133 6016102526644
1134 1134 6028104276983
1135 1135 6046103299165
1136 1136 6062104254422
1137 1137 6066100440528
1138 1138 6069100838829
1139 1139 6069102800963
1140 1140 6073104292241
1141 1141 6075102996755
1142 1142 6077101614698
1143 1143 6078101189447
1144 1144 6079102361670
1145 1145 6083102534100
1146 1146 6105100097490
1147 1147 6107102977801
1148 1148 6119102963596
1149 1149 6126100555952
1150 1150 6126104276969
1151 1151 6134102830676
1152 1152 6135103270970
1153 1153 6149102495555
1154 1154 6156104182334
1155 1155 6162103429838
1156 1156 6168102871830
1157 1157 6171103938069
1158 1158 6173102185390
1159 1159 6198104272302
1160 1160 6207101781466
1161 1161 6212102615473
1162 1162 6213103259317
1163 1163 6214102377806
1164 1164 6217101410631
1165 1165 6218103485279
1166 1166 6220102976725
1167 1167 6220104296978
1168 1168 6229100639747
1169 1169 6231100334064
1170 1170 6232104196378
1171 1171 6234103576298
1172 1172 6239101019754
1173 1173 6246104205155
1174 1174 6263104225647
1175 1175 6265100944181
1176 1176 6271102737257
1177 1177 6295103481850
1178 1178 6298101356038
1179 1179 6308102546951
1180 1180 6312103655806
1181 1181 6313102936464
1182 1182 6328100317445
1183 1183 6331104169341
1184 1184 6335103554604
1185 1185 6341103468640
1186 1186 6349102883895
1187 1187 6351102570328
1188 1188 6370102710632
1189 1189 6387104247496
1190 1190 6397102407787
1191 1191 6399102792464
1192 1192 6401101752699
1193 1193 6412100337863
1194 1194 6418101949562
1195 1195 6418102248401
1196 1196 6418103107103
1197 1197 6435100177418
1198 1198 6440101495562
1199 1199 6445102675725
1200 1200 6449103357402
1201 1201 6454102699854
1202 1202 6463104277142
1203 1203 6465103087537
1204 1204 6470104290419
1205 1205 6472104221853
1206 1206 6473101055577
1207 1207 6481100460209
1208 1208 6484101069983
1209 1209 6486104256959
1210 1210 6490103910594
1211 1211 6493101510633
1212 1212 6494101320078
1213 1213 6495102271559
1214 1214 6498101824287
1215 1215 6502104285081
1216 1216 6505103192632
1217 1217 6517104210401
1218 1218 6522103557146
1219 1219 6535100807372
1220 1220 6538102192901
1221 1221 6543103152998
1222 1222 6549104276726
1223 1223 6555104134770
1224 1224 6557100138350
1225 1225 6562102488468
1226 1226 6562104185781
1227 1227 6563101586823
1228 1228 6573100991106
1229 1229 6581101513354
1230 1230 6595104198134
1231 1231 6601103309273
1232 1232 6607104281418
1233 1233 6609104276480
1234 1234 6610103778754
1235 1235 6614104281077
1236 1236 6625100115330
1237 1237 6627101725613
1238 1238 6631103033264
1239 1239 6635101546611
1240 1240 6638102688483
1241 1241 6639100360111
1242 1242 6643104302021
1243 1243 6655104288173
1244 1244 6664101721550
1245 1245 6670100013470
1246 1246 6671101130143
1247 1247 6676104163756
1248 1248 6688101405739
1249 1249 6697100533179
1250 1250 6697101630057
1251 1251 6699103124330
1252 1252 6706103032404
1253 1253 6710103528329
1254 1254 6717102672882
1255 1255 6724100930209
1256 1256 6731101401155
1257 1257 6732101246782
1258 1258 6744102041777
1259 1259 6760101523690
1260 1260 6764103137706
1261 1261 6777101422409
1262 1262 6780103230651
1263 1263 6793103359838
1264 1264 6799104167013
1265 1265 6805101897401
1266 1266 6814102801158
1267 1267 6824103193875
1268 1268 6825103096399
1269 1269 6835102898573
1270 1270 6836103850765
1271 1271 6837102076362
1272 1272 6843104285541
1273 1273 6848100719612
1274 1274 6856103941732
1275 1275 6876104222424
1276 1276 6877104258281
1277 1277 6882101220076
1278 1278 6883102298655
1279 1279 6900104266543
1280 1280 6915102954531
1281 1281 6917101101509
1282 1282 6922100429770
1283 1283 6928104225238
1284 1284 6938102093423
1285 1285 6944104241279
1286 1286 6954102188084
1287 1287 6964104288223
1288 1288 6965101544655
1289 1289 6968100942345
1290 1290 6983103273070
1291 1291 6983104225484
1292 1292 6987103141517
1293 1293 6993102064807
1294 1294 7000103953715
1295 1295 7003102658946
1296 1296 7012103662103
1297 1297 7013101495899
1298 1298 7016101382223
1299 1299 7017102492067
1300 1300 7017103261526
1301 1301 7025101980349
1302 1302 7026103936324
1303 1303 7036103273726
1304 1304 7040104261018
1305 1305 7050104178913
1306 1306 7051103678161
1307 1307 7055102863705
1308 1308 7056103370015
1309 1309 7056103439178
1310 1310 7063101794248
1311 1311 7088100190424
1312 1312 7088102848122
1313 1313 7089102571635
1314 1314 7090101584135
1315 1315 7091103139515
1316 1316 7092101120647
1317 1317 7102104247060
1318 1318 7104103548702
1319 1319 7114104285483
1320 1320 7116101212199
1321 1321 7127101454079
1322 1322 7130102460658
1323 1323 7138100827345
1324 1324 7145103069300
1325 1325 7150102700778
1326 1326 7164101394125
1327 1327 7164104275312
1328 1328 7167103635542
1329 1329 7170100074089
1330 1330 7185103344556
1331 1331 7198103527966
1332 1332 7231101189651
1333 1333 7231103225265
1334 1334 7232104246931
1335 1335 7234103055211
1336 1336 7240102531193
1337 1337 7240104269339
1338 1338 7241102270939
1339 1339 7242101056427
1340 1340 7242101519546
1341 1341 7242101767671
1342 1342 7242102092839
1343 1343 7242102176955
1344 1344 7244103233419
1345 1345 7265104221475
1346 1346 7271102213188
1347 1347 7271104213628
1348 1348 7279100727657
1349 1349 7285104264481
1350 1350 7290102089903
1351 1351 7296103560392
1352 1352 7310104053225
1353 1353 7314100197678
1354 1354 7317101820686
1355 1355 7320104079546
1356 1356 7326101648665
1357 1357 7331100176653
1358 1358 7332104289534
1359 1359 7333104259130
1360 1360 7335103064702
1361 1361 7336100863493
1362 1362 7343104278330
1363 1363 7344102147558
1364 1364 7351104188385
1365 1365 7352103473122
1366 1366 7390100782596
1367 1367 7397102645911
1368 1368 7407104224859
1369 1369 7407104231295
1370 1370 7408100361052
1371 1371 7420100135896
1372 1372 7422102060163
1373 1373 7429104015142
1374 1374 7435101274100
1375 1375 7442103237684
1376 1376 7445104120226
1377 1377 7456103321180
1378 1378 7463101089064
1379 1379 7463104302344
1380 1380 7466100302290
1381 1381 7469101881187
1382 1382 7478100986307
1383 1383 7483102916135
1384 1384 7486102977474
1385 1385 7488101354642
1386 1386 7491101476308
1387 1387 7492103331411
1388 1388 7499103539127
1389 1389 7504100161396
1390 1390 7511104299095
1391 1391 7521104199986
1392 1392 7529101122077
1393 1393 7531102931496
1394 1394 7532102380579
1395 1395 7543104258090
1396 1396 7552104265731
1397 1397 7554103575652
1398 1398 7570100668389
1399 1399 7572100313986
1400 1400 7575102615884
1401 1401 7589102160780
1402 1402 7598101019178
1403 1403 7606103049913
1404 1404 7611101492424
1405 1405 7616103477028
1406 1406 7618100312668
1407 1407 7628102460411
1408 1408 7628103943100
1409 1409 7639101853501
1410 1410 7639103290309
1411 1411 7639103453803
1412 1412 7642100147260
1413 1413 7642101742344
1414 1414 7645101150102
1415 1415 7650101694099
1416 1416 7652100116308
1417 1417 7658103208096
1418 1418 7665102865915
1419 1419 7673104001763
1420 1420 7675101886272
1421 1421 7679101449209
1422 1422 7679104285249
1423 1423 7681103579899
1424 1424 7685102508758
1425 1425 7694103239896
1426 1426 7707100927487
1427 1427 7710101977031
1428 1428 7726103478083
1429 1429 7738103070249
1430 1430 7754104283920
1431 1431 7759101800353
1432 1432 7759103485403
1433 1433 7765100814909
1434 1434 7770100446522
1435 1435 7771104154207
1436 1436 7772102237455
1437 1437 7775103689651
1438 1438 7777104238479
1439 1439 7787101101934
1440 1440 7788102082230
1441 1441 7801100339978
1442 1442 7804103527146
1443 1443 7806103337650
1444 1444 7812103037888
1445 1445 7813103711529
1446 1446 7815102728672
1447 1447 7824103327816
1448 1448 7830100830448
1449 1449 7836104289644
1450 1450 7837103090549
1451 1451 7838102841195
1452 1452 7840101810569
1453 1453 7841103365750
1454 1454 7843104260664
1455 1455 7845103360551
1456 1456 7846101007249
1457 1457 7846103128289
1458 1458 7850100726009
1459 1459 7851102946229
1460 1460 7853104231286
1461 1461 7855104290122
1462 1462 7856102245890
1463 1463 7868100577119
1464 1464 7881101844187
1465 1465 7887101771188
1466 1466 7898102952432
1467 1467 7902101673881
1468 1468 7904103114267
1469 1469 7907100172838
1470 1470 7908103826774
1471 1471 7910103863462
1472 1472 7916101344236
1473 1473 7919103403634
1474 1474 7919103430045
1475 1475 7922103503738
1476 1476 7927101314403
1477 1477 7934102197963
1478 1478 7938103128317
1479 1479 7957101833278
1480 1480 7959103411084
1481 1481 7963100566931
1482 1482 7987101538877
1483 1483 7991102711243
1484 1484 7994101114471
1485 1485 7995104251818
1486 1486 8006102799452
1487 1487 8007100054521
1488 1488 8012103666367
1489 1489 8019102700897
1490 1490 8026102701908
1491 1491 8037103666891
1492 1492 8038104258711
1493 1493 8050100683695
1494 1494 8055102347745
1495 1495 8063101606700
1496 1496 8071101438931
1497 1497 8075102820836
1498 1498 8095102277181
1499 1499 8099102263287
1500 1500 8117103126683
1501 1501 8118101819764
1502 1502 8130103175568
1503 1503 8131103195076
1504 1504 8142101647848
1505 1505 8147102146723
1506 1506 8150102848968
1507 1507 8167104279332
1508 1508 8169104081063
1509 1509 8182100597663
1510 1510 8189100159552
1511 1511 8191102543644
1512 1512 8206101172306
1513 1513 8206103772700
1514 1514 8211100532675
1515 1515 8212101508962
1516 1516 8216101383554
1517 1517 8216102144119
1518 1518 8221102786122
1519 1519 8224103181034
1520 1520 8226102489055
1521 1521 8228104291572
1522 1522 8233102129486
1523 1523 8236101667961
1524 1524 8239103387633
1525 1525 8242104254894
1526 1526 8245101835291
1527 1527 8247100572137
1528 1528 8254100888845
1529 1529 8257103023375
1530 1530 8260102066659
1531 1531 8265103143474
1532 1532 8267100580070
1533 1533 8283104246305
1534 1534 8289104292699
1535 1535 8290100717314
1536 1536 8302103856006
1537 1537 8319103634498
1538 1538 8323102140937
1539 1539 8324101388744
1540 1540 8330104144376
1541 1541 8340102760876
1542 1542 8340103437428
1543 1543 8342102978434
1544 1544 8346100598036
1545 1545 8350102496292
1546 1546 8353102589422
1547 1547 8360102330306
1548 1548 8369103187171
1549 1549 8371103731717
1550 1550 8372103754944
1551 1551 8376102316116
1552 1552 8378102205407
1553 1553 8385102012957
1554 1554 8387104020320
1555 1555 8396102986365
1556 1556 8400102079932
1557 1557 8404100449005
1558 1558 8408102738218
1559 1559 8417104300586
1560 1560 8425102556243
1561 1561 8436103775906
1562 1562 8443104290412
1563 1563 8447104228696
1564 1564 8464100360660
1565 1565 8465104216356
1566 1566 8467103018986
1567 1567 8472103270553
1568 1568 8479104290329
1569 1569 8490101063894
1570 1570 8493101851732
1571 1571 8501102770402
1572 1572 8502102101848
1573 1573 8505101962912
1574 1574 8508102997425
1575 1575 8520102846721
1576 1576 8523100649025
1577 1577 8525103370001
1578 1578 8529103385694
1579 1579 8530100751094
1580 1580 8548102361215
1581 1581 8551103287079
1582 1582 8566102123371
1583 1583 8569102083738
1584 1584 8584101475641
1585 1585 8587103580840
1586 1586 8588101897681
1587 1587 8595100639759
1588 1588 8610102600694
1589 1589 8620100937969
1590 1590 8622101151089
1591 1591 8634102330663
1592 1592 8642103571335
1593 1593 8647101050450
1594 1594 8649102609115
1595 1595 8651102830622
1596 1596 8663104274366
1597 1597 8665103000596
1598 1598 8669102744994
1599 1599 8672101081784
1600 1600 8675102934104
1601 1601 8687103398294
1602 1602 8688102684853
1603 1603 8689102936363
1604 1604 8692103550962
1605 1605 8705104283288
1606 1606 8706101381764
1607 1607 8711101741929
1608 1608 8730103074185
1609 1609 8730103479027
1610 1610 8731102298712
1611 1611 8757103029437
1612 1612 8766103671157
1613 1613 8769101647933
1614 1614 8772103070090
1615 1615 8774104246234
1616 1616 8775102071532
1617 1617 8776103408759
1618 1618 8776103702934
1619 1619 8779103412817
1620 1620 8781100905941
1621 1621 8782102264637
1622 1622 8782104290019
1623 1623 8787104288265
1624 1624 8795100584848
1625 1625 8800100766987
1626 1626 8805104263851
1627 1627 8827103674748
1628 1628 8853102778424
1629 1629 8860104234244
1630 1630 8872103176055
1631 1631 8878103764299
1632 1632 8879102512224
1633 1633 8881101670202
1634 1634 8881102884549
1635 1635 8886101144757
1636 1636 8889102559143
1637 1637 8899100950331
1638 1638 8900104156939
1639 1639 8904103378092
1640 1640 8907102665016
1641 1641 8913100979296
1642 1642 8925101187113
1643 1643 8926104067984
1644 1644 8927100347419
1645 1645 8931101548750
1646 1646 8932100543530
1647 1647 8933102820830
1648 1648 8937100952023
1649 1649 8945102989781
1650 1650 8948102903927
1651 1651 8950100949018
1652 1652 8952101344232
1653 1653 8962102321755
1654 1654 8966101275270
1655 1655 8969103146717
1656 1656 8976102576268
1657 1657 8979102177644
1658 1658 8980102076426
1659 1659 8983104081613
1660 1660 8987104250561
1661 1661 8992101748026
1662 1662 8995104262971
1663 1663 8997102514394
1664 1664 9004101399281
1665 1665 9005102145949
1666 1666 9013104292097
1667 1667 9015103274842
1668 1668 9020101128786
1669 1669 9028101996027
1670 1670 9032100034620
1671 1671 9040103314415
1672 1672 9056102078897
1673 1673 9066100443048
1674 1674 9070102852038
1675 1675 9071103808356
1676 1676 9075100951263
1677 1677 9084100382637
1678 1678 9093102233693
1679 1679 9095104237440
1680 1680 9100101769521
1681 1681 9107103948675
1682 1682 9113101565634
1683 1683 9121102526048
1684 1684 9122102901503
1685 1685 9130102553265
1686 1686 9135104230062
1687 1687 9136102591957
1688 1688 9139103716912
1689 1689 9145101360413
1690 1690 9157100127823
1691 1691 9159100729321
1692 1692 9160100196844
1693 1693 9161101591904
1694 1694 9162103966680
1695 1695 9164100962021
1696 1696 9169101619475
1697 1697 9173101214408
1698 1698 9180100117483
1699 1699 9180102899694
1700 1700 9180104207601
1701 1701 9183103566857
1702 1702 9184101107466
1703 1703 9188100553731
1704 1704 9188103916269
1705 1705 9193101719669
1706 1706 9199102240921
1707 1707 9201102760403
1708 1708 9201103238604
1709 1709 9202102737999
1710 1710 9208103126763
1711 1711 9215103816909
1712 1712 9223104211312
1713 1713 9231103829794
1714 1714 9239102375386
1715 1715 9241103930354
1716 1716 9243103088637
1717 1717 9258102208659
1718 1718 9259104188070
1719 1719 9263104284289
1720 1720 9266101131069
1721 1721 9269100387176
1722 1722 9269101409165
1723 1723 9271100597420
1724 1724 9277101242864
1725 1725 9280101777533
1726 1726 9286103383776
1727 1727 9286103555113
1728 1728 9299104291643
1729 1729 9304101542133
1730 1730 9311103469075
1731 1731 9314104292134
1732 1732 9318101855028
1733 1733 9320102556845
1734 1734 9320104284902
1735 1735 9329104024777
1736 1736 9330103320437
1737 1737 9335102304158
1738 1738 9336103590207
1739 1739 9342100229478
1740 1740 9345102200242
1741 1741 9354102668950
1742 1742 9369104160516
1743 1743 9371102086146
1744 1744 9373100409974
1745 1745 9373101527965
1746 1746 9378104262082
1747 1747 9404102789027
1748 1748 9411102819782
1749 1749 9432102088625
1750 1750 9441104294945
1751 1751 9460102895089
1752 1752 9461104276563
1753 1753 9479103002025
1754 1754 9484103953925
1755 1755 9495101801229
1756 1756 9495104057934
1757 1757 9498101121176
1758 1758 9498101135543
1759 1759 9498103592182
1760 1760 9501103495186
1761 1761 9503101051565
1762 1762 9504102880326
1763 1763 9508104140041
1764 1764 9509101086397
1765 1765 9513101592777
1766 1766 9523101301092
1767 1767 9528100898461
1768 1768 9530101107113
1769 1769 9531101583639
1770 1770 9543100974904
1771 1771 9546100573183
1772 1772 9546103104906
1773 1773 9547103766783
1774 1774 9559101117734
1775 1775 9559102092657
1776 1776 9559102785430
1777 1777 9576103419191
1778 1778 9581103717134
1779 1779 9582104155531
1780 1780 9583104058319
1781 1781 9588103559251
1782 1782 9593102834629
1783 1783 9601102157384
1784 1784 9619101845983
1785 1785 9624100745238
1786 1786 9625104264117
1787 1787 9628103503742
1788 1788 9629101897537
1789 1789 9639103911601
1790 1790 9641101894323
1791 1791 9643101736592
1792 1792 9648103521795
1793 1793 9654100248577
1794 1794 9654103335468
1795 1795 9658101776419
1796 1796 9659100697437
1797 1797 9682102963961
1798 1798 9710101987683
1799 1799 9734102085648
1800 1800 9735102512622
1801 1801 9741100786801
1802 1802 9744104132132
1803 1803 9752101740315
1804 1804 9752104291910
1805 1805 9756100309804
1806 1806 9778102063539
1807 1807 9787103027428
1808 1808 9788102323870
1809 1809 9801103248473
1810 1810 9805103408354
1811 1811 9806103414275
1812 1812 9812103479525
1813 1813 9813103218755
1814 1814 9820103348356
1815 1815 9825104289192
1816 1816 9827104151238
1817 1817 9828104241351
1818 1818 9830100980930
1819 1819 9834102561082
1820 1820 9836102369582
1821 1821 9844102375739
1822 1822 9857101806564
1823 1823 9861100580292
1824 1824 9862104225833
1825 1825 9868104227403
1826 1826 9869102435403
1827 1827 9876103304084
1828 1828 9880102836611
1829 1829 9880103220560
1830 1830 9886103668810
1831 1831 9887104088550
1832 1832 9891102940535
1833 1833 9894104245296
1834 1834 9901103260389
1835 1835 9905102424709
1836 1836 9910102949037
1837 1837 9916100134487
1838 1838 9920103592716
1839 1839 9930102486331
1840 1840 9931104212246
1841 1841 9932102623264
1842 1842 9932103413932
1843 1843 9934102669230
1844 1844 9936103801432
1845 1845 9938104251933
1846 1846 9939101429269
1847 1847 9944104064186
1848 1848 9946104145191
1849 1849 9951101602040
1850 1850 9951103125124
1851 1851 9970102504061
1852 1852 9974101329486
1853 1853 9976103295570
1854 1854 9991104204125
1855 1855 9993104302149