1 1 0010101346768
2 2 0016103179426
3 3 0023103709482
4 4 0036102493078
5 5 0040103705752
6 6 0044100084591
7 7 0054103608478
8 8 0055102984412
9 9 0065101917427
10 10 0085103163932
11 11 0087102632838
12 12 0092102858961
13 13 0095100648686
14 14 0102102354222
15 15 0104103634901
16 16 0105101522580
17 17 0123102316181
18 18 0124101979102
19 19 0126102849186
20 20 0145102284715
21 21 0162102159364
22 22 0165101385033
23 23 0170103329139
24 24 0180102957085
25 25 0180103613918
26 26 0182103460816
27 27 0185100516313
28 28 0186103592098
29 29 0188101927636
30 30 0200102751232
31 31 0200102958890
32 32 0206103653469
33 33 0208100227503
34 34 0212103026426
35 35 0237101188791
36 36 0237101842874
37 37 0240102096933
38 38 0258100387651
39 39 0266103300463
40 40 0279103053799
41 41 0289100606441
42 42 0290103299458
43 43 0294103016713
44 44 0296101342676
45 45 0297100424790
46 46 0307102355471
47 47 0313103684925
48 48 0314102506473
49 49 0322103553177
50 50 0325100454867
51 51 0340102333984
52 52 0350101045202
53 53 0350101628638
54 54 0350101936127
55 55 0350103498001
56 56 0352101974525
57 57 0363102974347
58 58 0364102839877
59 59 0365100701474
60 60 0370103722467
61 61 0379101573857
62 62 0381101133638
63 63 0384100962267
64 64 0396102686190
65 65 0400102549640
66 66 0406103698252
67 67 0409101968346
68 68 0413103097036
69 69 0440103611007
70 70 0444103055409
71 71 0454103473053
72 72 0459103155137
73 73 0466101451638
74 74 0472102951207
75 75 0484102531314
76 76 0490102323696
77 77 0500101679213
78 78 0508103139507
79 79 0516101607659
80 80 0522100564649
81 81 0559101470225
82 82 0562101266629
83 83 0569103192366
84 84 0572103461464
85 85 0578101820023
86 86 0598102185172
87 87 0606103021355
88 88 0607102268595
89 89 0611100460258
90 90 0612100470459
91 91 0615102494866
92 92 0619103263927
93 93 0633102941441
94 94 0635101427504
95 95 0647101760883
96 96 0658102236755
97 97 0660100029777
98 98 0666102682848
99 99 0667102547823
100 100 0681103158123
101 101 0691101521668
102 102 0699101011362
103 103 0702101637345
104 104 0706103703064
105 105 0722103556776
106 106 0729102292462
107 107 0732103503555
108 108 0734103291124
109 109 0752103583701
110 110 0759103107725
111 111 0760103706949
112 112 0776103718311
113 113 0777102196281
114 114 0780102236449
115 115 0786103703725
116 116 0796103329099
117 117 0796103463668
118 118 0809101299754
119 119 0815100349957
120 120 0817103644178
121 121 0819103669139
122 122 0842102173092
123 123 0849102188007
124 124 0855103498033
125 125 0870101849908
126 126 0876103525950
127 127 0877100002934
128 128 0894101861077
129 129 0913103156250
130 130 0916101245937
131 131 0920101528639
132 132 0924101360348
133 133 0931102296761
134 134 0932103312984
135 135 0942101523019
136 136 0945101664208
137 137 0954103054512
138 138 0961101310868
139 139 0964103456191
140 140 0970102956655
141 141 0976101646986
142 142 0979101948243
143 143 0982103459604
144 144 0989101838700
145 145 0989102324063
146 146 0989102587823
147 147 0991100815029
148 148 0995102572555
149 149 0996103710270
150 150 1009100662233
151 151 1019102602114
152 152 1025103588410
153 153 1029101657249
154 154 1032103038688
155 155 1036101749974
156 156 1037102417850
157 157 1059103010762
158 158 1063102403921
159 159 1076101694737
160 160 1079102403794
161 161 1082101266202
162 162 1088102463859
163 163 1093103603285
164 164 1101102192343
165 165 1103101776839
166 166 1120103569093
167 167 1122103403358
168 168 1127102089441
169 169 1133103640644
170 170 1135100041970
171 171 1139103568230
172 172 1142102149211
173 173 1155102658822
174 174 1158103605918
175 175 1161103080437
176 176 1163103212787
177 177 1169103572086
178 178 1171103645683
179 179 1172103417940
180 180 1175101791713
181 181 1181100574584
182 182 1189101798394
183 183 1202102512467
184 184 1209101395955
185 185 1216102293718
186 186 1216103451395
187 187 1223101102879
188 188 1224102332130
189 189 1235103029070
190 190 1259102380685
191 191 1268103174345
192 192 1276103200265
193 193 1285100108023
194 194 1290100736773
195 195 1302102184148
196 196 1310103692191
197 197 1323102438839
198 198 1325100779489
199 199 1332101850946
200 200 1338103691560
201 201 1344101583827
202 202 1359102691666
203 203 1363102094320
204 204 1368100528571
205 205 1375103036255
206 206 1376103652682
207 207 1403101188077
208 208 1403101868596
209 209 1404102454345
210 210 1426102932486
211 211 1436101324042
212 212 1445102621509
213 213 1451101578206
214 214 1465100897763
215 215 1465101445643
216 216 1473103654776
217 217 1488102041578
218 218 1503101262830
219 219 1505102192531
220 220 1509102727056
221 221 1511102191873
222 222 1513103500743
223 223 1524100746292
224 224 1530103482217
225 225 1542102445695
226 226 1548102295184
227 227 1551102856798
228 228 1557102904759
229 229 1557102995769
230 230 1560101391566
231 231 1564103238224
232 232 1566101657255
233 233 1569103707333
234 234 1575101734609
235 235 1579103445753
236 236 1581101349202
237 237 1584103657284
238 238 1586102134431
239 239 1589102099272
240 240 1589103335737
241 241 1596102633059
242 242 1618103669168
243 243 1622103577819
244 244 1623103064983
245 245 1632102879761
246 246 1641101474442
247 247 1654102871593
248 248 1654103611663
249 249 1665101661114
250 250 1667103338057
251 251 1673101219087
252 252 1677102011596
253 253 1703102058136
254 254 1723103661388
255 255 1726102820901
256 256 1730102693471
257 257 1747103691160
258 258 1751103085414
259 259 1759102192716
260 260 1783101273095
261 261 1792103176612
262 262 1800103467709
263 263 1804103548202
264 264 1816103063878
265 265 1817100226166
266 266 1819100829622
267 267 1832103419868
268 268 1839103698828
269 269 1841103163129
270 270 1846102985287
271 271 1864100862377
272 272 1866101928570
273 273 1869102099340
274 274 1874102322576
275 275 1885100940743
276 276 1886103243459
277 277 1900102681687
278 278 1905102963213
279 279 1907102175848
280 280 1921103604377
281 281 1931103603331
282 282 1932100899315
283 283 1935101431476
284 284 1938102699180
285 285 1986103288736
286 286 1989101690300
287 287 1993101870115
288 288 2000102349233
289 289 2012102685205
290 290 2023103179794
291 291 2026101501442
292 292 2026101639428
293 293 2030103483791
294 294 2048101922191
295 295 2053103344992
296 296 2063101983984
297 297 2065103475543
298 298 2075100097873
299 299 2087101488794
300 300 2104102146817
301 301 2108101783062
302 302 2115102400627
303 303 2123102450058
304 304 2146101965821
305 305 2161103720450
306 306 2168103471978
307 307 2172101390765
308 308 2175101903248
309 309 2197101407701
310 310 2202103717900
311 311 2209101153788
312 312 2215103641189
313 313 2219101001706
314 314 2220103304756
315 315 2228102668122
316 316 2239103706512
317 317 2245103594478
318 318 2249101590963
319 319 2259103308469
320 320 2264102267388
321 321 2265101608909
322 322 2272102891546
323 323 2274101390605
324 324 2280103332557
325 325 2294103596261
326 326 2295103276838
327 327 2299103439064
328 328 2300103711979
329 329 2303101804918
330 330 2328103108577
331 331 2341102612002
332 332 2344101976918
333 333 2347102402075
334 334 2349101215043
335 335 2349101403039
336 336 2349102077744
337 337 2356100940369
338 338 2356103558211
339 339 2365102590714
340 340 2370102834505
341 341 2397102653746
342 342 2397103640250
343 343 2399101506696
344 344 2403100072173
345 345 2403102981751
346 346 2406103266903
347 347 2413102209115
348 348 2419100892873
349 349 2423102029376
350 350 2430100820254
351 351 2431103321517
352 352 2439103662600
353 353 2447101867465
354 354 2447103280836
355 355 2454102950614
356 356 2462101587491
357 357 2465100200168
358 358 2474102252401
359 359 2480102368155
360 360 2495103642028
361 361 2505103651719
362 362 2515101659850
363 363 2525102671888
364 364 2538103175142
365 365 2555100805551
366 366 2556102751398
367 367 2565101629409
368 368 2565101781779
369 369 2582101522581
370 370 2608101227880
371 371 2613103152278
372 372 2616103209948
373 373 2626102668499
374 374 2657103706646
375 375 2660103667103
376 376 2662101765730
377 377 2669101821423
378 378 2673101875678
379 379 2705103225355
380 380 2716101924759
381 381 2720103056537
382 382 2720103195253
383 383 2722101649938
384 384 2732102688571
385 385 2743101178054
386 386 2744103702819
387 387 2758102690221
388 388 2759102004275
389 389 2762103701732
390 390 2779102876335
391 391 2780103644410
392 392 2789102334279
393 393 2803102539320
394 394 2829100881395
395 395 2831102222470
396 396 2832102284294
397 397 2834102528142
398 398 2836103709824
399 399 2841102325338
400 400 2842101467224
401 401 2846103148284
402 402 2855102213133
403 403 2859101338047
404 404 2863102954362
405 405 2865101042680
406 406 2866102928768
407 407 2890101258146
408 408 2904102519675
409 409 2911101718972
410 410 2914101907982
411 411 2915101484670
412 412 2916101973718
413 413 2918102799480
414 414 2950102616394
415 415 2953102576859
416 416 2957103725687
417 417 2960101863627
418 418 2971103345447
419 419 2974100164172
420 420 2979101895742
421 421 2990103119305
422 422 3010101271198
423 423 3016101626262
424 424 3016103040458
425 425 3021103091043
426 426 3028101792813
427 427 3039103507135
428 428 3041102470210
429 429 3045101140761
430 430 3048101723249
431 431 3049102430081
432 432 3057101295596
433 433 3060100085055
434 434 3063103482057
435 435 3067103099020
436 436 3085101982798
437 437 3085103099072
438 438 3092103252052
439 439 3119103243287
440 440 3119103361753
441 441 3126102869957
442 442 3132103127604
443 443 3139102149863
444 444 3144103223960
445 445 3149102077573
446 446 3158103312475
447 447 3159103705693
448 448 3161102808072
449 449 3163101030224
450 450 3163101567845
451 451 3165101932697
452 452 3166102936081
453 453 3172101717059
454 454 3176103648656
455 455 3182101858122
456 456 3185101108260
457 457 3187103680435
458 458 3189102371240
459 459 3191102409386
460 460 3198101271439
461 461 3203102413172
462 462 3210102745363
463 463 3217102430390
464 464 3217103209442
465 465 3221103643584
466 466 3225100177694
467 467 3228102252441
468 468 3235101788070
469 469 3235102703082
470 470 3238101509979
471 471 3247101022011
472 472 3250103714308
473 473 3251103474646
474 474 3268102645170
475 475 3282102188314
476 476 3286101837363
477 477 3294103723030
478 478 3299103587066
479 479 3313102583435
480 480 3318100864332
481 481 3324101500979
482 482 3327103622405
483 483 3328103419853
484 484 3329102262582
485 485 3373100136762
486 486 3376102968419
487 487 3381101032180
488 488 3385102990592
489 489 3396102353812
490 490 3397101336560
491 491 3402102678962
492 492 3404102294052
493 493 3416102844135
494 494 3449101042477
495 495 3456103635092
496 496 3460101766714
497 497 3470101049384
498 498 3470103621864
499 499 3483102398593
500 500 3493101583130
501 501 3501101380811
502 502 3509100056284
503 503 3529103715945
504 504 3531102975554
505 505 3538103669152
506 506 3544100826314
507 507 3559102370591
508 508 3565102975453
509 509 3572103588162
510 510 3583102881378
511 511 3611103707148
512 512 3613102532069
513 513 3617102535307
514 514 3620102624307
515 515 3630102731615
516 516 3632101881205
517 517 3635102810229
518 518 3648102638680
519 519 3649101112049
520 520 3665100470908
521 521 3682103477786
522 522 3683103675421
523 523 3692101589237
524 524 3699103353982
525 525 3705100154028
526 526 3711103342899
527 527 3712100081953
528 528 3715102058469
529 529 3742102933872
530 530 3752102218465
531 531 3755102324770
532 532 3765102922231
533 533 3770102462907
534 534 3782101580392
535 535 3785102495095
536 536 3790102543382
537 537 3793102951903
538 538 3794102689663
539 539 3794103243192
540 540 3826103634575
541 541 3832103631320
542 542 3841103713884
543 543 3850102421307
544 544 3861100929546
545 545 3865103380107
546 546 3876102490272
547 547 3877100644280
548 548 3878103592207
549 549 3879101676605
550 550 3913100966585
551 551 3920101964390
552 552 3924102513834
553 553 3925103604636
554 554 3926100083934
555 555 3931103242959
556 556 3938103688116
557 557 3957103404169
558 558 3965101942511
559 559 3968102895786
560 560 3969103256436
561 561 3976103222585
562 562 4008103711202
563 563 4021102314616
564 564 4024102570505
565 565 4026101091814
566 566 4040100968225
567 567 4045103672598
568 568 4050102051805
569 569 4050103267417
570 570 4060103512968
571 571 4066102098516
572 572 4067103139950
573 573 4078100418643
574 574 4089103173033
575 575 4090102381425
576 576 4094100575782
577 577 4104103325187
578 578 4104103533945
579 579 4119103650846
580 580 4120103166473
581 581 4122102338549
582 582 4131103057670
583 583 4156103708682
584 584 4162103349707
585 585 4174101200767
586 586 4175101475493
587 587 4176101894980
588 588 4183100483541
589 589 4188102720094
590 590 4209102324237
591 591 4211102233687
592 592 4213102540372
593 593 4238102719065
594 594 4246103220486
595 595 4248100937655
596 596 4257103564451
597 597 4262103384700
598 598 4263103713155
599 599 4280100353159
600 600 4284101709402
601 601 4284102010422
602 602 4298101240188
603 603 4304102095593
604 604 4312101517179
605 605 4313102252974
606 606 4314102046089
607 607 4320102847945
608 608 4334101877061
609 609 4352101787331
610 610 4362102764635
611 611 4368103553926
612 612 4387100233768
613 613 4401103402179
614 614 4404102089885
615 615 4410102729556
616 616 4415101726110
617 617 4425103182847
618 618 4433102484672
619 619 4437100991122
620 620 4437103653034
621 621 4442101432862
622 622 4458103590896
623 623 4474102960897
624 624 4478101655938
625 625 4485103200359
626 626 4495101664771
627 627 4498102954113
628 628 4500103589903
629 629 4508101935753
630 630 4510102053522
631 631 4513103231803
632 632 4514101773222
633 633 4515100075905
634 634 4516101579463
635 635 4520101910111
636 636 4522102331070
637 637 4525101828234
638 638 4531103090711
639 639 4543100376469
640 640 4546101933419
641 641 4563102805508
642 642 4583103462732
643 643 4585101256557
644 644 4605102662709
645 645 4605103630935
646 646 4618101920789
647 647 4619102333900
648 648 4622100043308
649 649 4657100867464
650 650 4658101500523
651 651 4660102377842
652 652 4665101404044
653 653 4666102276920
654 654 4667102179584
655 655 4668100714498
656 656 4671102108627
657 657 4675102973466
658 658 4676101278021
659 659 4687102534441
660 660 4689101108064
661 661 4725102831726
662 662 4736103620482
663 663 4746101758246
664 664 4760102115200
665 665 4768102773614
666 666 4770101551913
667 667 4773101630304
668 668 4778102557920
669 669 4790103034735
670 670 4791102733558
671 671 4792102123550
672 672 4795103025983
673 673 4805101945163
674 674 4813100532427
675 675 4819103576532
676 676 4823102307799
677 677 4827102554576
678 678 4831100514151
679 679 4837103612805
680 680 4886100053649
681 681 4890103622976
682 682 4893102243527
683 683 4901103720899
684 684 4902102922128
685 685 4915102204188
686 686 4923103716867
687 687 4933102181391
688 688 4941101815370
689 689 4953103607534
690 690 4987102124644
691 691 4991101310317
692 692 5003103052875
693 693 5011103638124
694 694 5026100912496
695 695 5038102266634
696 696 5041100369149
697 697 5045103594084
698 698 5054102376324
699 699 5055103314986
700 700 5059101672508
701 701 5076102105245
702 702 5077101860721
703 703 5083102685371
704 704 5090101788306
705 705 5105102430743
706 706 5108102249870
707 707 5130102255249
708 708 5134103678652
709 709 5136100498510
710 710 5136103162902
711 711 5141101253368
712 712 5153100825568
713 713 5162102280552
714 714 5166101567294
715 715 5167102078139
716 716 5169102657146
717 717 5172102869529
718 718 5189103674303
719 719 5194100771607
720 720 5212101196340
721 721 5216100664687
722 722 5216102810443
723 723 5219103597288
724 724 5224101193600
725 725 5225103295940
726 726 5226101858336
727 727 5228102255494
728 728 5230103023155
729 729 5235102168875
730 730 5235102644895
731 731 5245100240787
732 732 5246101207137
733 733 5247102017225
734 734 5253101587432
735 735 5257103307902
736 736 5272102910932
737 737 5288103661351
738 738 5289101905398
739 739 5291101853914
740 740 5296101221238
741 741 5298103433068
742 742 5301101863585
743 743 5305100653644
744 744 5310103132213
745 745 5322102210952
746 746 5329103330499
747 747 5342100532847
748 748 5350103212671
749 749 5352102795170
750 750 5364102903776
751 751 5365103718941
752 752 5369101746936
753 753 5371101651704
754 754 5372102436326
755 755 5372103021062
756 756 5382102693102
757 757 5383101818428
758 758 5393102924267
759 759 5398100811801
760 760 5406103355452
761 761 5407103633217
762 762 5412102728543
763 763 5441103189434
764 764 5451101736101
765 765 5460102882294
766 766 5475102458807
767 767 5477100014280
768 768 5480101710067
769 769 5488101097892
770 770 5491103288228
771 771 5493103627919
772 772 5497103619811
773 773 5508101272343
774 774 5516101843884
775 775 5519103708258
776 776 5528103634859
777 777 5528103710414
778 778 5534103575632
779 779 5538100495052
780 780 5563101802520
781 781 5564102524447
782 782 5582102601988
783 783 5587101695337
784 784 5595100801826
785 785 5595102728678
786 786 5599102121607
787 787 5605102604166
788 788 5616100260681
789 789 5635102296597
790 790 5638103412061
791 791 5650103504079
792 792 5651102292078
793 793 5653100509879
794 794 5656101503501
795 795 5698103138338
796 796 5706100222272
797 797 5712102782870
798 798 5732101907459
799 799 5744103147259
800 800 5752102868022
801 801 5758102158555
802 802 5759100212424
803 803 5763101593669
804 804 5763103426523
805 805 5773100851252
806 806 5773103703875
807 807 5784100883094
808 808 5787101598886
809 809 5794103103684
810 810 5808102665356
811 811 5811103663501
812 812 5814102146865
813 813 5815103604835
814 814 5818101857942
815 815 5821103706742
816 816 5824103115808
817 817 5837102267832
818 818 5840103438090
819 819 5845103710290
820 820 5852103369216
821 821 5859102974813
822 822 5868102755338
823 823 5868103656304
824 824 5873101766034
825 825 5880101054405
826 826 5900103382349
827 827 5903102269819
828 828 5905102364903
829 829 5915101240829
830 830 5930103589781
831 831 5941102021517
832 832 5951102165989
833 833 5954103225951
834 834 5956100996776
835 835 5972103644485
836 836 5978101868749
837 837 5980102292472
838 838 6012101569608
839 839 6019103141823
840 840 6024103714237
841 841 6035101769597
842 842 6039101003270
843 843 6039103592558
844 844 6047102496139
845 845 6053101725213
846 846 6055102684795
847 847 6056102484419
848 848 6058103595442
849 849 6065102899461
850 850 6066102777064
851 851 6067103138505
852 852 6069102444609
853 853 6069102670019
854 854 6070102585424
855 855 6074101115539
856 856 6077100588223
857 857 6077100815005
858 858 6087101175915
859 859 6095103328368
860 860 6101103668846
861 861 6119102151786
862 862 6123100506295
863 863 6127102917398
864 864 6133101394731
865 865 6140101673848
866 866 6140102196495
867 867 6147101441771
868 868 6149103116472
869 869 6150102341305
870 870 6153102201073
871 871 6169102587109
872 872 6183103642623
873 873 6188102981960
874 874 6191103612278
875 875 6197100023701
876 876 6259100426113
877 877 6260101063985
878 878 6263102769125
879 879 6266101184136
880 880 6280101815327
881 881 6283101588535
882 882 6295103643949
883 883 6297103398958
884 884 6318101131831
885 885 6318102474367
886 886 6356102975202
887 887 6356103610341
888 888 6358102528337
889 889 6360102544828
890 890 6374101620003
891 891 6393101879421
892 892 6394103688645
893 893 6395102654644
894 894 6407103354309
895 895 6419102808828
896 896 6425101066591
897 897 6429101330546
898 898 6436101799594
899 899 6448102059554
900 900 6448102685873
901 901 6449101595668
902 902 6449102490266
903 903 6450100226019
904 904 6450102761302
905 905 6452101241394
906 906 6455100014418
907 907 6469103140990
908 908 6474101101286
909 909 6478103518190
910 910 6479102363975
911 911 6481102861566
912 912 6494103635392
913 913 6496101803717
914 914 6498102653332
915 915 6515102435317
916 916 6530101396905
917 917 6531103401710
918 918 6532103511268
919 919 6535100391577
920 920 6536101697907
921 921 6541102552361
922 922 6546103218813
923 923 6552102210668
924 924 6566101294554
925 925 6576103714947
926 926 6593100224241
927 927 6598100922743
928 928 6622102192888
929 929 6640102001958
930 930 6640103725899
931 931 6642103286471
932 932 6645100820706
933 933 6647101642115
934 934 6650103403009
935 935 6658101878417
936 936 6658102644436
937 937 6659102234306
938 938 6670102101523
939 939 6672103600468
940 940 6676101202975
941 941 6686103637397
942 942 6689103100863
943 943 6689103462223
944 944 6695103094121
945 945 6696102122543
946 946 6700103461178
947 947 6713102303986
948 948 6719101940969
949 949 6734101679010
950 950 6743103115653
951 951 6762103224103
952 952 6770101570564
953 953 6771101989274
954 954 6772102163570
955 955 6778101298321
956 956 6786101477633
957 957 6791102027892
958 958 6797100446811
959 959 6799101450426
960 960 6799101758707
961 961 6808100566369
962 962 6827103020783
963 963 6835101216291
964 964 6838102309780
965 965 6841101040860
966 966 6861101786409
967 967 6892101324084
968 968 6897102701373
969 969 6902102961412
970 970 6920101380710
971 971 6927102202693
972 972 6928102347856
973 973 6929101439040
974 974 6935100934282
975 975 6943101721963
976 976 6956101680383
977 977 6958100348956
978 978 6962102406003
979 979 6973102551017
980 980 6973103289385
981 981 6983101182043
982 982 6984102293348
983 983 6986103646786
984 984 6993103676971
985 985 6994103717490
986 986 7013102980920
987 987 7014103516399
988 988 7028101834807
989 989 7033103037905
990 990 7036103201014
991 991 7039102450770
992 992 7043103701438
993 993 7049102209454
994 994 7049103663928
995 995 7055102391743
996 996 7057103378614
997 997 7064102570462
998 998 7070100552846
999 999 7073102056579
1000 1000 7074100530021
1001 1001 7076103549152
1002 1002 7080101960209
1003 1003 7092100317802
1004 1004 7101100599824
1005 1005 7102102121039
1006 1006 7103103115440
1007 1007 7104101514980
1008 1008 7106100683717
1009 1009 7106102135152
1010 1010 7114100990795
1011 1011 7114103234743
1012 1012 7115103465618
1013 1013 7123101005514
1014 1014 7135103040195
1015 1015 7136101100674
1016 1016 7144101248092
1017 1017 7148103157795
1018 1018 7200100551912
1019 1019 7211102632229
1020 1020 7211102878868
1021 1021 7221103143890
1022 1022 7227103091325
1023 1023 7229103151452
1024 1024 7233102253746
1025 1025 7241102837225
1026 1026 7243102582816
1027 1027 7243103017327
1028 1028 7249103029517
1029 1029 7285103165833
1030 1030 7289102138128
1031 1031 7293100872086
1032 1032 7294102621550
1033 1033 7302103085637
1034 1034 7305102275624
1035 1035 7306102708191
1036 1036 7318102350607
1037 1037 7329101496835
1038 1038 7340102026905
1039 1039 7341101363000
1040 1040 7342103304135
1041 1041 7345102325302
1042 1042 7347102205798
1043 1043 7355101254437
1044 1044 7360101189349
1045 1045 7362101454017
1046 1046 7369100110069
1047 1047 7380101740615
1048 1048 7387102553827
1049 1049 7433103665485
1050 1050 7436100980399
1051 1051 7447101227529
1052 1052 7452102995274
1053 1053 7456102956127
1054 1054 7460102996566
1055 1055 7466102038178
1056 1056 7468103211261
1057 1057 7479102518524
1058 1058 7484100106628
1059 1059 7500103100117
1060 1060 7501103668409
1061 1061 7517100102966
1062 1062 7522102311272
1063 1063 7523102037913
1064 1064 7545102150508
1065 1065 7553101337133
1066 1066 7565103075857
1067 1067 7572103702853
1068 1068 7574102883843
1069 1069 7584102482448
1070 1070 7589101450084
1071 1071 7597101640119
1072 1072 7597103507776
1073 1073 7600102431577
1074 1074 7605102614396
1075 1075 7605102969754
1076 1076 7606103095998
1077 1077 7607100062351
1078 1078 7608103142834
1079 1079 7623101810681
1080 1080 7627101823095
1081 1081 7635103316200
1082 1082 7637102031278
1083 1083 7642100982382
1084 1084 7643100760941
1085 1085 7654101200525
1086 1086 7654101325825
1087 1087 7656100911354
1088 1088 7664100645546
1089 1089 7687102363246
1090 1090 7692103420792
1091 1091 7693103311575
1092 1092 7708103204816
1093 1093 7711101684822
1094 1094 7720103660461
1095 1095 7721103657939
1096 1096 7724103717595
1097 1097 7764103680206
1098 1098 7772100190545
1099 1099 7777102968220
1100 1100 7781101922251
1101 1101 7794102269792
1102 1102 7799103725293
1103 1103 7822100004790
1104 1104 7825102497487
1105 1105 7834102057228
1106 1106 7834102094253
1107 1107 7840102223152
1108 1108 7844102220046
1109 1109 7845102020260
1110 1110 7846103424828
1111 1111 7850102124066
1112 1112 7861100200181
1113 1113 7880103711386
1114 1114 7884101738084
1115 1115 7894102856773
1116 1116 7897102390005
1117 1117 7901100947083
1118 1118 7912101890403
1119 1119 7921101615982
1120 1120 7928102179748
1121 1121 7935103666472
1122 1122 7950101273167
1123 1123 7957103696113
1124 1124 7959102898887
1125 1125 7971103657839
1126 1126 7973103582283
1127 1127 7984101802240
1128 1128 7985103316622
1129 1129 7986102391086
1130 1130 7991102476599
1131 1131 7995103258732
1132 1132 8003102531588
1133 1133 8007103134227
1134 1134 8015101557967
1135 1135 8034100367212
1136 1136 8036103014914
1137 1137 8054102415426
1138 1138 8061103026003
1139 1139 8071100093264
1140 1140 8081103286178
1141 1141 8092102563294
1142 1142 8094100799572
1143 1143 8106102967261
1144 1144 8109100190497
1145 1145 8111101467327
1146 1146 8120102429834
1147 1147 8135102293152
1148 1148 8135103117472
1149 1149 8147101516807
1150 1150 8148102875143
1151 1151 8149101249107
1152 1152 8158101761180
1153 1153 8166100658262
1154 1154 8173102457209
1155 1155 8182103047039
1156 1156 8185100745342
1157 1157 8192102653475
1158 1158 8195102164707
1159 1159 8195102642646
1160 1160 8198103420404
1161 1161 8206103040050
1162 1162 8208101259737
1163 1163 8220103684679
1164 1164 8223102287089
1165 1165 8227102191216
1166 1166 8244103632447
1167 1167 8252102371737
1168 1168 8256100260825
1169 1169 8265101993331
1170 1170 8269102462873
1171 1171 8276101988651
1172 1172 8296101327861
1173 1173 8305102094128
1174 1174 8325102245905
1175 1175 8330101149955
1176 1176 8331101946378
1177 1177 8337103073953
1178 1178 8340101456442
1179 1179 8349102308418
1180 1180 8354102684659
1181 1181 8360101826192
1182 1182 8363103008246
1183 1183 8366102415165
1184 1184 8367102263734
1185 1185 8368103511127
1186 1186 8394103530378
1187 1187 8404101669321
1188 1188 8420102687759
1189 1189 8420102962722
1190 1190 8434101376945
1191 1191 8434103118283
1192 1192 8438103092328
1193 1193 8441100880989
1194 1194 8449100327832
1195 1195 8466101140732
1196 1196 8468102566639
1197 1197 8474102891041
1198 1198 8483101460654
1199 1199 8494102465026
1200 1200 8506101628865
1201 1201 8513102693214
1202 1202 8523101911111
1203 1203 8534101131941
1204 1204 8534103717165
1205 1205 8552101305173
1206 1206 8560101072363
1207 1207 8572101530936
1208 1208 8591102835573
1209 1209 8598100907405
1210 1210 8605100392535
1211 1211 8631103659760
1212 1212 8640102127620
1213 1213 8640102727640
1214 1214 8641103115317
1215 1215 8651102372752
1216 1216 8652102921078
1217 1217 8656102273482
1218 1218 8668103516454
1219 1219 8669101639494
1220 1220 8669101647210
1221 1221 8678100705665
1222 1222 8681102205839
1223 1223 8687103706149
1224 1224 8692102632883
1225 1225 8702101541257
1226 1226 8703102922662
1227 1227 8706101054157
1228 1228 8706103179938
1229 1229 8708102918418
1230 1230 8714102741776
1231 1231 8731102799770
1232 1232 8732103717936
1233 1233 8736101058984
1234 1234 8736102180279
1235 1235 8741101422010
1236 1236 8744102027262
1237 1237 8753100716703
1238 1238 8765102840868
1239 1239 8770102942291
1240 1240 8775103162698
1241 1241 8788101553947
1242 1242 8789100678851
1243 1243 8790102737967
1244 1244 8802101148989
1245 1245 8802101849735
1246 1246 8806100059427
1247 1247 8809103596016
1248 1248 8817100845859
1249 1249 8821101935069
1250 1250 8827103311926
1251 1251 8830100194424
1252 1252 8832101971991
1253 1253 8835100925334
1254 1254 8849100375021
1255 1255 8851102991883
1256 1256 8852101100683
1257 1257 8860101579055
1258 1258 8863100507972
1259 1259 8868100812896
1260 1260 8869101928267
1261 1261 8877100813389
1262 1262 8879103137407
1263 1263 8879103460859
1264 1264 8884101277890
1265 1265 8888102949767
1266 1266 8889102513631
1267 1267 8896102721416
1268 1268 8906100969146
1269 1269 8916100265552
1270 1270 8920100491137
1271 1271 8920103635842
1272 1272 8949103679223
1273 1273 8954103425149
1274 1274 8956103004522
1275 1275 8957101495324
1276 1276 8957102091735
1277 1277 8965103279707
1278 1278 8966101348260
1279 1279 8980100519373
1280 1280 8981102437005
1281 1281 8986102934765
1282 1282 8995103059935
1283 1283 8998101361142
1284 1284 9000100386306
1285 1285 9003103092950
1286 1286 9003103600660
1287 1287 9007102855550
1288 1288 9036101872514
1289 1289 9052100622955
1290 1290 9054102993823
1291 1291 9071101507924
1292 1292 9071103388882
1293 1293 9082103383004
1294 1294 9089102260212
1295 1295 9090101470757
1296 1296 9095103030696
1297 1297 9098100676488
1298 1298 9098101642663
1299 1299 9111100471199
1300 1300 9114101926960
1301 1301 9118103143482
1302 1302 9119100584021
1303 1303 9121100595390
1304 1304 9125103427006
1305 1305 9145100573096
1306 1306 9155101463577
1307 1307 9159100709425
1308 1308 9163101786748
1309 1309 9190103644920
1310 1310 9191101092780
1311 1311 9194102849964
1312 1312 9197103654914
1313 1313 9201103599803
1314 1314 9207103127543
1315 1315 9209101875800
1316 1316 9210101111117
1317 1317 9210101275380
1318 1318 9212102423997
1319 1319 9214102983370
1320 1320 9219102838922
1321 1321 9220100435717
1322 1322 9228103603373
1323 1323 9230100843632
1324 1324 9232101378888
1325 1325 9233102613569
1326 1326 9241100865183
1327 1327 9241102243000
1328 1328 9243102337357
1329 1329 9249103709113
1330 1330 9252100587192
1331 1331 9254101412919
1332 1332 9265102969888
1333 1333 9270101809314
1334 1334 9270101934740
1335 1335 9276101084231
1336 1336 9282102550597
1337 1337 9285103072759
1338 1338 9299103635859
1339 1339 9306101777560
1340 1340 9319102286897
1341 1341 9321101752512
1342 1342 9325101740907
1343 1343 9330101974709
1344 1344 9335100487415
1345 1345 9337103618147
1346 1346 9346102060496
1347 1347 9348100060189
1348 1348 9352100977222
1349 1349 9367102487019
1350 1350 9377102950703
1351 1351 9384102024054
1352 1352 9426102470402
1353 1353 9429102074514
1354 1354 9470101140063
1355 1355 9471103098055
1356 1356 9476102950149
1357 1357 9510100242729
1358 1358 9523103656721
1359 1359 9540102669140
1360 1360 9546101499016
1361 1361 9549102784340
1362 1362 9551103116935
1363 1363 9554103702879
1364 1364 9556103641906
1365 1365 9580102455327
1366 1366 9592102488595
1367 1367 9592103006076
1368 1368 9603103441701
1369 1369 9609103171546
1370 1370 9619101706560
1371 1371 9619103517403
1372 1372 9623100069546
1373 1373 9633102225316
1374 1374 9637102233739
1375 1375 9643102810793
1376 1376 9649101387008
1377 1377 9655101910350
1378 1378 9657102523187
1379 1379 9660101092875
1380 1380 9662101864997
1381 1381 9673102341618
1382 1382 9676101735264
1383 1383 9679103442588
1384 1384 9685103592333
1385 1385 9689103681587
1386 1386 9694102437502
1387 1387 9699102459972
1388 1388 9711103657243
1389 1389 9715102515900
1390 1390 9733103291410
1391 1391 9735103004958
1392 1392 9744102687625
1393 1393 9748103418348
1394 1394 9755101492253
1395 1395 9774101251457
1396 1396 9781100783464
1397 1397 9792102219327
1398 1398 9795101466084
1399 1399 9797103222777
1400 1400 9809102865590
1401 1401 9811101595318
1402 1402 9815102562734
1403 1403 9816101604094
1404 1404 9824103693653
1405 1405 9825101944183
1406 1406 9828100244089
1407 1407 9831102494339
1408 1408 9839102411595
1409 1409 9841103695408
1410 1410 9844101678412
1411 1411 9862100567676
1412 1412 9863103636057
1413 1413 9870102792886
1414 1414 9876103042452
1415 1415 9885103203399
1416 1416 9893100600513
1417 1417 9894102064402
1418 1418 9898102850269
1419 1419 9923101324066
1420 1420 9940102066535
1421 1421 9943100240784
1422 1422 9949103661566
1423 1423 9951103071252
1424 1424 9963102929792
1425 1425 9970102731618
1426 1426 9994102007302
1427 1427 9996100391847
1428 1428 999610310066