1 1 0036104291681 北京优购文化发展有限公司
2 2 0063104196430 雷诺（北京）汽车有限公司
3 3 0075104243829 北京北量瑞科机械工具有限责任公司
4 4 0103104288435 北京昊业怡生科技有限公司
5 5 0163104285049 北京时代佳美会展服务有限公司
6 6 0229104245819 北京丰供送变电工程有限责任公司
7 7 0238104233830 北京市中中防水工程有限责任公司
8 8 0257104195551 北京花园桥雷克萨斯汽车销售服务有限公司
9 9 0302104221538 北京伍福苑工贸有限公司
10 10 0344104245821 北京丰供送变电工程有限责任公司
11 11 0347104235084 北京兰德宏业石油钻采技术服务有限公司
12 12 0360104205650 北京溢彩阳光广告有限公司
13 13 0490104225010 北京市斑珀斯技贸有限责任公司
14 14 0507104245245 凤凰五洲（北京）国际文化发展有限公司
15 15 0509104191384 北京寺库商贸有限公司
16 16 0518104273714 北京云澳瑞驰科技有限公司
17 17 0564104222013 北京艺野威特文化发展有限责任公司
18 18 0565104194248 北京东帆恒升科技有限公司
19 19 0565104286264 北京市朝阳区彩虹村庄养老院
20 20 0618104228652 中地宝联（北京）国土资源勘查技术有限公司
21 21 0633104187047 中科恒源科技股份有限公司
22 22 0664104187034 中科恒源科技股份有限公司
23 23 0669104303082 北京中建协工程咨询有限公司
24 24 0689104291710 北京惠买在线网络科技有限公司
25 25 0694104265553 北京环控科技有限公司
26 26 0697104263043 北京市松鹤绿色种植园
27 27 0755104284574 北京保泰丽洁科技发展有限公司
28 28 0816104187050 中科恒源科技股份有限公司
29 29 0902104187028 中科恒源科技股份有限公司
30 30 0931104187037 中科恒源科技股份有限公司
31 31 0942104290061 北京锐捷公益基金会
32 32 1018104218367 北京实地律师事务所
33 33 1100104276989 北京京电广源电气设备安装有限责任公司
34 34 1102104285513 北京东颐食品厂
35 35 1117104221550 北京佰嘉鸿装饰工程有限公司
36 36 1178104187041 中科恒源科技股份有限公司
37 37 1179104279227 中邮科技有限责任公司
38 38 1183104291707 北京惠买在线网络科技有限公司
39 39 1195104225005 北京市斑珀斯技贸有限责任公司
40 40 1195104285114 北京吉安永禾影视有限公司
41 41 1213104187046 中科恒源科技股份有限公司
42 42 1223104291667 北京优购文化发展有限公司
43 43 1230104287917 北京市中喆律师事务所
44 44 1256104291722 北京惠买在线网络科技有限公司
45 45 1283104195547 北京花园桥雷克萨斯汽车销售服务有限公司
46 46 1319104225007 北京市斑珀斯技贸有限责任公司
47 47 1399104187049 中科恒源科技股份有限公司
48 48 1424104241574 北京中翰仪器有限公司
49 49 1538104225257 安徽省宣城市人民政府驻北京联络处
50 50 1590104187052 中科恒源科技股份有限公司
51 51 1590104203093 北京北方丹龙物业管理有限公司
52 52 1598104187042 中科恒源科技股份有限公司
53 53 1600104277777 北京金宇江装饰安装工程有限公司
54 54 1621104255240 北京莱顿视觉设计事务所
55 55 1649104234443 北京中汇圆融投资顾问有限公司
56 56 1668104235278 北京财经专修学院
57 57 1695104195549 北京花园桥雷克萨斯汽车销售服务有限公司
58 58 1743104218678 北京兴泰隆昌物业管理有限公司
59 59 1772104291715 北京惠买在线网络科技有限公司
60 60 1778104184834 北京兆易创新科技股份有限公司
61 61 1807104267319 北京仟草中药饮片有限公司
62 62 1829104276155 北京国寰天地环境技术发展中心有限公司
63 63 1830104219200 捷必路（北京）科技有限公司
64 64 1836104280656 北京房修一建筑工程有限公司
65 65 1862104226034 北京正邦新型建材有限公司
66 66 1868104258330 北京海量数据技术股份有限公司
67 67 1869104228329 互爱互动（北京）科技有限公司
68 68 1896104302422 宝马（中国）服务有限公司
69 69 1961104291684 北京优购文化发展有限公司
70 70 1963104237299 北京中盛鼎成机电设备有限公司
71 71 1989104205378 北京星源辉煌技贸有限公司
72 72 2053104291669 北京优购文化发展有限公司
73 73 2067104261746 北京大唐首邑建筑集团有限责任公司
74 74 2087104196058 北京冀财奥汽车贸易有限公司
75 75 2089104255458 北京英络物流有限公司
76 76 2099104289861 北京华宇时尚购物中心有限公司
77 77 2109104291672 北京优购文化发展有限公司
78 78 2118104247092 北京怡康软件科技有限公司
79 79 2142104187055 中科恒源科技股份有限公司
80 80 2176104291674 北京优购文化发展有限公司
81 81 2183104221166 北京汇天时商务有限公司
82 82 2215104259653 北京市海淀区学为培训学校
83 83 2265104259298 北京京南瑞源电缆有限公司
84 84 2342104268762 河北中瑞建设集团有限公司北京分公司
85 85 2343104291685 北京优购文化发展有限公司
86 86 2407104218399 北京京宝行汽车销售服务有限公司
87 87 2423104233952 北京双螺旋文化交流有限公司
88 88 2431104276339 盈融达投资（北京）有限公司
89 89 2448104255286 北京洛德文博装饰工程有限公司
90 90 2538104288065 常州市绿洲园林建筑工程有限公司北京通州分公司
91 91 2539104195550 北京花园桥雷克萨斯汽车销售服务有限公司
92 92 2576104302417 宝马（中国）服务有限公司
93 93 2597104265141 漫游世纪（北京）科技孵化器有限公司
94 94 2600104245813 北京丰供送变电工程有限责任公司
95 95 2628104256275 北京后意象建筑设计咨询有限责任公司
96 96 2679104245449 北京博亿建业空调设备安装有限公司
97 97 2689104330798 北京东方艾狄尔会展有限公司
98 98 2701104219384 北京东方艾迪科技有限公司
99 99 2726104291668 北京优购文化发展有限公司
100 100 2765104284805 北京徽京通达汽车销售服务有限公司
101 101 2797104302415 宝马（中国）服务有限公司
102 102 2804104242363 北京中安超越通信科技有限公司
103 103 2809104291727 北京惠买在线网络科技有限公司
104 104 2971104253518 北京紫金顺华建设工程有限公司
105 105 3028104201883 北京圣伦食品有限公司
106 106 3045104221275 北京市朝阳区劲腾青少年体育俱乐部
107 107 3056104187043 中科恒源科技股份有限公司
108 108 3077104201880 北京圣伦食品有限公司
109 109 3080104262720 北京清河湾乡村体育俱乐部有限公司
110 110 3097104319119 北京市方元律师事务所
111 111 3103104291683 北京优购文化发展有限公司
112 112 3117104291708 北京惠买在线网络科技有限公司
113 113 3137104278481 北京市志城人和食品销售有限公司
114 114 3138104267789 北京华航盈拓信息技术有限公司
115 115 3147104253051 北京金亿同和科技发展有限公司
116 116 3217104187292 北京市星火汽车维修服务部
117 117 3234104257776 北京神州辉腾能源科技有限公司
118 118 3261104241652 加拿大家政护理服务公司北京代表处
119 119 3337104187051 中科恒源科技股份有限公司
120 120 3370104193191 北京筑元泰房地产经纪有限公司
121 121 3495104292224 北京安祥顺通停车管理有限公司
122 122 3539104291666 北京优购文化发展有限公司
123 123 3580104219737 北京星远福源电力设备安装有限公司
124 124 3597104224773 北京市密云水利水电地基基础工程总队
125 125 3619104278699 中合联投资有限公司
126 126 3634104186749 中国心理卫生协会妇女健康与发展专业委员会
127 127 3639104291716 北京惠买在线网络科技有限公司
128 128 3647104218720 中科科技培训中心
129 129 3668104203418 北京第一生物化学药业有限公司
130 130 3690104292304 北京中弘社会工作与志愿服务中心
131 131 3696104285512 北京东颐食品厂
132 132 3721104274640 北京华盛昌百旺汽车贸易有限公司
133 133 3748104250173 北京龙华纪元投资管理有限公司
134 134 3784104247647 北京市新发京建工贸有限公司
135 135 3791104291718 北京惠买在线网络科技有限公司
136 136 3803104267326 北京福铃丰瑞汽车销售有限公司
137 137 3830104266278 北京优曼腾跃建材有限公司
138 138 3834104201881 北京圣伦食品有限公司
139 139 3838104225008 北京市斑珀斯技贸有限责任公司
140 140 3892104240129 北京普天共呈科技有限公司
141 141 3911104291706 北京惠买在线网络科技有限公司
142 142 3962104219536 北京建都伟业科技发展有限公司
143 143 3969104282554 北京安泰志诚科技发展有限公司
144 144 3986104261718 北京大唐首邑建筑集团有限责任公司
145 145 4038104291603 北京优购文化发展有限公司
146 146 4040104248545 北京精美信机械科技有限公司
147 147 4089104239632 京瑞恒诚电气（北京）有限公司
148 148 4167104187057 中科恒源科技股份有限公司
149 149 4207104302420 宝马（中国）服务有限公司
150 150 4210104224774 北京精诚同兴勘测技术发展有限公司
151 151 4221104329190 北京市世嘉律师事务所
152 152 4312104187038 中科恒源科技股份有限公司
153 153 4318104243839 北京美亚奥电子技术有限公司
154 154 4334104280409 北京成电尚品电子发展有限公司
155 155 4358104201882 北京圣伦食品有限公司
156 156 4359104187036 中科恒源科技股份有限公司
157 157 4367104291725 北京惠买在线网络科技有限公司
158 158 4379104237830 北京海创威腾经贸有限公司
159 159 4381104291711 北京惠买在线网络科技有限公司
160 160 4399104291660 北京惠买在线网络科技有限公司
161 161 4523104217599 北京浩华志洋机电设备安装工程有限公司
162 162 4528104207829 北京蒙牛乳业商贸有限公司
163 163 4599104302419 宝马（中国）服务有限公司
164 164 4637104221811 中国国际战略学会
165 165 4658104283430 北京鑫菱伟业机电设备有限公司
166 166 4666104201878 北京圣伦食品有限公司
167 167 4675104219105 中诚信托有限责任公司
168 168 4701104228328 互爱互动（北京）科技有限公司
169 169 4707104101730 北京掌中地带信息科技有限公司
170 170 4778104187030 中科恒源科技股份有限公司
171 171 4785104291713 北京惠买在线网络科技有限公司
172 172 4789104243952 莱茵贝格电梯（北京）有限公司
173 173 4795104261745 北京大唐首邑建筑集团有限责任公司
174 174 4916104291687 北京优购文化发展有限公司
175 175 4936104187044 中科恒源科技股份有限公司
176 176 4940104185052 北京新发京建基础工程有限公司
177 177 4947104218704 国际粉体检测与控制联合会工业应用委员会
178 178 4962104257711 北京盛泽装饰工程有限公司
179 179 4990104291717 北京惠买在线网络科技有限公司
180 180 5011104220012 北京大董富春山居餐饮管理有限公司
181 181 5025104291723 北京惠买在线网络科技有限公司
182 182 5073104291704 北京惠买在线网络科技有限公司
183 183 5079104191244 北京市大兴区敬老孝村养老院
184 184 5101104282994 北京观韬律师事务所
185 185 5113104278207 北京铭软时代科技有限公司
186 186 5123104205528 宝隆艺园（北京）文化有限公司
187 187 5143104195548 北京花园桥雷克萨斯汽车销售服务有限公司
188 188 5163104252491 北京旭天合科贸有限公司
189 189 5173104273792 中商财富融资担保有限公司
190 190 5178104239617 众达伟立（北京）工程技术有限公司
191 191 5231104267320 北京仟草中药饮片有限公司
192 192 5257104280657 北京房修一建筑工程有限公司
193 193 5271104280562 北京皮尔体育用品有限公司
194 194 5312104191385 北京寺库商贸有限公司
195 195 5350104293750 北京艺展智盛木艺装饰有限公司
196 196 5366104245822 北京丰供送变电工程有限责任公司
197 197 5452104299295 北京首善儿童肿瘤基金会
198 198 5600104215713 北京市乾坤律师事务所
199 199 5630104265136 北京天时瑞建筑设计咨询有限公司
200 200 5640104218395 北京京宝行汽车销售服务有限公司
201 201 5643104291670 北京优购文化发展有限公司
202 202 5651104261721 北京大唐首邑建筑集团有限责任公司
203 203 5675104280904 亚太车务（北京）工贸有限公司
204 204 5689104271465 北京库曼家具有限公司
205 205 5720104218397 北京京宝行汽车销售服务有限公司
206 206 5728104302421 宝马（中国）服务有限公司
207 207 5739104242855 北京市京明酒店有限公司
208 208 5771104196429 雷诺（北京）汽车有限公司
209 209 5810104302414 宝马（中国）服务有限公司
210 210 5816104228917 北京航达盛世气体设备有限公司
211 211 5827104270232 北京市优环再生资源回收市场有限公司
212 212 5847104187048 中科恒源科技股份有限公司
213 213 5878104291728 北京惠买在线网络科技有限公司
214 214 5894104302416 宝马（中国）服务有限公司
215 215 5898104191386 北京寺库商贸有限公司
216 216 5914104288143 北京恒通信达环境工程有限公司
217 217 5948104279204 北京国际影视交流促进中心
218 218 5988104222739 北京市民正律师事务所
219 219 6008104238844 北京市科护医疗器材有限公司
220 220 6023104233828 北京市中中防水工程有限责任公司
221 221 6052104256759 北京鼎恒升机电技术有限公司
222 222 6085104224879 北京金麦斯特软件有限公司
223 223 6113104291682 北京优购文化发展有限公司
224 224 6120104288434 北京昊业怡生科技有限公司
225 225 6227104330799 北京东方艾狄尔会展有限公司
226 226 6238104258331 北京海量数据技术股份有限公司
227 227 6279104228766 北京市昌平区优美双语幼儿园
228 228 6302104263013 中自控（北京）矿业投资有限公司
229 229 6432104276251 北京中电联发科技有限公司
230 230 6525104218396 北京京宝行汽车销售服务有限公司
231 231 6530104262827 北京双仕纪标识制造有限公司
232 232 6545104291661 北京惠买在线网络科技有限公司
233 233 6570104283187 北京锐智嘉联市场顾问有限公司
234 234 6639104261722 北京大唐首邑建筑集团有限责任公司
235 235 6647104291705 北京惠买在线网络科技有限公司
236 236 6659104200911 北京纽西贸易发展有限公司
237 237 6660104203094 北京北方丹龙物业管理有限公司
238 238 6699104245814 北京丰供送变电工程有限责任公司
239 239 6720104221358 北京四方通岩土工程技术有限公司
240 240 6720104302424 宝马（中国）服务有限公司
241 241 6723104279228 中邮科技有限责任公司
242 242 6735104291726 北京惠买在线网络科技有限公司
243 243 6746104291601 北京优购文化发展有限公司
244 244 6765104237477 家天地（北京）进出口贸易有限公司
245 245 6769104291676 北京优购文化发展有限公司
246 246 6831104201879 北京圣伦食品有限公司
247 247 6832104270588 北京富佳物流有限公司
248 248 6874104291675 北京优购文化发展有限公司
249 249 6910104291677 北京优购文化发展有限公司
250 250 6929104291678 北京优购文化发展有限公司
251 251 6939104291662 北京惠买在线网络科技有限公司
252 252 6968104262722 北京清河湾乡村体育俱乐部有限公司
253 253 6989104284680 北京慈爱公益基金会
254 254 7020104236814 北京嘉翼木乔科贸有限公司
255 255 7052104187040 中科恒源科技股份有限公司
256 256 7109104291714 北京惠买在线网络科技有限公司
257 257 7134104269234 北京职业资格专修学院
258 258 7188104225988 北京凯友华信科技有限责任公司
259 259 7205104225009 北京市斑珀斯技贸有限责任公司
260 260 7222104201877 北京圣伦食品有限公司
261 261 7261104256340 北京方瑞天恒电力工程有限公司
262 262 7266104267702 北京昊峰隆科技有限公司
263 263 7267104284966 北京明耀通达电力工程设计有限公司
264 264 7290104292415 图美百创（北京）品牌策划有限公司
265 265 7337104267914 北京创时空土地信息技术有限公司
266 266 7370104261719 北京大唐首邑建筑集团有限责任公司
267 267 7371104206101 北京丰台英博中西医结合医院
268 268 7412104269191 北京冰川制冷空调设备有限公司
269 269 7431104196607 北京健之路电子商务有限公司
270 270 7518104291663 北京惠买在线网络科技有限公司
271 271 7570104187033 中科恒源科技股份有限公司
272 272 7585104291599 北京优购文化发展有限公司
273 273 7590104289862 北京华宇时尚购物中心有限公司
274 274 7605104291598 北京优购文化发展有限公司
275 275 7616104187039 中科恒源科技股份有限公司
276 276 7627104264876 北京起源点影视文化传播有限公司
277 277 7643104262723 北京清河湾乡村体育俱乐部有限公司
278 278 7666104187056 中科恒源科技股份有限公司
279 279 7684104246925 北京众享养老服务发展中心
280 280 7702104234460 北京奥格家具制造有限公司
281 281 7713104222361 北京新源昌消防工程有限公司
282 282 7749104270013 北京嘉曼服饰有限公司
283 283 7799104233829 北京市中中防水工程有限责任公司
284 284 7811104245817 北京丰供送变电工程有限责任公司
285 285 7867104190387 铂良乐传媒广告（北京）有限公司
286 286 7897104277320 北京巴赫曼成套木作系统有限公司
287 287 7921104291724 北京惠买在线网络科技有限公司
288 288 7965104276739 北京高超汽车销售有限公司
289 289 7995104222889 北京中南纸业有限公司
290 290 8008104257348 北京健力源餐饮管理有限公司
291 291 8038104261720 北京大唐首邑建筑集团有限责任公司
292 292 8056104187053 中科恒源科技股份有限公司
293 293 8261104226195 北京市联德律师事务所
294 294 8280104229233 北京新乐昌盛建筑设备租赁有限公司
295 295 8288104285246 北京首都机场影视传媒有限公司
296 296 8335104302423 宝马（中国）服务有限公司
297 297 8405104187054 中科恒源科技股份有限公司
298 298 8411104291671 北京优购文化发展有限公司
299 299 8457104238937 北京金鑫龙汽车配件制造有限公司
300 300 8503104210766 北京市海淀区高思超常教育培训学校
301 301 8541104291721 北京惠买在线网络科技有限公司
302 302 8555104291659 北京惠买在线网络科技有限公司
303 303 8559104220013 北京大董富春山居餐饮管理有限公司
304 304 8571104281274 北京金圣达文化发展有限公司
305 305 8582104262721 北京清河湾乡村体育俱乐部有限公司
306 306 8592104291600 北京优购文化发展有限公司
307 307 8615104245820 北京丰供送变电工程有限责任公司
308 308 8624104245823 北京丰供送变电工程有限责任公司
309 309 8652104300647 北京吉森投资咨询有限公司
310 310 8701104291602 北京优购文化发展有限公司
311 311 8726104291712 北京惠买在线网络科技有限公司
312 312 8736104187029 中科恒源科技股份有限公司
313 313 8769104301804 北京爱农商务服务有限公司
314 314 8790104224857 北京连振高超汽车销售有限公司
315 315 8794104291686 北京优购文化发展有限公司
316 316 8916104272066 北京天地祥瑞建筑设计咨询有限公司
317 317 8926104237532 北京中佳瑞科贸有限公司
318 318 8926104255492 北京元正通远贸易有限公司
319 319 8949104239631 京瑞恒诚电气（北京）有限公司
320 320 8967104251400 北京邵阳企业商会
321 321 8980104291679 北京优购文化发展有限公司
322 322 8990104220014 北京大董富春山居餐饮管理有限公司
323 323 9031104187031 中科恒源科技股份有限公司
324 324 9051104224390 北京华夏京联机电设备有限公司
325 325 9082104291680 北京优购文化发展有限公司
326 326 9145104187032 中科恒源科技股份有限公司
327 327 9187104189078 中融汇投资担保有限公司
328 328 9205104302413 宝马（中国）服务有限公司
329 329 9227104187045 中科恒源科技股份有限公司
330 330 9262104291709 北京惠买在线网络科技有限公司
331 331 9275104302418 宝马（中国）服务有限公司
332 332 9395104270082 北京云程泰投资管理有限责任公司
333 333 9409104228330 互爱互动（北京）科技有限公司
334 334 9459104245816 北京丰供送变电工程有限责任公司
335 335 9507104187035 中科恒源科技股份有限公司
336 336 9510104261723 北京大唐首邑建筑集团有限责任公司
337 337 9538104291664 北京优购文化发展有限公司
338 338 9571104236202 北京泰耐特技术有限公司
339 339 9572104261744 北京大唐首邑建筑集团有限责任公司
340 340 9574104291720 北京惠买在线网络科技有限公司
341 341 9616104228080 北京陆和全商贸有限公司
342 342 9676104220015 北京大董富春山居餐饮管理有限公司
343 343 9685104218398 北京京宝行汽车销售服务有限公司
344 344 9694104223333 北京畅轩物流有限公司
345 345 9704104276154 北京国寰天地环境技术发展中心有限公司
346 346 9709104225006 北京市斑珀斯技贸有限责任公司
347 347 9712104196427 雷诺（北京）汽车有限公司
348 348 9751104196428 雷诺（北京）汽车有限公司
349 349 9767104279226 中邮科技有限责任公司
350 350 9768104205629 北京金海湾酒店管理有限公司
351 351 9793104291719 北京惠买在线网络科技有限公司
352 352 9807104219154 北京市立方律师事务所
353 353 9835104245815 北京丰供送变电工程有限责任公司
354 354 9836104245818 北京丰供送变电工程有限责任公司
355 355 9843104291673 北京优购文化发展有限公司
356 356 9898104302425 宝马（中国）服务有限公司
357 357 9914104256357 北京宜诺得物流有限公司
358 358 9942104291665 北京优购文化发展有限公司
359 359 9952104302412 宝马（中国）服务有限公司