1 36306 6900103802109 北京德美高科科技有限责任公司
2 23932 4486103756982 北京加达博通汽车销售有限公司
3 52052 9951103734072 北京神奇时代网络有限公司
4 6812 1235103644947 北京章光101科技股份有限公司
5 28968 5503103823204 北京阿尔泰科技发展有限公司
6 23055 4299103838463 北京北林地景园林规划设计院有限责任公司
7 49249 9412103587903 北京安驾天成信息技术有限公司
8 17806 3257103849321 北京博瑞胜达商贸有限公司
9 2649 0502103756017 《中国远程教育》杂志社
10 5630 1029103877498 北京泰和顺大众餐饮有限公司
11 28049 5314103816391 北京市欧际莱特医疗器械技术有限公司
12 43464 8276103662395 中国长城资产管理公司北京办事处
13 24242 4547103716386 北京摩力圣汇健身服务有限公司
14 42641 8121103637854 北京华海中谊工业炉有限公司
15 50966 9739103730585 北京银行股份有限公司东长安街支行
16 44261 8433103605264 杜鸣联合房地产评估（北京）有限公司
17 37703 7176103615805 北京中科联美商贸有限公司
18 52244 9982103770663 北京磨铁图书有限公司
19 3448 0645103786692 北京华通恒盛电气设备有限公司
20 33944 6457103723369 北京天丰利得管道疏通服务有限公司
21 15763 2888103811321 北京生态岛科技有限责任公司
22 11411 2091103856633 北京宣爱智能模拟技术股份有限公司
23 891 0166103609257 北京络华恒通商贸有限公司
24 21860 4033103670530 精英假日（北京）体育发展有限公司
25 31489 5988103858014 北京久圣桓康科技有限公司
26 4492 0826103896949 北京豆满江科贸有限责任公司
27 4078 0759103623367 优尼班克（北京）科技有限公司
28 43933 8364103795215 北京万维捷通软件技术有限公司
29 5450 0993103693325 华迅时代商务顾问（北京）有限公司
30 41201 7857103750097 北京金联汇盛贸易有限公司
31 39772 7585103683769 北京新城帝商贸有限公司
32 34874 6637103802886 北京朗誉飞虹科技有限公司
33 8348 1538103670671 北京惠通德胜医疗器械有限公司
34 2157 0401103826932 北京金山数字娱乐科技有限公司
35 42795 8149103734210 北京海震铁路装备投资有限公司
36 32662 6198103601778 君威鸿翔（北京）国际展览有限公司
37 21495 3962103603861 中国企业经营咨询公司
38 20290 3742103674743 阿尔特汽车技术股份有限公司
39 48400 9249103603532 中国安全防范产品行业协会
40 6737 1221103843017 北京清怡轩文化发展有限公司
41 9408 1729103784515 北京新传神奇广告有限公司
42 42898 8165103593136 北京天阔宏宇建筑装饰工程有限公司
43 32627 6189103616363 北京欢颜广告有限公司
44 37912 7210103766240 北京荣创信达科技发展有限公司
45 50438 9640103770654 北京鑫盛汇通机电有限公司
46 20021 3692103727399 北京宏君达建筑工程有限公司
47 2531 0481103898702 北京天一博观城市规划设计院有限公司
48 40996 7814103718919 北京崇德商贸有限公司
49 10214 1870103682905 北京嘉维佳美广告有限公司
50 2960 0553103791591 北京中电拓方科技发展有限公司
51 39817 7592103803032 泛华建设集团有限公司
52 15691 2874103631922 北京同盛发建筑劳务有限公司
53 43619 8306103718819 中国新兴交通物流总公司
54 26063 4937103893075 北京诺佳科技有限公司
55 9198 1693103604895 北京首汽（集团）股份有限公司
56 24896 4694103594221 北京赛晶电力电子科技有限公司
57 23042 4296103881330 北京易房恒业房地产经纪有限公司
58 30192 5741103784114 联邦快递（中国）有限公司
59 27651 5244103731356 北京紫光制药有限公司
60 24476 4601103675094 北京东方博锐展览展示有限公司
61 18977 3485103836691 北京顶固家居用品有限公司
62 5316 0966103811316 北京盈泰恒信科技有限公司
63 12357 2262103602656 北京金逸盛典文化传播有限责任公司
64 13775 2523103601518 北京泛欧瑞得科技有限公司
65 18185 3328103597063 北京中润富华商贸有限公司
66 45503 8680103873313 紫光电子商务有限公司
67 35116 6681103883642 一派视觉（北京）数字科技有限公司
68 22085 4084103773435 北京顺天通建筑工程有限公司
69 52174 9970103872382 北京檀州房地产开发有限公司
70 18305 3350103629467 北京东方赛科科技有限公司
71 22766 4236103856303 北京电商讯通科技发展有限公司
72 17414 3190103876773 北京鑫健伟业科贸有限公司
73 3845 0716103901996 北京宏鑫德盛五金机电有限公司
74 49038 9367103627353 北京天润新禾信息技术有限公司
75 24537 4616103675574 亚美环宇（北京）科技有限公司
76 25193 4760103886652 北京市燕海智能工程研究所
77 31112 5914103803651 精行天下（北京）汽车文化发展有限公司
78 15306 2807103604922 北京精准伟业测控技术有限公司
79 23750 4447103658239 北京仁创日升石油开采技术有限公司
80 11468 2104103841737 北京聚义石医疗器械有限公司
81 1961 0364103834684 北京瑞雕翔合科技发展有限公司
82 15409 2823103596590 北京东方信捷物流有限责任公司
83 33720 6401103748852 北京佳艺永信广告有限公司
84 2490 0472103889151 北京国泰怡安电子有限公司
85 1385 0257103622951 北京华软恒信科技发展有限公司
86 24081 4514103745802 北京华智文利电子技术有限公司
87 43582 8299103756266 北京智德盛投资顾问有限公司
88 34613 6587103622708 北京东创翔宇建筑工程有限公司
89 45287 8634103855938 和心伊达（北京）医疗器械有限公司
90 17900 3273103649798 北京海良伟机电设备有限公司
91 9621 1768103836301 北京东方华脉工程设计有限公司
92 43631 8309103634132 北京丽泽开发建设有限公司
93 44967 8573103838794 北京飞星精锐石油科技有限公司
94 23924 4485103720105 北京兴世诚科技发展有限责任公司
95 40088 7641103872581 北京金品海餐饮有限公司
96 4092 0761103636459 史泰博（上海）有限公司北京商贸分公司
97 30541 5808103758630 北京银达益融企业管理有限公司
98 18852 3459103762729 北京福禄永盛商贸有限责任公司
99 19727 3636103593391 北京卫信杰科技发展有限公司
100 4936 0900103773890 北京博瑞莱智能科技集团有限公司
101 37232 7082103602345 北京世纪同舟文化发展有限责任公司
102 32774 6217103737685 北京客来客胜商贸有限公司
103 41150 7846103817659 北京市西城区慈善义工协会
104 44237 8426103659369 北京元六鸿远电子技术有限公司
105 32521 6170103718797 北京中易银合科技有限公司
106 22404 4156103670436 融通汇信投资管理咨询（北京）有限公司
107 11847 2177103624383 北京信诚置地房地产投资咨询有限公司
108 46909 8959103600869 中铁物总国际招标有限公司
109 1526 0283103626267 北京荣安优筑房地产顾问有限公司
110 36332 6906103774510 北京鹏信装饰工程有限公司
111 46111 8802103824543 北京数码大方科技股份有限公司
112 7736 1415103596411 北京世纪中基房地产开发有限公司
113 6443 1168103689585 中城发（北京）城乡规划设计研究院有限公司
114 16183 2967103797338 北京豪邦餐饮有限公司
115 22516 4181103659585 长安动漫产业集团有限公司
116 3568 0664103833581 北京车福马科技有限公司
117 9867 1811103807980 北京永华召伟机电设备租赁有限公司
118 12391 2267103852885 北京花园桥丰田汽车销售服务有限公司
119 46431 8862103614069 北京新陆兴业石油技术开发有限公司
120 1922 0355103782698 北京瑞达得经贸有限公司
121 504 0091103783259 国泰君安期货有限公司北京建国门外大街营业部
122 29126 5536103604646 北京京视博广告有限公司
123 34274 6525103896301 北京四合汽车服务公司
124 8684 1599103804357 北京盛世永信展览展示有限公司
125 31463 5984103843650 北京市纪委监察局昌平教育基地
126 24774 4668103852492 中国大唐集团公司
127 32248 6119103628896 山东鲁花集团商贸有限公司北京分公司
128 8950 1649103788866 北京市永乐顺通市政工程有限公司
129 20446 3772103741165 北京凌奇印刷有限责任公司
130 46979 8971103639243 北京智迅互通科技有限公司
131 12261 2245103892797 北京国铁科林科技股份有限公司
132 47907 9155103698987 北京汇信合知识产权代理有限公司
133 18815 3450103877275 北京兵港科技发展有限公司
134 26564 5036103761525 北京晟辉兴业科技有限公司
135 21515 3966103651466 知识产权出版社有限责任公司
136 26587 5038103740603 北京爱普新世纪医疗器械有限公司
137 41811 7968103595340 北京昌旭诚商贸有限公司
138 22297 4130103720819 北京其阳华夏科技有限公司
139 31309 5953103882950 北京新同达科技有限公司
140 12235 2240103687106 北京华略众达管理咨询有限公司
141 49000 9361103650349 北京汇丰利餐饮管理有限公司
142 33087 6278103834583 北京市朝阳区黑庄户乡大鲁店三村经济合作社
143 8955 1650103803131 北京证通智远科技有限公司
144 24116 4521103599505 北京安迪恒瑞机电设备有限公司
145 1885 0348103826891 北京海鑫智圣技术有限公司
146 37189 7073103910294 北京东华合创科技有限公司
147 28785 5463103900607 北京建磊国际装饰工程股份有限公司
148 1409 0261103664500 北京风丘科技有限公司
149 36520 6946103869363 北京洲际蓝天环保工程有限公司
150 32495 6166103698364 北京昌泰机电安装有限责任公司
151 20674 3811103903542 北京旺向物业管理有限公司
152 6461 1171103654445 北京思柏安科技发展有限公司
153 25623 4849103624064 北京华兴软通科技有限公司
154 3014 0564103755251 北京市京联顺达建筑材料有限公司
155 36729 6986103618102 北京康比特体育科技股份有限公司
156 3648 0678103801861 北京易达互动教育咨询有限公司
157 6876 1247103876548 北京海德木屋有限公司
158 35553 6766103798949 北京信诚天宇物业管理有限公司
159 1059 0194103647851 北京鱼化龙文化传播有限公司
160 49957 9554103646907 北京宏伟建筑工程有限公司
161 31926 6067103629142 北京中汇达科学仪器有限公司
162 37959 7219103632607 北京燕福隆包装制品有限公司
163 33408 6345103791556 远大海外经济投资发展有限公司
164 41681 7941103910546 北京文业兴建建筑工程有限公司
165 33851 6433103812084 北京东方天成房地产开发有限公司
166 12157 2227103821343 北京建威幕墙工程有限公司
167 39955 7619103632706 北京柏安德咖啡食品有限公司
168 41947 7992103811827 北京东方般若科技发展有限公司
169 1001 0185103597404 北京碧水源环境工程有限公司
170 29308 5569103602629 北京旺迪机电新技术有限公司
171 34441 6559103593567 北京东道形象设计制作有限责任公司
172 39898 7609103717035 北京培基工程技术有限公司
173 33410 6346103797483 北京通州永安建筑公司
174 34197 6509103632370 北京立思辰信息技术有限公司
175 5249 0954103765180 北京大成天润科贸有限公司
176 19745 3638103889994 北京金正纵横信息咨询有限公司
177 20172 3721103696877 北京凯弘达科技有限公司
178 10159 1860103605787 观印象艺术发展有限公司
179 6799 1232103811251 浙江银建装饰工程有限公司北京分公司
180 46602 8892103789779 北京中联科瑞科技发展有限公司
181 48317 9234103896205 北京市地质矿产勘查开发总公司
182 30840 5866103815879 北京新光凯乐汽车冷成型件有限责任公司
183 24758 4664103699483 北京逸群工程咨询有限公司
184 40278 7681103604129 北京泰鑫停车管理服务有限责任公司
185 26306 4988103597351 北京宝和源光电设备有限公司
186 5800 1060103683849 北京惠民达科技发展中心
187 22284 4128103626592 北京城建信捷轨道交通工程咨询有限公司
188 15801 2895103691574 北京五洲佳和文化有限公司
189 42163 8031103652506 北京安捷士特科技有限责任公司
190 17867 3268103665770 利江特能（北京）设备有限公司
191 19712 3633103620556 北京神州中联教育科技有限公司
192 6258 1136103796818 北京联飞翔科技股份有限公司
193 21239 3913103681178 北京邦盛通达科技有限公司
194 33679 6395103786480 北京京宝德贸易有限公司
195 32636 6190103783045 中海格瑞（北京）环保技术发展有限公司
196 11041 2020103835665 北京东威高登商贸有限公司
197 52007 9940103646110 北京情诚本餐饮有限公司
198 19602 3609103740795 常州第二园林建设工程有限公司北京分公司
199 42592 8112103691771 北京通盈房地产开发有限公司
200 42056 8011103879496 北京嘉比国际工贸有限公司
201 49561 9485103660135 北京育新物业管理公司
202 39165 7473103784738 北京慧智宏景会计师事务所有限公司
203 409 0076103799315 北京三江金客汽车销售有限公司
204 7212 1308103819376 北京光宇华夏科技有限责任公司
205 50382 9630103728975 北京诚信开来装饰工程有限公司
206 33104 6280103861618 爱思开（中国）企业管理有限公司
207 25379 4797103704364 北京长生宫汾竹酒业有限公司
208 43754 8332103594583 北京中进众旺汽车销售服务有限公司
209 50093 9578103745914 北京森华易腾通信技术有限公司
210 16985 3110103658029 北京现代海斯克钢材有限公司
211 35804 6816103606363 北京星步力合科技有限公司
212 49045 9368103624106 北京立鼎宏业电子科技有限公司
213 28754 5457103751885 北京科奥基业商贸有限公司
214 6784 1230103684125 北京万象信息技术有限公司
215 1641 0303103670465 北京易天新动网络科技有限公司
216 1087 0200103884917 北京华人方创科技有限公司
217 13202 2416103696735 北京市自来水集团有限责任公司怀柔分公司
218 45457 8671103747000 北京鼎华建筑工程有限公司
219 15376 2818103744775 北京白与黑照明工程有限公司
220 28052 5315103699399 国科创新（北京）信息咨询中心
221 42200 8038103805418 北京彩易达科技发展有限公司
222 24155 4528103698019 北京中健卫普生物技术研究所
223 52112 9959103713877 北京中集博源机电设备有限公司
224 35461 6750103671910 国联（北京）保险经纪有限公司
225 9597 1765103739127 北京铭励远翔科技有限公司
226 28183 5339103739204 北京伟仕德诚科技有限公司
227 18660 3416103822346 弘宝灵（北京）商贸有限公司
228 52058 9952103617035 北京磁通设备制造有限公司
229 1561 0288103699123 北京曼同森建筑材料有限公司
230 46535 8882103628068 北京蓝派克电力科技有限公司
231 20065 3700103760190 北京科实同利环境工程技术有限公司
232 571 0104103786473 北京一川伟业科技发展有限公司
233 19894 3667103773787 北京中创嘉业投资有限公司
234 17071 3127103676180 北京未来科技城开发建设有限公司
235 49368 9439103658713 万达电影院线股份有限公司
236 9152 1685103720334 北京铭传印刷有限公司
237 30432 5787103792912 龙源（北京）太阳能技术有限公司
238 17546 3211103784121 北京择优恒技术有限公司
239 42224 8044103827363 精碳伟业（北京）科技有限公司
240 45529 8688103686429 北京兴隆朝通电力工程有限公司
241 32748 6213103716132 北京燕佳建筑工程有限公司
242 30857 5869103773438 北京顺天通建筑工程有限公司
243 18036 3296103823679 乐得科技有限公司北京分公司
244 25178 4758103813364 北京科禄格通风设备有限公司
245 34391 6548103796442 北京市海嘉律师事务所
246 22995 4286103852601 玖伍壹捌国际广告（北京）有限公司
247 29832 5669103816523 北京神州联虹科技有限公司
248 14455 2645103857056 北京博晟装饰设计工程有限公司
249 32038 6087103902329 北京东方飞轮轨道交通技术有限公司
250 31550 6000103615137 北京汉柯林环境科技有限公司
251 50167 9591103787401 北京东大正保科技有限公司
252 6550 1185103796074 晋商联合投资股份有限公司
253 4226 0780103700101 北京鼎中诸和会计师事务所（普通合伙）
254 14541 2661103771180 兴业证券股份有限公司北京西直门北大街证券营业部
255 52183 9971103766987 京西盛景国际商业管理（北京）有限公司
256 25406 4801103651608 北京中旭国华机电设备有限公司
257 39381 7513103731317 北京握奇智能科技有限公司
258 17275 3166103796594 北京潞城龙兆华建筑有限公司
259 49943 9551103724079 北京顺成饭店
260 22199 4108103739795 成都希望食品有限公司北京分公司
261 14445 2644103602189 中建材国际装备有限公司
262 25648 4855103647660 北京歌为先文化传播有限公司
263 42193 8038103603849 北京新杰创立贸易有限责任公司
264 3558 0662103895501 北京华迅天下广告有限公司
265 49247 9411103602071 北京千禧维讯科技有限公司
266 35234 6705103616190 北京名程机电设备维护有限责任公司
267 29152 5540103817433 北京淮扬府安定门餐饮管理有限公司
268 11683 2145103649770 北京阔达建筑装饰工程有限责任公司
269 9744 1790103908801 北京亚豪世纪房地产经纪有限公司
270 44817 8542103767033 北京昱达天时商贸有限公司
271 22983 4284103791356 北京宏泰博科信息技术有限公司
272 47984 9168103882896 北京国信灵通网络科技有限公司
273 3234 0604103853050 北京极远恒生科技有限公司
274 22174 4102103749094 北京寰球网讯广告传媒有限公司
275 47631 9099103630561 北京维迪康宏医疗科技有限公司
276 11343 2080103687105 北京吉辰科技开发有限公司
277 6120 1116103649991 北京百福运通国际货运代理有限公司
278 26934 5100103743600 北京恒发安业建筑装饰工程有限公司
279 1070 0197103605528 北京中财利缘房地产开发有限公司
280 38930 7423103646067 北京木村纸业有限公司
281 50678 9683103622360 机械科学研究总院
282 4205 0777103603118 北京首汽腾达汽车销售服务有限公司
283 22339 4138103786696 斯帝卡（北京）体育用品有限公司
284 48696 9304103650109 北京安诚保险公估有限公司
285 13516 2475103656683 北京惠通陆华汽车服务有限公司
286 48672 9300103636718 北京鹏信永康商贸有限公司
287 5353 0973103696619 九七惠（北京）科技有限公司
288 17215 3156103884062 北京龙威发电技术有限公司
289 23962 4492103601918 正大畜牧投资（北京）有限公司
290 22098 4087103614284 北方工业科技有限公司
291 13157 2408103736695 北京海林太阳能设备有限公司
292 19931 3675103841838 北京欣和投资管理有限公司
293 20025 3693103691878 北京奥中兴业房地产开发有限公司
294 31085 5909103602194 正德人寿保险股份有限公司
295 7101 1288103613490 北京外交人员服务局运道汽车服务中心
296 40992 7813103773506 北京蒙多体育设施技术开发有限公司
297 14478 2651103786619 北京北方华驿车辆销售服务有限公司
298 28259 5356103613512 北京麦尔泰克科技有限公司
299 51485 9839103768935 北京金陵小额贷款有限公司
300 46170 8811103819650 北京市长建燕城建筑工程有限公司
301 18149 3318103817758 北京汇丰方圆石化设备有限责任公司
302 4712 0866103840826 北京中斗科技股份有限公司
303 39549 7546103802524 北京恒通嘉联贸易有限公司
304 8567 1580103765507 北京恒拓包装设备有限公司
305 2184 0410103605054 北京利仁科技有限责任公司
306 3317 0617103890010 北京乾坤建业科技发展有限公司
307 34380 6546103847203 北京成旺人和商贸有限公司
308 19237 3537103682277 卓仪天恩（北京）文化传播有限公司
309 40840 7784103615900 北京奥信建筑工程设备安装有限公司
310 19287 3548103596929 北京世纪联保消防新技术有限公司
311 12448 2276103770863 盎亿泰地质微生物技术（北京）有限公司
312 16205 2972103621553 北京市海淀区私立新东方学校
313 11013 2016103626948 北京艺鼎达影视文化传播有限公司
314 23848 4469103622039 北京东冉信达科技有限公司
315 10240 1874103831823 北京新龙伟业建筑工程有限公司
316 5628 1029103773456 北京天恒房地产股份有限公司乐活城项目部
317 19855 3661103635634 北京友隽恒利商贸有限公司
318 7189 1301103861153 北京弘高建筑装饰设计工程有限公司
319 35731 6803103762639 北京文银雅邦投资有限公司
320 38889 7413103788853 北京国英恒业商贸中心
321 23799 4458103824882 北京市飞宇商贸有限公司劲飞红木家具厂
322 46796 8930103626765 北京东星冶金新技术开发公司
323 38109 7249103766172 中国航空油料有限责任公司北京分公司
324 22719 4225103679125 北京恒瑞行信息咨询有限公司
325 9826 1806103739684 中国民用航空维修协会
326 28053 5315103731385 北京泰格斯恒业科技发展有限公司
327 35536 6764103614309 北京得福祥餐饮管理有限公司
328 43417 8267103697658 北京红太阳药业有限公司
329 40531 7727103723947 北京能泰高科环保技术股份有限公司
330 22679 4214103852375 中铁嘉业（北京）投资有限公司
331 43969 8371103872978 北京毕路德建筑顾问有限公司
332 51002 9747103792887 北京华海金宝房地产开发有限公司励骏酒店
333 1913 0353103647444 北京佳信瑞达科技发展有限公司
334 45087 8595103692643 百丽鞋业（北京）有限公司
335 32529 6171103792300 北京龙腾顺达物流有限公司
336 51821 9906103659065 锐屏互动广告（北京）有限公司
337 32799 6221103676210 北京首冶新元科技发展有限公司
338 13772 2522103774465 北京合锐赛尔电力科技有限公司
339 46513 8879103633791 北京环亚泰克生物医学技术有限公司
340 10200 1866103803582 中国航空工业集团公司北京长城航空测控技术研究所
341 14292 2621103747196 北京龙城兴业物业管理有限公司美欣家园咨询分公司
342 38443 7318103828582 北京洁成源餐饮管理服务有限公司
343 28702 5447103915930 中国国际金融有限公司
344 4676 0861103816602 北京格瑞德曼仪器设备有限公司
345 9651 1773103719038 北京永利多房地产有限公司
346 49280 9416103835749 北京东方京海电子科技有限公司
347 8918 1642103649741 北京永华开利制冷设备有限公司
348 48504 9269103616427 北京北内创意电控发动机有限责任公司
349 20845 3847103687712 北京博大经开置业有限公司
350 1474 0273103782945 北京共荣嘉业贸易有限公司
351 21138 3897103622978 中国农业大学出版社有限公司
352 7289 1322103636567 北京合康亿盛变频科技股份有限公司
353 44856 8551103735414 天美（中国）科学仪器有限公司
354 12596 2302103761230 北京尚学跨考教育科技有限公司
355 22372 4147103910780 大锐行动（北京）营销策划有限公司
356 23681 4430103736920 房龙百城科技（北京）有限公司
357 18931 3476103862014 翰林经纬科技（北京）有限公司
358 16830 3081103699681 中国材料研究学会
359 51068 9761103761533 北京博超时代软件有限公司
360 26458 5015103799901 北京互联时代娱乐文化发展有限公司
361 20109 3708103783723 北京峰泉甬贸易有限公司
362 43291 8243103665866 北京赛博润特科技发展中心
363 31034 5899103877418 北京合景房地产开发有限公司
364 18162 3321103632894 北京天正软件股份有限公司
365 27645 5243103749146 新兴铸管集团资源投资发展有限公司
366 13773 2522103796314 北京中天正通工程设计有限公司
367 14293 2621103876242 北京帕特机电设备有限公司
368 18254 3339103650997 北京鑫利豪泰建筑劳务有限公司
369 43646 8312103836265 北京孚高通资讯有限公司
370 10747 1966103896354 北京世纪京泰家具有限公司
371 25156 4751103685210 北京强润影视有限公司
372 6083 1109103774025 北京京都诚大食品有限公司
373 13004 2377103726341 北京丝路印象餐饮管理有限公司
374 25532 4827103799778 楦雅互联（北京）国际广告传播有限公司
375 24597 4630103734862 北京东师理想教育科技有限公司
376 37684 7172103672985 北京精英智通科技股份有限公司
377 18094 3307103735500 北京巡航高科技有限公司
378 33433 6351103597610 中国黄金集团黄金珠宝有限公司
379 13069 2389103856634 北京宣爱智能模拟技术股份有限公司
380 12874 2358103598334 北京百骏图科技有限公司
381 19136 3520103799004 北京金盛德源医药科技有限公司
382 39359 7509103881411 当代东方投资股份有限公司北京文化发展分公司
383 22572 4192103798706 中国航空工业供销有限公司
384 39058 7449103658384 北京市卓宥律师事务所
385 1542 0285103698982 北京汇通志合科技发展有限公司
386 36680 6976103841700 亘农（北京）科技有限公司
387 6147 1119103782308 北京毕普创新科技有限公司
388 41644 7934103798740 北京赛诺博特科贸有限公司
389 22716 4224103895958 北京生物产业孵化基地有限责任公司
390 8849 1631103671859 北京凯腾生物技术有限公司
391 32891 6239103601817 北京音像公司
392 15970 2924103798426 北京玛维春天建筑工程咨询服务中心
393 15031 2757103761052 北京安洋伟业汽车销售服务有限公司
394 20056 3698103814610 京化通科技（北京）有限公司
395 42418 8079103618494 太极计算机股份有限公司
396 23329 4355103882867 北京中冶卓元科技发展有限公司
397 7410 1350103649534 北京山威瑞泰科技有限公司
398 10541 1927103788242 北京敬业达装饰工程有限公司
399 29358 5577103798834 罗亚帝（北京）美容美发有限公司
400 48205 9215103616030 茅台国酒（北京）商务会所有限公司
401 34987 6660103761806 北京世纪聚合风电技术有限公司
402 42992 8181103811393 北京中色建设机电设备有限公司
403 4859 0887103823929 北京中税网控股股份有限公司
404 10099 1852103872554 北京天时前程自动化工程技术有限公司
405 28645 5434103719644 北京中联恒利科技有限公司
406 15055 2763103594729 现代首选二手车经营有限公司
407 46613 8894103730352 北京普利宏斌化工材料有限责任公司
408 19324 3556103883967 北京盛同华远房地产投资有限公司
409 40326 7689103802663 北京金色时枫房地产开发有限公司
410 37016 7038103756964 北京世图文轩文化发展有限公司
411 5587 1023103723093 北京健龙森体育健身俱乐部有限公司
412 37825 7195103846586 航美城市（北京）户外广告有限公司
413 3761 0701103678923 北京欣天燃气设备安装工程有限公司
414 38195 7269103657019 赛思科有害生物防治（北京）有限公司
415 7323 1329103815316 中铁六局集团北京置业有限公司
416 33078 6277103786714 北京城乡世纪商厦有限公司
417 20720 3820103683434 联通华盛通信有限公司
418 44304 8442103870425 北京触控科技有限公司
419 16620 3044103662528 北京仁创科技发展有限公司
420 43292 8243103724570 北京众成就广告有限公司
421 7627 1392103622434 北京安达维尔机械维修技术有限公司
422 24976 4711103651876 艾格拉斯科技（北京）有限公司
423 47865 9146103745098 北京联郡餐饮管理有限公司第二分公司
424 34798 6624103601553 北京速深机械设备有限公司
425 30184 5738103757340 中国电力工程顾问集团公司
426 9186 1690103817870 北京泛亚视觉文化传播有限公司
427 43379 8261103815754 北京鑫基仓储服务有限公司
428 45276 8633103596144 北京临源兴业建筑工程有限公司
429 35441 6745103692229 北京富卓电力工程技术有限公司
430 1269 0233103603573 北京富熙博林汽车销售服务有限公司
431 30274 5758103607436 北京华富美印纸张销售有限公司
432 7554 1378103627052 北京日田精密机械有限公司
433 4075 0758103758184 北京纤丝鸟服饰有限公司
434 17191 3151103816419 北京菱泰机电技术有限公司
435 30214 5746103870298 北京中水新华灌排技术有限公司
436 28472 5398103616176 北京金五星百货批发市场有限公司
437 34501 6569103722239 北京海纳川汽车底盘系统有限公司
438 12474 2281103774692 万若（北京）环境工程技术有限公司
439 10413 1905103628619 深圳历思联行物业管理有限公司北京分公司
440 38814 7396103798112 北京创利通达科技有限公司朝阳分公司
441 42395 8075103620571 北京中恒实信贸易有限公司
442 39150 7470103604100 北京双庆达商贸有限公司
443 1318 0245103691949 北京伟氏宏泰石油化工产品有限公司
444 38028 7231103647787 北京市坤宏宇建筑装饰工程有限公司
445 3263 0608103817815 中环星科科技（北京）有限公司
446 47393 9053103820802 北京京楚物流有限公司
447 12209 2235103595187 法维莱交通设备科技（北京）有限公司
448 29164 5543103674670 北京东方高人管理顾问有限公司
449 12733 2331103698874 浪潮（北京）电子信息产业有限公司
450 9341 1716103760380 中企家园（北京）文化发展股份有限公司
451 2610 0497103651265 北京长润化工有限公司
452 15433 2826103598195 北京中经科环质量认证有限公司
453 46249 8827103682742 北京首儿药厂
454 38393 7307103798188 北京创意堂商贸有限公司
455 40578 7735103882723 奥力通起重机（北京）有限公司
456 10012 1837103741212 北京红狮漆业有限公司
457 47454 9067103687568 北京燕波工程管理有限公司
458 22388 4153103629486 温州市亚飞铝窗有限公司北京幕墙装饰分公司
459 32242 6117103870487 北京翔鲲水务建设有限公司
460 19460 3582103678508 北京赛升药业股份有限公司
461 24004 4500103650164 北京华加伟业医用制冷设备有限公司
462 1338 0249103758604 瑞科永诚（北京）电气技术有限公司
463 36210 6884103766701 中国煤炭地质总局建设工程培训中心
464 6742 1222103856022 北京一语一成景观规划设计有限公司
465 50361 9627103676809 北京城市网邻信息技术有限公司
466 33750 6409103621427 中航物业管理有限公司北京分公司
467 38898 7416103645799 北京中汽雷日汽车有限公司
468 7981 1471103664489 万达商业规划研究院有限公司
469 31179 5927103675139 北京光环新网科技股份有限公司
470 50904 9728103637367 北京中昊华宇勘测技术有限公司
471 8247 1518103596766 夏唐（北京）计算机技术有限公司
472 33892 6443103600209 北京尚德科技有限公司
473 30133 5727103627762 北京绿城颐景景观规划设计有限公司
474 898 0167103604662 北京鑫冠玉科贸有限公司
475 20805 3838103661193 北京大江东洗涤服务中心
476 23658 4427103691524 中海油中铁油品销售有限公司
477 9838 1807103658906 北京世纪恒丰房地产开发有限公司
478 31535 5997103616180 北京铸邦合众科贸发展有限公司
479 35118 6682103616662 北京传世迈拓科技发展有限公司
480 49305 9423103604014 北京昆泰嘉豪房地产开发有限公司酒店分公司
481 14215 2606103774551 北京木联能软件技术有限公司
482 32543 6173103594332 北京创新通恒科技有限公司
483 26100 4944103852446 中铁电气化局集团有限公司
484 50987 9743103786989 中国外运股份有限公司
485 14842 2719103788675 汇丰联合国际知识产权代理（北京）有限公司
486 13632 2496103633855 北京万和伟业包装有限公司
487 18009 3292103812041 北京鑫联必升文化发展有限公司
488 28941 5497103662317 北京安泰斯电子技术有限公司
489 20203 3725103869764 北京掌趣科技股份有限公司
490 33345 6331103727105 北京博康君业体育文化发展有限公司
491 12113 2220103877329 北京美合振永汽车贸易有限公司
492 32559 6176103765851 北京邦本物业管理有限公司
493 43280 8241103817671 北京市房山区城关街道八十亩地村经济合作社
494 14811 2714103909004 北京华油国源科技有限公司
495 41057 7824103682949 北京巴比龙科工贸公司
496 2940 0551103650405 中扶建设有限责任公司北京六分公司
497 14588 2672103889379 北京嘉骏国际传媒广告有限公司
498 31287 5949103734509 北京市东旺农药厂
499 5229 0950103821899 北京鸿盛博宇建筑工程有限公司
500 13643 2497103792791 成都蜀汉园林有限公司北京顺义分公司
501 25639 4852103842666 北京憶众联创电气科技有限公司
502 21184 3906103601294 广东大潮建筑装饰工程有限公司北京分公司
503 33882 6439103856947 同方工业有限公司
504 10764 1970103736739 新兴铸管股份有限公司北京销售分公司
505 46691 8908103767014 北京创星伟业信息技术有限公司
506 33869 6437103605647 北京世纪春晓文化传播有限公司
507 16116 2953103686013 费斯德电气连接设备（北京）有限公司
508 37496 7132103799035 北京市房山区长阳镇保合庄村社区股份经济合作社
509 19774 3643103757538 北京中长石基软件有限公司
510 38681 7366103877847 北京鑫鼎昊通交通设备有限公司
511 37617 7160103682389 北京实创盛业电梯有限公司
512 43180 8218103880386 北京大鹏冠通商贸有限公司
513 49451 9459103769287 北京市新海园林工程有限公司
514 22482 4174103615255 北京兴磊广告有限责任公司
515 9789 1799103685744 北京海供达电力设备安装有限责任公司
516 21123 3894103605300 北京华鑫华龙国际贸易有限公司
517 10111 1854103597654 北京新浩普医疗设备有限公司
518 40399 7703103881188 北京汇智华强商贸有限责任公司
519 44227 8420103853770 北京同仁堂通科药业有限责任公司
520 15741 2883103604261 北京爱步商贸有限公司
521 9957 1826103797578 北京提香源餐饮有限公司
522 40106 7644103825332 北京华贸素拉潘酒店发展有限公司丽思卡尔顿酒店
523 50161 9591103597206 北京天问鼎业科技有限公司
524 38792 7391103603483 北京长天佳和科技有限公司
525 28015 5308103886449 北京地大安环科技发展有限公司
526 42939 8170103844358 北京中汽南方中关汽车销售有限公司
527 15323 2809103655306 北京中熙正保远程教育技术有限公司
528 12168 2229103788744 北京奥特视电子科技有限公司
529 17865 3268103656227 北京市松天供应链管理有限公司
530 9070 1671103625034 北京东润灏源科技发展有限公司
531 30878 5872103637264 北京宁杰电力设备有限公司
532 26307 4988103621067 盛京银行股份有限公司北京分行
533 21476 3959103631660 中冶瑞泰（北京）科贸有限公司
534 23666 4428103734703 北京观滔高科技有限公司
535 45359 8649103664502 北京万多吉商贸有限公司
536 50988 9743103817593 艾瑞联科（北京）科技有限公司
537 15337 2811103798231 北京豪特耐管道设备有限公司
538 4296 0792103735036 北京金橙子科技有限公司
539 33301 6322103821047 北京科发伟业咨询服务中心
540 49844 9532103815826 北京首汽汽车修理有限公司
541 32841 6229103750366 北京绿洲锦绣园林工程有限公司
542 9167 1688103623020 北京市嘉祥工贸公司
543 33849 6433103685686 汇通创奇国际贸易（北京）有限公司第一分公司
544 48056 9185103671515 北京合力永兴科技有限公司
545 21260 3917103897112 北京中和应泰财务顾问有限公司
546 35435 6743103761660 北京莱米特科技有限公司
547 20798 3837103703983 北京华清联顺国际货运代理有限公司
548 5022 0915103811388 北京西电机电设备有限责任公司
549 19935 3676103736634 五矿地产控股有限公司
550 45157 8608103873872 北京立品图书有限公司
551 26517 5027103628094 北京华安远大智能电气有限公司
552 39387 7515103659121 北京信诚永利医疗器械有限公司
553 20828 3843103782027 北京和易达软件技术有限公司
554 50229 9602103634241 北京科泰兴达高新技术有限公司
555 15682 2871103910073 北京博凯尼建材贸易有限公司
556 33406 6345103695469 北京百恒达石油技术有限公司
557 36049 6856103799960 一七网（北京）信息技术有限公司
558 24300 4561103637799 北京华宇亿康生物工程技术有限公司
559 18676 3419103599741 北京国电金宇电力科技有限公司
560 43257 8236103735646 北京京丽渝乡餐饮有限公司
561 793 0149103769847 用友软件股份有限公司
562 25328 4786103910269 同辉佳视（北京）信息技术股份有限公司
563 1909 0352103795320 北京市海淀区三重电器厂
564 29612 5626103792441 北京华程金源国际物流有限公司
565 6739 1221103893220 北京金彩虹科贸有限公司
566 16874 3089103835676 克莱斯勒（中国）汽车销售有限公司
567 27976 5301103783233 北京章贡商贸有限责任公司
568 51144 9776103765662 北京绒典服装有限公司
569 16757 3068103838571 北京拓世寰宇网络技术有限公司
570 22462 4168103653977 北京红诚广泰物业管理有限公司
571 47102 8995103655218 北京瀚威思信息技术有限公司
572 36103 6866103729836 北京博瑞通达机电设备有限责任公司
573 10927 1999103620236 北京华晟经世信息技术有限公司
574 39212 7480103896560 北京维多化工有限责任公司
575 35228 6703103823871 利星行（北京）汽车有限公司
576 791 0149103680173 北京新哲重型机械配件有限公司
577 6257 1136103736350 北京新唐兴业地产有限公司
578 2106 0391103748890 北京中冶联科技有限公司
579 17532 3208103872892 北京格瑞趋势科技有限公司
580 44908 8563103699090 康柏斯粉粒体输送系统（北京）有限公司
581 22141 4095103644800 中国循环经济协会
582 10301 1885103823436 北京嘉恒物业管理有限公司
583 44561 8495103871306 北京义合众诚科技有限公司
584 25036 4722103790210 瑞宝（北京）装饰设计有限公司
585 34881 6638103687774 北京公益服务发展促进会
586 43819 8345103614541 北京利成兴业科技有限公司
587 5479 0998103636121 北京润永新太阳投资有限公司
588 23575 4407103880637 北京热景生物技术有限公司
589 7985 1472103627165 北京贝英斯数码技术有限公司
590 11954 2194103614135 中进汽贸服务有限公司
591 14940 2736103734982 北京军科联合干细胞生物科技有限公司
592 43364 8258103796956 中央广播电视大学出版社有限公司
593 37948 7216103659941 中承华宇建设集团有限公司北京分公司
594 42371 8070103787572 华高莱斯国际地产顾问（北京）有限公司
595 49051 9369103649726 北京润泰环保科技有限公司
596 7514 1371103626489 北京北科欧远科技有限公司
597 7258 1317103842174 北京百合建业建筑工程有限公司
598 4238 0782103836294 北京神州油橄榄技术开发公司
599 41317 7878103797721 北京盛世鸿昌文化发展有限公司
600 4386 0809103684418 北京宏润金泽消防设施安装工程有限公司
601 7459 1360103755407 北京威联德骨科技术有限公司
602 21982 4062103633296 北京世达环球科贸有限公司
603 40593 7738103675182 北京亿来置业有限公司
604 49801 9526103778399 北京瀚高世纪装饰有限责任公司
605 50383 9630103804921 北京中天华瑞科技发展有限公司
606 42742 8138103755234 北京全能机电设备有限公司
607 28460 5396103767236 北京罗斯德尔过滤器有限公司
608 33943 6457103691527 北京市昌平区水务局北七家水务站
609 15002 2752103607041 北京百伯瑞科技有限公司
610 14891 2727103689080 北京宏业世佳科技发展有限公司
611 27149 5141103811244 濠江装饰（北京）有限公司
612 6768 1226103872410 北京中天置地房地产经纪有限公司
613 26095 4943103878146 北京正阳信达科技发展有限公司
614 21116 3893103693534 北京农产品中央批发市场有限责任公司
615 42820 8152103853273 国家开放大学八一学院
616 33095 6280103603750 中电投物流有限责任公司
617 29201 5551103797476 北京浩洋正业汽车销售服务有限公司
618 47059 8986103637532 北京久久神龙消防器材有限公司
619 15248 2796103798251 北京草堂置业有限公司
620 11395 2089103695848 北京中润嘉维科贸有限公司
621 4402 0810103825295 北京华贸素拉潘酒店发展有限公司金威万豪酒店
622 43160 8213103697830 北京思凯得生物科技有限公司
623 4804 0880103756429 北京双银工贸有限公司
624 7523 1372103901583 北京庆怀石化有限责任公司
625 3738 0695103847471 北京怀资园林绿化工程有限公司
626 50482 9650103876843 北京海克赛德科技有限公司
627 20883 3853103883269 北京宝辰兴业贸易有限公司
628 42489 8093103610668 北京中油实业公司
629 27714 5257103801829 北京世纪联华清城超市有限公司
630 45861 8756103637283 品迈（北京）项目管理技术有限公司
631 2020 0375103844507 中汇世展(北京)展览有限公司
632 13116 2399103738718 中国京冶工程技术有限公司
633 13146 2406103593405 北京惠农资本管理有限公司
634 37450 7125103687351 北京思科派电子产品有限公司
635 160 0030103735713 北京饭前饭后餐饮管理有限公司第二分公司
636 22036 4072103620183 北京赛科昌盛医药有限责任公司
637 47087 8992103788852 北京众驰建筑设计有限公司
638 26980 5109103655022 北京东晟世纪科技有限公司
639 44466 8475103651666 北京市燃气集团有限责任公司工程建设管理分公司
640 15359 2815103843846 北京通州海马酒店
641 23864 4471103901995 川北真空科技（北京）有限公司
642 8573 1581103650377 北京信达电通科技发展有限公司
643 45421 8662103598257 北京市园禾方圆植物科技有限公司
644 37132 7061103798885 北京香水百合美容美发有限公司
645 33324 6327103812863 北京媒讯管理顾问有限公司
646 36596 6960103880718 北京博诚晓业科贸有限公司
647 11854 2178103596557 北京霍尔斯生物科技有限公司
648 21256 3916103839713 北京华夏联拓光电科技有限公司
649 6232 1132103698778 中电国瑞物流有限公司
650 26747 5067103654569 北京淮创广告有限公司
651 30384 5778103747528 北京瑞升天宇科技有限公司
652 9507 1747103719516 北京百腾蓝创网络科技有限公司
653 26070 4938103767278 北京通和盛远汽车贸易有限公司
654 45318 8640103877986 北京京达来科技有限责任公司
655 3058 0572103812929 北京山水之光园林工程有限公司
656 31150 5922103823148 北京鲁班建筑工程公司东兴分公司
657 35789 6813103769159 北京公联洁达公路养护工程有限公司
658 42279 8056103597379 北京蓝海天地电子商务有限公司
659 46645 8900103687788 北京中新博展营销顾问有限公司
660 44587 8501103893718 北京英杰昊达文化传播有限公司
661 7578 1382103783575 北京华铝爱森化工技术有限公司
662 43782 8337103773994 北京百分通联信息技术有限公司
663 39615 7557103593293 北京罗德嘉美机械设备有限公司
664 21358 3937103741246 北京天运联辉国际物流有限公司
665 25129 4743103780346 北京誉兴达给水科技发展有限公司
666 45949 8772103792714 北京中农弘科生物技术有限公司
667 40973 7809103683315 北京科百利迅石油技术有限公司
668 20957 3868103682856 北京圆韬伟业制冷设备有限公司
669 20785 3834103802717 北京天创建元工程咨询有限公司
670 38335 7298103599434 北京海旺博大电力技术有限公司
671 2221 0418103789821 北京信诚顺达会议服务有限公司
672 2593 0494103692100 北京大唐龙影文化传播有限公司
673 52216 9978103629070 北京数圣工程造价咨询有限公司
674 39859 7601103692171 天信达信息技术有限公司
675 48156 9204103594232 华融证券股份有限公司
676 50066 9573103641370 北京恒润腾达保洁服务有限公司
677 19999 3689103693474 华润协鑫（北京）热电有限公司
678 26526 5028103720652 北京欢乐之旅科技有限公司
679 19469 3584103761166 北京瑞泰安建设工程有限公司
680 38629 7355103623903 北京身心康生物科技有限公司
681 51955 9929103782197 北京嘉铭仁商贸有限责任公司
682 36257 6892103821571 华盛建安科技（北京）有限责任公司
683 968 0177103796383 北京金鸿泰科技有限公司
684 15477 2833103767164 北京驷联智达科技有限公司
685 44841 8548103617342 北京三和合机电工程有限公司
686 39373 7512103666641 北京远东天成科技有限公司
687 20156 3717103682103 北京鸿佳建筑工程有限公司
688 34393 6549103687803 北京天阙建筑设计有限公司
689 21337 3932103736935 北京汇元网科技有限责任公司
690 38574 7343103671651 北京无名居美食有限公司
691 4809 0881103786300 北京南郊农业生产经营管理中心
692 52207 9976103601554 北京怡富日盛科技有限公司
693 7782 1425103798757 北京欣智通科技发展有限公司
694 32409 6150103595378 国机资产管理公司
695 21286 3922103797707 北京菲尔伯环境科技有限公司
696 24063 4511103771834 北京市丰台区鸿基培训中心
697 12004 2205103892646 北京新兴诚信防腐保温工程有限责任公司
698 12496 2285103861275 北京津丰华北汽车贸易有限公司
699 42975 8179103732339 北京弘德普盛医药科技有限公司
700 23209 4328103645977 北京清电教育咨询有限公司
701 299 0058103672924 北京智源信和科技发展有限责任公司
702 37774 7187103652267 宏海瑞盛（北京）贸易有限公司
703 40739 7767103683663 北京微利伟业商贸有限公司
704 28164 5337103601939 北京东方红航天生物技术股份有限公司
705 6914 1255103649945 南京银行股份有限公司北京分行
706 26182 4961103627388 中谷粮油集团公司
707 5460 0994103805730 北京金山建筑机械厂
708 7229 1312103879894 北京百里香舍餐饮管理有限公司
709 33411 6346103799367 世界中医药学会联合会北京御方堂中医门诊部
710 15791 2894103601928 北京乐动卓越科技有限公司
711 15753 2885103837893 北京华梦家联房地产经纪有限公司
712 27177 5147103736187 北京惟邦亚太规划设计有限公司
713 5959 1086103594725 北京市海淀区万国培训学校
714 7950 1465103651653 北京中航弱电系统工程有限公司
715 7525 1373103604416 北京联龙博通电子商务技术有限公司
716 38647 7358103841118 北京特谱康科技有限公司
717 5882 1074103784193 机械工业规划研究院
718 32616 6186103747762 北京佳艺恒泰文化传播有限公司
719 33783 6417103686972 北京龙翔华恒商贸有限公司
720 25794 4884103601558 北京瑞安建业房地产顾问有限公司
721 6580 1191103636333 北京洛斯达科技发展有限公司
722 51947 9928103739674 北京友源前景医疗器械有限公司
723 34538 6574103676529 西马克国际贸易（北京）有限公司
724 33527 6364103687280 北京光影梦幻城市文化发展有限公司
725 21886 4038103823120 北京安杰玛商贸有限公司
726 2714 0513103623168 北京万里开源软件有限公司
727 44435 8468103799988 北京富申联合钢铁配送有限公司
728 7451 1358103764264 中国中建设计集团有限公司
729 26871 5089103676641 北京世源希达工程技术公司
730 26004 4924103617203 北京豪迈世纪医药科技发展有限公司
731 7996 1475103614561 奥迪（中国）企业管理有限公司
732 14031 2573103716591 北京庆春管线清洗有限公司
733 28822 5472103883277 北京英浩驰华智能科技有限公司
734 15421 2824103596074 北京市王玉梅律师事务所
735 51656 9876103791089 北京市房山区城关街道东坟村经济合作社
736 50810 9709103731198 北京康钰垚生物科技有限公司
737 12557 2295103733983 北京康思润业生物技术有限公司
738 39641 7561103678435 北京中新永创科贸有限公司
739 37927 7213103615957 北京博萨汽车配件有限公司
740 13192 2414103842053 北京藏象教育咨询有限公司
741 14696 2692103846412 北京天马轴承有限公司
742 27164 5144103767285 北京掌中宝通讯科技有限公司
743 40254 7676103658153 北京金自天成液压技术有限责任公司
744 22783 4240103626047 北京骏蓝拓科技有限公司
745 41383 7889103674498 北京康合力源科贸有限公司
746 5486 0999103621627 北京奈亚信息技术有限公司
747 46248 8827103622545 北京创评建筑装饰有限公司
748 52159 9967103893154 北京三尼阳光科技发展有限公司
749 24884 4691103620958 北京大东创意展览展示有限公司
750 34966 6657103621801 北京国昌线缆有限责任公司
751 18181 3327103618914 北京锐泽科技发展有限公司
752 31715 6028103636505 史泰博（上海）有限公司北京商贸分公司
753 31041 5901103594705 北京利福瑞达科贸有限公司
754 17181 3147103775285 北京正信行商贸有限公司
755 16629 3045103730802 北京康远制药有限公司
756 679 0126103679998 海湾环境科技（北京）股份有限公司
757 3237 0605103654810 北京瑞成达房地产开发有限公司
758 7213 1308103827272 深圳市丰利源科技有限公司北京技术分公司
759 6278 1139103773670 北京康懿医疗设备有限公司
760 4201 0776103664827 北京道讯科技有限公司
761 34074 6485103702747 北京丹华爱步商贸有限公司
762 50336 9622103795748 北京綦齿机电有限公司
763 32686 6202103900653 北京智加问道科技有限公司
764 7407 1349103908706 北京康辰药业股份有限公司
765 7796 1429103820168 北京图文天地制版印刷有限公司
766 1723 0318103856863 国开金泰资本投资有限责任公司
767 50682 9683103824533 北京邦力化工有限公司
768 42865 8159103659234 北京市保障性住房建设投资中心
769 8622 1589103676548 中国人民大学出版社有限公司
770 9042 1667103596410 北京世纪中基房地产开发有限公司
771 26091 4943103605658 北京锋盈利通金属材料有限公司
772 18569 3399103645745 北京市大兴区夕阳红养老院
773 47016 8977103695963 北京恒信康源科技发展有限公司
774 20591 3797103841937 北京福基阳光科技有限公司
775 11098 2029103799986 北京富申联合钢铁配送有限公司
776 31743 6031103631389 北京盖视文化传媒有限公司
777 11694 2149103678261 北京中顺恒信科贸有限公司
778 11756 2162103760599 北京宏利明达市政工程有限公司
779 44471 8476103701928 北京雅佳装饰工程有限公司
780 16401 3005103650959 北京华大九天软件有限公司
781 8793 1618103775763 中机国际招标公司
782 44604 8505103663857 东方时尚驾驶学校股份有限公司
783 34894 6642103722871 北京冶联科技有限公司
784 44232 8421103823711 北京昊宸顶嘉商贸有限公司
785 7824 1436103700372 北京燕宝汽车服务有限公司
786 28608 5427103760004 北京麦斯赛林新型材料技术有限公司
787 35317 6718103769798 北京建兴佳盛招标咨询有限责任公司
788 11642 2137103766265 盛唐科技（北京）有限公司
789 51119 9772103893324 北京市石景山区精华培训学校
790 50977 9741103817252 北京华电兴成工程设计有限责任公司
791 47574 9089103734612 北京捷成时代文化传媒有限公司
792 5345 0970103710511 北京河南商务酒店
793 33364 6336103618017 北京旭通永富科技有限公司
794 33726 6402103611411 北京物流协会
795 31445 5982103604905 北京洪城铭豪商务酒店
796 16688 3057103615203 北京比特易湃信息技术有限公司
797 46806 8932103648122 北京全网时代科技有限公司
798 32847 6230103728716 北京正强新世纪国际贸易有限公司
799 14988 2749103658855 北京顺康宏泰包装科技有限公司
800 39661 7565103679236 北京市朝阳区国有资本经营管理中心
801 7131 1292103687510 北京三合世纪科技有限公司
802 3383 0630103739511 北京久久弋曙科技有限责任公司
803 43538 8290103756951 北京梵诺空间设计有限公司
804 15843 2903103627699 中投发展有限责任公司
805 8876 1634103834716 北京正华永欣房地产开发有限公司
806 51940 9927103662435 北京怡妙嘉欣贸易有限公司
807 37026 7040103704105 欧密斯（北京）贸易有限公司
808 10450 1910103736379 北京顺和捷亚国际物流有限公司
809 37213 7078103784104 北京大京泰克工贸有限公司
810 41313 7877103823286 中国电影股份有限公司
811 43808 8342103618464 北京亿兆华盛有限公司
812 15069 2765103747836 北京万川商贸有限公司
813 42204 8039103676798 北京龙润凯达石化产品有限公司
814 47736 9119103686971 北京龙翔华恒商贸有限公司
815 41798 7964103737041 浙江伟星新型建材股份有限公司北京销售分公司
816 15443 2827103638429 中国国旅集团有限公司
817 40781 7775103620960 北京大学国际医院
818 51911 9921103702843 北京中信国际大厦物业管理有限公司
819 31515 5993103619224 北京金朋达航空科技有限公司
820 18733 3434103608542 北京热源网络文化传媒有限公司
821 39041 7445103678848 北京空港天友技术服务有限公司
822 44074 8390103827383 北京金诺珩科技发展有限公司
823 9972 1830103600925 北京世纪海润建筑工程有限公司
824 13795 2526103758053 北京德福祥房地产开发有限公司
825 20747 3826103689254 名洋国际会展（北京）有限公司
826 37533 7140103889007 北京京电金龙电力安装工程有限公司
827 13291 2434103795094 北京北方茂林商贸有限公司
828 41474 7905103788173 北京奥泰通博达咨询服务有限公司
829 46738 8918103626487 北京北科欧远科技有限公司
830 37264 7088103820723 北京紫东投资发展有限公司
831 31175 5926103880009 北京君天首业商贸有限公司
832 49095 9378103660484 北京久钰久数码产品贸易有限责任公司
833 4811 0881103787969 北京市电话工程公司
834 9270 1704103787265 航天万源实业公司
835 5410 0982103770595 北京润亚环宇建筑工程有限公司
836 1067 0196103812692 北京万顺达房地产开发有限公司
837 19052 3503103606143 北京航天振邦精密机械有限公司
838 35356 6726103824581 北京中油瑞飞信息技术有限责任公司
839 8211 1512103595945 北京荣威阳光设备安装工程有限公司
840 43910 8360103666691 业浩动力科技（北京）有限公司
841 24868 4688103841172 北京金鑫创业科技有限公司
842 5559 1016103618182 北京博大兴投资开发有限公司
843 13907 2545103856959 北京亨恒装饰装潢有限公司
844 9665 1777103602038 北京人大金仓信息技术股份有限公司
845 3766 0702103598488 北京斯迪风尚广告有限公司
846 42604 8114103756441 北京溢林永昌商贸有限公司
847 43487 8280103596644 北京五辰之光照明电器有限公司
848 38318 7295103647986 北京旺德万泰经贸有限公司
849 41975 7998103646771 北京京安捷成贸易有限公司
850 1246 0229103634108 北京朝批商贸股份有限公司
851 6026 1097103796468 北京华圣书园图书有限责任公司
852 33263 6314103748572 北京金旗华瑞科技发展有限公司
853 35801 6815103838928 北京七彩书香图书有限公司
854 20928 3862103820124 北京维拓时代建筑装饰工程有限公司
855 20418 3765103898485 北京安龙特种车辆有限公司
856 11637 2136103739767 北京中铁兴华经贸有限公司
857 33566 6371103797152 北京嘉业天兴路桥养护有限公司南窖分公司
858 2048 0379103837785 北京清控水木建筑工程有限公司
859 40457 7713103757153 北京爱乐游信息技术有限公司
860 14407 2636103893802 北京文豪宏博尔科技股份有限公司
861 23736 4442103770359 北京天安天地房地产开发有限公司
862 21304 3926103683427 央广传媒发展总公司广告分公司
863 11673 2142103890205 北京卡莱特科技有限公司
864 52276 9988103691739 北京车谷汽车销售有限公司
865 10138 1857103730586 中国水电建设集团租赁控股有限公司
866 47041 8981103791271 中国专利技术开发公司
867 10258 1878103761103 北京科华通达科技发展有限公司
868 32935 6249103687948 北京京能源深融资租赁有限公司
869 42326 8062103711483 北京城东兴达工贸有限公司
870 40732 7766103827259 北京兆信德记信息标签印刷有限公司
871 48718 9307103879378 北京康复之家医疗器械连锁经营有限公司
872 5425 0987103636441 河北华能实业发展有限责任公司北京贸易分公司
873 43701 8321103788451 北京普锐全球科技发展有限公司
874 39933 7614103896056 北京裕创投资顾问有限公司
875 46193 8817103698792 筑城嘉业模型技术(北京)有限公司
876 33482 6357103898501 北京博度科技发展有限公司
877 30167 5733103646483 北京飞博润科技发展有限公司
878 307 0059103821214 北京快游互动科技有限公司
879 10029 1841103603071 中润天信（北京）投资顾问有限公司
880 30470 5794103676464 北京亿尔思消防安全工程有限责任公司
881 46373 8852103683698 中国房地产开发集团公司
882 27300 5172103683926 北京市京顺机动车检测场
883 51826 9906103824736 太平洋建筑设计工程有限公司
884 45493 8679103660333 北京麒麟网文化股份有限公司
885 31239 5939103605062 北京同心和发商贸中心
886 50240 9603103846659 北京信路威科技股份有限公司
887 13295 2435103620415 北京盾安空调设备安装有限公司
888 41179 7854103769037 北京山水绿洲房地产开发有限责任公司
889 46100 8800103734977 北京联众华禹环保科技有限公司
890 19828 3655103623647 北京通厦北苑物业管理有限公司
891 17005 3114103701893 北京搜狐新媒体信息技术有限公司
892 47227 9020103791212 北京一轻控股有限责任公司
893 46131 8805103734663 北京博雅思源文化传播有限公司
894 20174 3721103788273 学成世纪（北京）信息技术有限公司
895 3565 0664103721135 北京艾力威蓝科技有限公司
896 46214 8820103663316 北京天地华泰采矿工程技术有限公司
897 13958 2556103741588 华诚博远（北京）建筑规划设计有限公司
898 51855 9912103792355 北京市房山区复兴林木良种繁育中心
899 9053 1669103623796 北京亚海千龙科技发展有限公司
900 32346 6138103714306 北京勇杰顺发机械设备租赁有限公司
901 10552 1931103653005 众为智诚国际品牌管理顾问（北京）有限公司
902 48319 9235103726148 北京凯威富檑汽车销售服务有限公司
903 1243 0229103594816 九源天能（北京）科技有限公司
904 4855 0887103748780 北京慨尔康科技发展有限公司
905 601 0108103910346 卡尔拉得优胜汽车修复系统（北京）有限公司
906 41890 7982103867522 北京汇景园园林绿化有限公司
907 48195 9212103645002 中铁十二局集团有限公司北京分公司
908 27063 5123103869281 北京珠江钢琴制造有限公司
909 39263 7490103737179 赛德仕（北京）科技发展有限公司
910 33797 6420103890685 北京德福悦安投资顾问有限公司
911 33259 6312103683254 北京长顺安达测控技术有限公司
912 44346 8450103593864 北京神州新桥科技有限公司
913 9987 1834103670964 北京正宇恒通建设工程有限公司
914 20361 3756103795925 北京筑衡建设工程顾问有限公司
915 48763 9317103621628 北京奈亚信息技术有限公司
916 21805 4023103602718 北京中伦泰业建筑工程有限公司
917 18507 3387103720932 北京新绎爱特艺术发展有限公司
918 21038 3880103735286 北京新润成通工程技术发展有限责任公司
919 12225 2239103590319 北京东方人学中心
920 33746 6408103589492 北京八达岭索道有限公司
921 26375 4998103844010 北京市双翌建筑装饰工程有限公司
922 44083 8392103787117 志行博（北京）科技有限公司
923 48554 9278103664235 北京睿德历芾建筑设计顾问有限公司
924 20904 3857103815736 北京和商领汇时装有限公司
925 31714 6028103621127 北京鸿坤伟业房地产开发有限公司
926 10525 1923103804801 北京国投方诚资产管理有限公司
927 49897 9542103620046 北京加林华茂经贸有限公司
928 19759 3640103880655 北京靳朝晖室内装饰设计有限公司
929 42629 8119103798846 北京市龙鼎华源房地产开发有限责任公司
930 39596 7554103637861 北京博信易达信息技术有限公司
931 16210 2972103813247 博睿盛伦国际咨询（北京）有限公司
932 780 0146103775303 锋创科技发展（北京）有限公司
933 977 0179103795245 伯乐达（北京）科技有限公司
934 50452 9643103678738 北京德盛富华科技有限公司
935 35822 6820103660970 莱凯医疗器械（北京）有限公司
936 50584 9668103671227 北京易普联科信息技术有限公司
937 40639 7748103729958 北京骏德酒业有限公司
938 30638 5825103839966 北京天行布瑞商贸有限公司
939 8351 1539103663919 北京海天众意整合营销顾问有限公司
940 17427 3193103596321 北京中盛美视文化传媒有限公司
941 9148 1685103615944 北京文瑞世纪科技发展有限公司
942 1917 0354103670369 北京金诚立信资产评估有限公司
943 12303 2253103699229 北京京粮置业有限公司
944 38896 7415103765784 北京翊存梓铭科技有限公司
945 24986 4713103755777 北京云扬盛达工程技术有限公司
946 37241 7083103688603 中国交通物资有限公司
947 25770 4879103784494 中外运空运发展股份有限公司华北分公司
948 23738 4443103613846 北京北方鸿瑞汽车技术有限公司
949 34087 6487103823479 北京克莱亚特空调科技有限公司
950 27707 5256103811069 迈恩德（北京）电子有限公司
951 45247 8628103617230 北京市康泰海思健康科技有限公司
952 39630 7559103664048 北京思多锐科技有限公司
953 27634 5240103743022 北京京亦安顺达货物运输有限公司
954 5971 1087103645034 北京南极星投资管理公司
955 18797 3447103633475 北京中科富邦医疗设备有限公司
956 52093 9957103787231 柏定生物工程（北京）有限公司
957 32667 6198103804965 北京中联服科技服务有限公司
958 25468 4814103639024 北京英国广播公司
959 42403 8076103678328 北京泊岸空间家具有限公司
960 44320 8445103844464 北京金色世纪商旅网络科技股份有限公司
961 28437 5391103616053 北京都司派科技有限公司
962 36762 6991103618662 北京迅捷立维技术服务有限公司
963 51995 9937103760893 北京东联华安仪表科技有限公司
964 17588 3219103623754 北京圣隆园林工程有限责任公司
965 32480 6164103634563 山重融资租赁有限公司
966 43369 8259103786690 北京华通恒盛电气设备有限公司
967 11862 2179103735691 北京美索拓展国际展览展示有限公司
968 36867 7009103861912 北京汇理孚达贸易有限公司
969 17455 3196103892200 北京华海物业管理有限公司
970 23549 4401103599310 北京北纬恒达商贸有限公司
971 30196 5742103846435 北京新明华泰科技有限公司
972 42728 8136103659129 北京京铁联建建筑工程有限公司
973 3875 0720103872749 北京埃斯欧应用技术发展有限公司
974 16320 2992103790592 北京上投彩虹资产管理中心（有限合伙）
975 17228 3159103664161 北京维通利电气有限公司
976 42167 8032103656241 北京城承物业管理有限责任公司
977 36251 6890103798054 方正宽带网络服务股份有限公司
978 34335 6537103799781 楦雅互联（北京）国际广告传播有限公司
979 6728 1219103784344 北京朝林置业有限公司
980 25612 4847103730667 北京北汽恒盛置业有限公司
981 24127 4522103826662 北京佳信创捷数码印刷技术有限公司
982 48348 9239103595878 北京民经惠和文化发展有限公司
983 8542 1576103684049 高碑店市建筑企业（集团）公司北京第三分公司
984 11889 2183103758110 北京北辰东方体育运动俱乐部有限公司
985 23291 4346103696211 北京佳信乐游科技有限公司
986 13477 2467103876410 北京金诺锐杰基因科技有限公司
987 25670 4860103769439 北京胜景园林绿化工程有限公司
988 44481 8479103596743 北京安伟联创科技有限公司
989 17025 3118103909068 北京凯美斯文化发展有限公司
990 31543 5998103782111 北京龙湖兴润置业有限公司
991 17918 3275103835667 北京华育宏科文化发展有限公司
992 15171 2781103652759 北京纳思电器有限公司
993 40562 7733103876566 北京信联迅达科技有限公司
994 16358 2998103743851 北京广日电梯服务中心
995 24713 4655103823358 北京京御园宾馆有限公司
996 2250 0425103656819 深圳丝路数字视觉股份有限公司北京分公司
997 47043 8982103623921 北京森源博尔装饰材料有限公司
998 6417 1163103797077 北京北凡科技有限公司
999 41230 7862103666586 北京智杰方远科技有限公司
1000 6283 1140103889491 宾堡（北京）食品有限公司
1001 10539 1927103682404 北京慈孝宫餐饮管理有限公司
1002 49839 9532103658036 北京和茂庆科贸有限公司
1003 2520 0479103645388 江河创建集团股份有限公司
1004 35756 6808103805469 北京融安特智能科技有限公司
1005 11315 2075103750367 北京绿洲锦绣园林工程有限公司
1006 41071 7827103628190 北京万佳鑫物业管理有限责任公司
1007 28958 5501103792861 中国稀土行业协会
1008 15842 2903103627697 中投发展有限责任公司
1009 50659 9680103739841 北京掌讯传媒广告有限公司
1010 18740 3435103629225 北京宏业天一石材有限公司
1011 16792 3075103647584 北京莱柯倍耳技术有限公司
1012 20194 3724103884996 尚衍易相（北京）文化传媒有限公司
1013 32416 6151103768137 普泽堂（北京）科技有限公司
1014 28221 5347103836468 北京同仁堂京北企业管理有限公司
1015 46624 8897103616201 北京中世华业自动化设备有限公司
1016 19003 3490103770557 北京金石视觉数字科技有限公司
1017 17700 3238103849004 北京中经皓宇管理咨询有限公司
1018 19709 3632103815447 北京泰嘉恒建设工程有限公司
1019 19843 3658103617103 北京政泉控股有限公司
1020 38240 7277103804715 华云升达（北京）气象科技有限责任公司
1021 5632 1030103601414 奥地利维纳博艮股份公司北京代表处
1022 15025 2756103835517 北京聚鑫福安建筑工程有限公司
1023 2166 0404103679414 今麦郎饮品股份有限公司
1024 39844 7598103774793 北京鑫方盛五金交电有限公司
1025 27330 5176103890990 宏达联行（北京）房地产经纪有限公司
1026 44842 8548103741570 北京京业建筑设计有限公司
1027 39917 7612103773601 北京特耐利德隐形纱窗有限公司
1028 41535 7917103799097 北京华兴凯达石油化工有限公司
1029 27919 5290103671437 北京中美仕家汽车贸易有限公司
1030 25111 4739103770106 优诺时代文化传播（北京）有限公司
1031 234 0045103655204 北京隆泰宏业科技有限公司
1032 35224 6702103839147 中昂地产（集团）有限公司
1033 42065 8013103877858 北京桂有永欣科技发展有限公司
1034 50330 9621103678466 北京庞大信诚汽车销售服务有限公司
1035 14378 2632103660101 北京华亨物流有限公司
1036 20771 3832103823676 乐得科技有限公司北京分公司
1037 30049 5711103710796 北京宝得瑞食品有限公司
1038 14356 2630103629763 北京中兴天传电气技术有限公司
1039 3411 0636103622305 北京中乾艺德雕塑艺术有限公司
1040 40395 7703103654365 北京东方华辉市政工程集团有限公司
1041 15702 2876103770856 北京汇铸建筑安装工程有限公司
1042 19586 3606103788540 北京华夏聚龙自动化股份公司
1043 48758 9315103860627 北京中邦亚通电信技术有限公司
1044 23771 4452103603859 北京日月通达建筑工程有限公司
1045 48491 9266103658336 北京凯硕恒盛科技有限公司
1046 8902 1638103766210 北京长红汇通管理咨询有限责任公司
1047 48820 9327103690417 北京金凯惠医疗器械有限责任公司
1048 14472 2650103616502 北京紫天公关顾问有限公司
1049 419 0078103660141 北京超同步科技有限公司
1050 39741 7581103595034 锐翔悦动（北京）商贸有限公司
1051 16245 2979103623325 龙铁纵横（北京）轨道交通设备有限公司
1052 5671 1036103624156 北京市木达建筑有限责任公司
1053 21388 3943103899406 今麦郎日清食品有限公司北京分公司
1054 20371 3758103683555 北京富商益民科贸有限公司
1055 4908 0895103651950 北京市大兴区爱壹家老年护养院
1056 34814 6627103664092 北京时代化工展览服务公司
1057 355 0068103639198 北京德东科技有限公司
1058 48239 9220103605205 北京厚德时代印刷技术有限公司
1059 36312 6901103739418 北京国科天创建筑设计院有限责任公司
1060 48556 9278103773808 北京明瑞迅国际会议服务有限公司
1061 41368 7887103617526 北京德嘉创科技有限公司
1062 26634 5045103601389 北京大洋福运物流有限责任公司
1063 22740 4230103757654 明发集团北京房地产开发有限公司
1064 45956 8774103594904 北京利祥制药有限公司
1065 16558 3032103762412 美电高通（北京）科技有限公司
1066 37298 7095103680118 北京左江科技有限公司
1067 42678 8128103781338 北京北博腾商贸有限公司
1068 30218 5747103687360 中钞长城金融设备控股有限公司
1069 25728 4873103603904 北京兆丰百源国际贸易有限公司
1070 25854 4895103697595 北京纳巴罗服饰有限公司
1071 41282 7872103816308 北京创辉源科技发展有限公司
1072 3345 0624103597858 北京百纳友为科技有限公司
1073 16298 2988103597267 北京法政建筑工程有限公司
1074 31775 6037103679516 北京路通捷物流有限公司
1075 22538 4186103877200 北京佰鸣博泰投资有限公司
1076 38373 7303103597533 北京春景生华物业管理有限公司
1077 18594 3403103824579 北京中油瑞飞信息技术有限责任公司
1078 30722 5842103878464 北京福思维科技发展有限公司
1079 43680 8318103623770 北京龙泉宾馆有限公司
1080 18429 3373103652280 北京建恺混凝土外加剂有限公司
1081 48350 9239103856292 北京长惠城镇化建设投资基金（有限合伙）
1082 25446 4808103893684 北京摩登天空文化发展有限公司
1083 41116 7837103634311 北京德瑞国际货运有限公司
1084 40505 7722103651168 北京信能阳光新能源科技有限公司
1085 8867 1633103799742 中博银晟（北京）文化传播有限公司
1086 46891 8953103824541 北京数码大方科技股份有限公司
1087 13836 2532103721458 中国环境出版有限责任公司
1088 21695 4001103594898 北京华电云通电力技术有限公司
1089 45423 8662103826835 北京嘉业天兴路桥养护有限公司
1090 31892 6061103787505 北京卡特展宏科技有限公司
1091 20417 3765103882669 北京翰海书香图书有限公司
1092 34137 6498103828038 北京八八空间舞蹈文化艺术有限公司
1093 30371 5777103589007 中盈创信（北京）商贸有限公司
1094 7183 1300103731973 高德中彩科技有限公司
1095 51355 9816103601123 中建华会计师事务所有限责任公司
1096 41395 7891103692773 北京华煤诺亚科技有限公司
1097 49173 9394103792295 北京朴风尚艺术设计有限公司
1098 2803 0527103598028 北京泰宇博坤科贸有限公司
1099 7214 1309103596777 北京河南大厦
1100 11194 2048103792803 北京金控自动化技术有限公司
1101 18551 3395103901051 北京中农牧贸易有限公司
1102 18603 3405103731714 北京朗新明环保科技有限公司
1103 26893 5093103622707 北京庆都彩色印刷有限公司
1104 50786 9704103721792 北京永章商贸有限公司
1105 12901 2362103682028 卓路文化发展（北京）有限公司
1106 41700 7945103828112 北京东方震旦文化传媒有限责任公司
1107 41940 7992103590853 北京阳光雅坤餐饮管理有限公司
1108 18862 3461103738647 信诚人寿保险有限公司北京分公司
1109 16220 2974103729751 北京佳萌锐普科技发展有限公司
1110 21960 4056103823073 腾讯科技（北京）有限公司
1111 4559 0842103597075 北京世纪金辉体育发展有限公司
1112 17884 3270103817790 北京富伦德酒店管理有限公司
1113 207 0041103898462 北京安龙特种车辆有限公司
1114 15922 2916103651949 北京汇集视讯科技有限责任公司
1115 37846 7200103626562 北京宏伟志业装饰工程有限责任公司
1116 34562 6579103624895 华寅工程造价咨询有限公司
1117 37090 7051103869554 北京天兆金洋科技发展有限公司
1118 21995 4064103894803 北京首佳物业管理有限公司
1119 23462 4382103664537 爱国者电子科技有限公司
1120 20984 3871103632693 北京亿融昌科技有限公司
1121 37123 7058103812348 北京乙十六餐饮有限公司
1122 46163 8810103647357 北京吴忠仪表销售有限公司
1123 5438 0990103723823 北京德新科创科技有限公司
1124 7146 1295103708583 北京世纪明德教育科技有限公司
1125 25301 4781103720490 北京博爱伴侣宠物用品销售有限公司
1126 9116 1678103877761 北方威信联兴（北京）科贸有限公司
1127 33471 6355103802510 北京九头鸟广源酒家有限公司
1128 41527 7916103652276 北京建恺混凝土外加剂有限公司
1129 15792 2894103678352 北京津西投资控股有限公司
1130 23509 4393103605207 北京天龙钨钼科技有限公司
1131 32487 6164103910077 北京恒隆服装有限公司
1132 52206 9976103597824 北京卓诚时代建筑装饰工程有限责任公司
1133 29748 5651103855819 五星保险销售有限公司
1134 36703 6980103646669 中铁电气化局集团第一工程有限公司
1135 14224 2608103629009 建峰建设集团股份有限公司
1136 42047 8010103616237 北京金五星商业大厦有限责任公司
1137 48293 9230103601903 北京家乐福商业有限公司
1138 5191 0944103861563 北京永盛立业企业管理有限公司
1139 24224 4544103710355 北京海华通盛机电设备有限公司
1140 23862 4471103845784 北京瑞丰恒泰房地产开发有限公司
1141 26561 5035103631112 北京北汽摩有限公司工会
1142 15673 2869103853680 北京时代盛达经贸有限公司
1143 50784 9704103602240 北京东港嘉华安全信息技术有限公司
1144 29578 5620103658876 海润影视制作有限公司
1145 12488 2284103682438 北京烁林软件服务有限公司
1146 6976 1264103847639 北京顺丰速运有限公司
1147 35434 6743103655286 北京源融瑞通贸易有限公司
1148 3550 0660103863538 北京市昌平启盼幼儿园
1149 14611 2677103618330 北京怡和嘉业医疗科技有限公司
1150 18040 3298103598266 北京特普丽装饰装帧材料有限公司
1151 37547 7145103601451 北京卓兴建设有限公司
1152 40060 7637103869384 北京合力鑫睿信息技术有限公司
1153 49894 9541103684712 恒达新创（北京）地球物理技术有限公司
1154 33807 6422103661653 北京大陆志庆餐饮管理有限公司
1155 47235 9021103889344 北京光辉恒通物流有限公司
1156 21456 3955103627737 北京市京银律师事务所
1157 43640 8311103718087 北京华泰盛业商贸有限公司
1158 39928 7614103601329 北京运河壹号置业有限公司
1159 32585 6181103892769 北京新宇创新科技有限公司
1160 9193 1692103618294 惠州市人民政府驻北京联络处
1161 16690 3058103634329 北京中科印刷有限公司
1162 29663 5634103771501 北京九天通至物流有限公司
1163 428 0079103633059 北京万盛顺达电气安装工程有限责任公司
1164 50778 9701103720380 新奥能源服务有限公司
1165 24400 4586103872336 北京弘洁建设集团有限公司
1166 18006 3292103623613 北京伟图物业管理中心
1167 22787 4241103633271 北京博大开拓热力有限公司
1168 31547 5999103595329 北京诚信拓展科技有限公司
1169 23622 4417103720129 博锐中廷贸易（北京）有限公司
1170 44843 8548103787230 柏定生物工程（北京）有限公司
1171 41124 7839103688484 北京华宇同方化工科技开发有限公司
1172 16804 3076103798504 中国平安财产保险股份有限公司北京市丰台支公司
1173 51566 9860103623208 盛世恒立信息技术（北京）有限公司
1174 49450 9459103761917 北京德合天润传媒广告有限公司
1175 10562 1933103687590 北京维维亚尼食用香精有限公司
1176 30491 5798103671003 北京中宸泓昌科技有限公司
1177 6981 1265103881497 中国电力技术装备有限公司
1178 29895 5683103605394 北京市大兴区榆垡镇总工会
1179 12814 2348103614420 北京元国顺文体用品有限公司
1180 2140 0397103620656 北京新双龙雅致汽车销售服务有限公司
1181 49642 9498103841940 北京鼎信恒融资产管理有限公司
1182 29922 5689103852013 北京东光物流有限公司
1183 26917 5097103859196 北京新金威石科技有限公司
1184 50079 9575103877018 北京慧丰清轩环境卫生清洁服务有限公司
1185 38290 7288103649007 北京天诚广源科技有限公司
1186 44754 8531103607785 北京鼎和信电子科技有限责任公司
1187 2312 0437103734650 北京康福特科技发展有限公司
1188 48268 9225103784571 北京意林励志图书发行有限公司
1189 41795 7964103588956 北京天力宏达起重设备有限责任公司
1190 45095 8596103817354 北京大石仁航教育科技中心
1191 50734 9692103696418 北京镭海易墅科技发展有限公司
1192 8366 1542103651171 北京市中关律师事务所
1193 24933 4702103687050 中国有色金属工业再生资源有限公司
1194 7172 1298103798579 北京市京冶源建筑材料有限公司
1195 49226 9406103593865 北京神州新桥科技有限公司
1196 15245 2796103654726 北京天锐先锋电子有限公司
1197 6 0001103765232 北京中视电传传媒广告有限公司
1198 5179 0943103662991 北京新东方大愚文化传播有限公司
1199 46809 8933103658520 科特贝德机电设备（北京）有限公司
1200 36517 6945103631938 北京奥钶嘉华科技有限公司
1201 3887 0722103795515 中国演艺设备技术协会
1202 32255 6120103618458 北京秀水街房地产开发有限责任公司
1203 22096 4086103792124 瑞斯康达科技发展股份有限公司
1204 29244 5559103621225 北京伏尔特技术有限公司
1205 20743 3825103842322 北京华普安瑞科技有限公司
1206 40821 7781103629126 北京盛世千鸿科技发展有限公司
1207 444 0081103816782 航天通信控股集团股份有限公司北京科技分公司
1208 23246 4335103782234 北京星星亮广告有限公司
1209 16744 3067103602905 北京金融资产交易所有限公司
1210 14476 2651103737138 北京市通州区伊斯兰教协会
1211 13746 2517103855801 中联橡胶有限责任公司
1212 27114 5133103650273 天安财产保险股份有限公司北京分公司
1213 30445 5789103751653 北京九州峻峰科技发展有限公司
1214 11878 2181103873365 北京雅安机电设备有限公司
1215 39096 7457103653978 北京红诚广泰物业管理有限公司
1216 2746 0517103621463 北京锦程装饰工程有限公司
1217 2676 0507103598634 北京中航科工精密机电设备有限公司
1218 12489 2284103787995 中航天建设工程有限公司
1219 31973 6075103608473 北京九州通达物流有限公司
1220 15694 2874103908800 北京亚豪世纪房地产经纪有限公司
1221 26847 5084103726600 鲲鹏致远（北京）企业形象策划有限公司
1222 42079 8016103621189 北京市五越建筑有限责任公司
1223 30854 5869103647546 金安通（北京）消防工程有限公司
1224 46436 8863103620822 北京中法视通科技有限公司
1225 32758 6215103861030 北京大河茂源科技有限公司
1226 44198 8414103699695 北京精友时代信息技术发展有限公司
1227 36535 6950103604633 中华联合保险控股股份有限公司
1228 13664 2501103908777 北京密云市政工程公司
1229 15247 2796103744150 北京齐尔布莱特科技有限公司
1230 6975 1264103651658 北京广信友联科技有限公司
1231 24717 4657103603643 北京信志鸿达科技发展有限公司
1232 18332 3356103800560 北京居然之家玉泉营家居建材市场有限公司
1233 17951 3281103693790 北京信川吉科贸有限公司
1234 45755 8733103881174 北明软件股份有限公司北京分公司
1235 49994 9560103874192 广州华进联合专利商标代理有限公司北京专利代理分公司
1236 4821 0882103880851 中国航天科技集团公司第一研究院航天幼儿园
1237 20836 3845103720113 北京正源美康科技有限责任公司
1238 17548 3212103615403 北京圆球文化传播有限责任公司
1239 3933 0731103675695 北京三里屯同里商贸有限责任公司
1240 1868 0344103635910 北京财大昌欣物业管理有限公司
1241 25022 4719103871138 中芯协成投资（北京）有限责任公司
1242 25051 4726103692717 北京金正融通小额贷款有限公司
1243 30620 5822103652522 北京佳韵社动漫文化传播有限公司
1244 36989 7030103910332 北京三智国际文化发展有限公司
1245 33580 6376103647422 北京世纪利天科技发展有限公司
1246 46815 8935103647534 北京福宏杰幕墙门窗技术有限公司
1247 3153 0591103756976 北京国泰瑞安消防工程有限公司
1248 20403 3764103773451 北京景天栀园宾馆有限公司
1249 46480 8873103634386 北京中税税务师事务所有限公司
1250 12569 2298103631170 戴姆勒大中华区投资有限公司
1251 39845 7598103782836 京太联合物流有限公司
1252 25533 4827103825106 北京新恒基房地产集团有限公司
1253 31115 5915103614443 北京力迅房地产开发有限公司
1254 9671 1777103861053 北京景缘汇达投资顾问有限公司
1255 14136 2592103601167 北京世纪沃德生物科技有限公司
1256 1401 0260103698899 安美世纪（北京）科技有限公司
1257 27987 5303103690578 北京京朝益达科技有限公司
1258 48813 9325103654044 北京雅士名筑装饰有限公司
1259 28872 5483103647277 北京依诺维绅家具有限公司
1260 4287 0791103656242 北京城承物业管理有限责任公司
1261 10493 1917103824628 北京浙京印刷有限公司
1262 9583 1762103658366 中国对外建设有限公司
1263 1498 0279103671478 北京北锅环保设备有限公司
1264 7501 1368103670483 北京美拓加油站
1265 41356 7885103726852 北京四环科宝制药有限公司
1266 8782 1616103811716 首都公务机有限公司
1267 12495 2285103819701 北京依蒙涟服装服饰有限公司
1268 18451 3376103909061 北京瑞源康泽贸易有限公司
1269 41429 7898103614637 北京市英适得科技有限公司
1270 50252 9607103636397 北京申通快递服务有限公司
1271 34167 6503103908956 北京金域立业钢铁贸易有限公司
1272 47269 9030103804943 北京朗新天霁软件技术有限公司
1273 28040 5312103645295 趣游科技集团有限公司
1274 13827 2530103683307 北京五洲迅驰科技发展有限公司
1275 1825 0337103613798 北京正和东都置业有限公司
1276 17029 3119103700500 中国食品集团公司
1277 235 0045103683205 龙森林（北京）国际科技发展有限公司
1278 9448 1734103796819 北京联飞翔科技股份有限公司
1279 51506 9843103880611 北京中睿昊天信息科技有限公司
1280 49710 9511103837975 环球世纪（北京）广告有限公司
1281 33382 6340103655576 北京通华通生物技术有限责任公司
1282 21876 4036103908876 阿帕奇（北京）光纤激光技术有限公司
1283 19511 3593103678921 北京欣天燃气设备安装工程有限公司
1284 2678 0507103634610 中寰卫星导航通信有限公司
1285 19457 3581103802276 北京天时房地产开发有限公司
1286 51512 9846103698041 北京华图新天科技有限公司
1287 39545 7545103755746 北京碧海山庄
1288 8280 1523103735285 北京新润成通工程技术发展有限责任公司
1289 31620 6010103841730 北京盛世同庆茶文化发展有限公司
1290 48594 9285103604996 北京盛达连物业管理有限责任公司
1291 29162 5542103910051 中铁工程设计院有限公司
1292 24351 4575103650098 北京万润投资控股集团有限公司
1293 41003 7815103678023 嘉美谦成国际文化传媒（北京）有限公司
1294 51974 9934103788748 北京奥特视电子科技有限公司
1295 43702 8321103801944 北京新华派锐互动文化传播有限公司
1296 15440 2827103627546 北京北汽九龙出租汽车股份有限公司
1297 23553 4401103761091 北京春秋鸿文化投资有限公司
1298 23119 4311103660950 浙江银泰百货有限公司北京大红门分公司
1299 47961 9165103820703 北京市埃珂特机电技术有限公司
1300 24798 4676103676300 北京鑫康辰医学科技发展有限公司