1 1 0030105261486 瑞基丰达（北京）科技发展有限公司
2 2 0031105228831 北京经开光谷置业有限公司
3 3 0038105196952 北京汽车贸易中心有限公司
4 4 0042105264944 北京经开工大投资管理有限公司
5 5 0061105203112 北京星美环境工程有限公司
6 6 0062105228830 北京经开光谷置业有限公司
7 7 0072105227261 中广基经影视文化传播（北京）有限公司
8 8 0075105181659 北京万家方圆商贸有限责任公司
9 9 0090105227170 北京满盛工程机械租赁有限公司
10 10 0091105176754 艾格拉斯科技（北京）有限公司
11 11 0092105222961 北京全美联合餐饮管理有限责任公司
12 12 0097105181793 北京泰宇龙华物业管理有限公司
13 13 0100105187742 北京法玛高科技有限公司
14 14 0103105206975 北京劳动大厦有限责任公司
15 15 0105105210948 北京市静态交通业商会
16 16 0111105261702 北京腾远兴顺汽车服务有限公司
17 17 0134105168712 北京科通达科技发展有限公司
18 18 0139105252163 北京市凌云宇阳房地产开发有限公司
19 19 0143105232073 北京西海龙湖置业有限公司
20 20 0148105178203 北京普路达国际贸易有限公司
21 21 0150105211431 北京歌华有线客户服务信息咨询有限公司
22 22 0159105171371 北京易中和广告传媒有限公司
23 23 0160105242104 壹漫创意（北京）数字科技有限公司
24 24 0163105249969 北京市华凯昕源隧道工程有限公司
25 25 0163105254747 北京德高建筑劳务有限公司
26 26 0167105202681 北京京师中教科技有限公司
27 27 0167105248143 北京兄弟芦月轩餐饮管理中心通州店
28 28 0168105226028 北京中视东升文化传媒有限公司
29 29 0168105263024 北京华德恒信科技有限责任公司
30 30 0173105215215 北京市冠衡律师事务所
31 31 0199105211279 北京梵玉圣宝玉石有限公司
32 32 0205105195986 北京全顺仓储有限公司
33 33 0206105220314 华通设计顾问工程有限公司
34 34 0210105262472 北京航天申宝餐饮管理有限公司
35 35 0211105242445 北京经开工大投资管理有限公司
36 36 0216105241783 北京银达物业管理有限责任公司
37 37 0221105186585 中关村中交国通智能交通产业联盟
38 38 0226105238566 北京源特电气有限公司
39 39 0245105264884 中国国际航空股份有限公司
40 40 0253105202324 博润涤源科技（北京）有限公司
41 41 0254105261804 百中恒投资发展（北京）有限公司
42 42 0258105189465 北京浩瀚智慧信息技术有限公司
43 43 0271105209268 北京市白盆窑物流中心
44 44 0275105182953 北京中天华鼎建筑设计有限责任公司
45 45 0289105187865 北京捷利亿达机械设备配件有限公司
46 46 0296105238433 北京力拓铭达机电安装工程有限公司
47 47 0307105248861 北京经开工大投资管理有限公司
48 48 0312105264841 北京市好利来食品有限公司
49 49 0323105181265 北京友联普拓科技有限公司
50 50 0333105211350 北京金华锦业工程咨询有限公司
51 51 0334105209811 北京荣德嘉业机电贸易有限公司
52 52 0342105170132 北京瑞保伟业科技发展有限公司
53 53 0361105195728 北京神州远健安全环保技术有限公司
54 54 0362105172148 北京盛世光明软件股份有限公司
55 55 0372105220392 河南金卉园林绿化工程有限公司北京分公司
56 56 0376105164664 北京凯迪克格兰云天大酒店有限公司
57 57 0380105248555 北京喜焙客食品有限公司
58 58 0385105262525 北京金泰凯迪汽车销售服务有限公司
59 59 0387105177572 北京零度时代网络有限公司
60 60 0388105261826 北京爱美欣工贸有限公司
61 61 0392105231114 北京新嘉业建筑装饰有限责任公司
62 62 0402105254522 北京天融财富投资基金管理有限公司
63 63 0403105248863 北京经开工大投资管理有限公司
64 64 0405105264949 北京经开工大投资管理有限公司
65 65 0428105189217 易帆世纪（北京）网络科技有限公司
66 66 0440105158924 中国通信建设第五工程局
67 67 0440105215570 北京壹佰壹拾壹医药科技有限公司
68 68 0443105232412 北京市寅嘉律师事务所
69 69 0460105262557 北京家吉兴业科技发展有限公司
70 70 0466105205592 北京瑞通惠科机电设备有限公司
71 71 0467105204009 北京永恒同创机械加工中心
72 72 0469105196796 北京北口义齿技术研究有限公司
73 73 0476105198604 北京市中电丰益汽车维修站
74 74 0479105254820 圣龙恒基（北京）工程技术有限公司
75 75 0485105205853 北京咏琳阁文化传媒有限公司
76 76 0488105238596 北京侨福置业有限公司
77 77 0490105188116 维悦联动（北京）文化传媒有限公司
78 78 0491105194111 北京中汽南方华北汽车服务有限公司
79 79 0491105205695 中京博瑞国际贸易（北京）有限公司
80 80 0504105262128 北京志延海昌岩土工程有限公司
81 81 0505105246294 北京京西霞光清洁有限公司
82 82 0507105243515 北京易华录信息技术股份有限公司
83 83 0507105254925 北京五色土盛世广告设计有限公司
84 84 0511105188389 北京天龙大田机动车检测有限公司
85 85 0513105163535 阿里兄弟控股有限公司
86 86 0528105264834 太平人寿保险有限公司北京分公司
87 87 0534105231015 北京华宇通明电气设备有限公司
88 88 0546105211432 北京歌华有线客户服务信息咨询有限公司
89 89 0553105242189 北京麦格天恒科技发展有限公司
90 90 0560105232069 北京西海龙湖置业有限公司
91 91 0563105224302 中国人民解放军总参谋部第六十一研究所试制工厂
92 92 0571105227115 北京海泰斯工程设备股份有限公司
93 93 0573105248005 北京市京顺机动车检测场
94 94 0587105198247 北京乐新中瑞科技有限公司
95 95 0602105211701 北京殷图网联科技股份有限公司
96 96 0602105256527 深圳市建筑设计研究总院有限公司北京分院
97 97 0606105181650 北京恒祥信息技术服务有限公司
98 98 0613105187933 北京阳光诺和药物研究有限公司
99 99 0620105215253 北京勃技隆建筑装饰工程有限公司
100 100 0628105199541 北京申科思远电子科技有限公司
101 101 0632105239823 新奥投资基金管理（北京）有限公司
102 102 0640105207240 铂隆（北京）停车管理有限责任公司
103 103 0642105191989 北京天广实生物技术股份有限公司
104 104 0642105264887 中国国际航空股份有限公司
105 105 0645105250313 北京全宏建设工程有限公司
106 106 0652105175778 北京盛世伟业岩土工程有限公司
107 107 0658105187918 北京世通在线科技发展有限公司
108 108 0664105189243 北京鑫旺君诚建筑装饰工程有限公司
109 109 0666105227151 凯基鼎世建设发展有限公司
110 110 0674105242620 北京精策科技有限公司
111 111 0681105203154 北京融诚互通科技有限公司
112 112 0689105205724 北京银资伟业房地产开发有限公司
113 113 0703105226027 北京中视东升文化传媒有限公司
114 114 0709105194058 广东中人集团建设有限公司北京分公司
115 115 0732105208931 北京聚睛天下网络科技有限公司
116 116 0739105192295 北京驹创鼎盛科技发展有限公司
117 117 0751105264297 北京世纪江南机电安装有限公司
118 118 0768105191593 顺天通房地产开发集团有限公司
119 119 0768105197968 北京赛佰特科技有限公司
120 120 0773105162577 北京清涫源科技发展有限公司
121 121 0774105218976 北京安达斯信息技术有限公司
122 122 0779105198443 北京凯弗隆北方水处理设备有限公司
123 123 0788105264165 北京万特福医疗器械有限公司
124 124 0796105196482 北京华盛康科技发展有限公司
125 125 0801105258451 北京昭羽华昊科技有限公司
126 126 0804105213671 北京星河漫步文化有限公司
127 127 0811105190889 北京中核大地矿业勘查开发有限公司
128 128 0816105207159 北京广成咨询有限公司
129 129 0823105159610 北京中国科学院老专家技术中心
130 130 0831105191345 北京德元九和酒店物业管理有限公司
131 131 0832105196866 北京瑞普华老年救助基金会
132 132 0844105175780 北京盛世伟业岩土工程有限公司
133 133 0846105239848 北京鑫量城科贸有限责任公司
134 134 0852105222343 北京市石景山区星乐汇培训学校
135 135 0856105238549 北京芳草地文化传媒有限公司
136 136 0859105190693 北京美联软通科技有限公司
137 137 0859105209257 北京万荣盛世文化发展有限公司
138 138 0860105262749 北京旭科置业有限公司
139 139 0873105250082 北京聚合电力工程设计有限公司
140 140 0885105260846 北京华兴时代木业有限公司
141 141 0887105252359 北京华夏诚智安全环境技术有限公司
142 142 0905105243514 北京易华录信息技术股份有限公司
143 143 0926105242041 北京京曼汽车贸易有限公司
144 144 0952105191207 北京中劳鸿业人力资源管理有限公司
145 145 0953105264886 中国国际航空股份有限公司
146 146 0983105170169 北京路旺兴电气设备安装有限公司
147 147 0986105191273 北京蚂蜂窝网络科技有限公司
148 148 0992105203895 诚通财务有限责任公司
149 149 1001105175972 尼玛克焊接技术（北京）有限公司
150 150 1008105190549 北京博敏兴科技有限公司
151 151 1008105252366 北京江山城春天餐饮服务有限公司
152 152 1011105179509 北京鑫裕富华科技有限公司
153 153 1011105198262 北京大暘医疗器械有限公司
154 154 1028105196071 北京清河湾乡村体育俱乐部有限公司
155 155 1031105232883 首都出版发行联盟
156 156 1036105249952 华北铁建建设有限公司北京分公司
157 157 1037105264875 中国国际航空股份有限公司
158 158 1041105214868 北京汇林印务有限公司
159 159 1043105195902 北京鸿浩信达技术有限公司
160 160 1046105206898 北京光宇在线科技有限责任公司
161 161 1051105241752 北京银座合智房地产开发有限公司
162 162 1052105164426 北京铱金惠通能源控股有限公司
163 163 1058105228858 北京市鉴杜律师事务所
164 164 1074105190771 北京语格魔方数字科技有限公司
165 165 1083105241782 北京银达物业管理有限责任公司
166 166 1091105188906 北京窝窝团信息技术有限公司
167 167 1099105175865 北京环境卫生工程集团有限公司第一分公司
168 168 1106105245849 北京星火时代文化传媒有限公司
169 169 1110105201522 北京英淇律师事务所
170 170 1117105209589 北京和合光电子科技有限公司
171 171 1128105264919 北京经开工大投资管理有限公司
172 172 1132105262527 北京金泰凯迪汽车销售服务有限公司
173 173 1143105264952 北京经开工大投资管理有限公司
174 174 1144105217243 北京金洋芋小馆餐饮有限公司
175 175 1160105166537 北京鑫坤典当行有限责任公司
176 176 1162105248851 北京经开工大投资管理有限公司
177 177 1183105256510 北京长玉装修工程有限公司
178 178 1183105262748 北京旭科置业有限公司
179 179 1184105264255 北京奥马凯特科技发展有限公司
180 180 1191105238363 北京东方朝盛空调制冷工程有限公司
181 181 1214105176606 河北京能中电电力工程有限公司北京分公司
182 182 1221105226912 北京来福赛尔科技发展有限公司
183 183 1222105166819 北京柯瑞生物科技有限公司
184 184 1222105196247 北京纳百景弈生物科技有限公司
185 185 1222105235770 北京艾博伟业科技有限公司
186 186 1229105206890 北京光宇在线科技有限责任公司
187 187 1238105170212 北京千喜鹤食品有限公司
188 188 1242105171870 中软恒信（北京）科技股份有限公司
189 189 1242105228829 北京经开光谷置业有限公司
190 190 1266105193611 中文在线数字出版集团股份有限公司
191 191 1281105190456 北京长江传媒有限公司
192 192 1285105188343 北京燕宏达铁路设备有限公司
193 193 1286105240057 北京申合信科技发展有限公司
194 194 1290105262550 北京伟业恒兴汽车销售有限公司
195 195 1291105186275 北京数圣工程造价咨询有限公司
196 196 1293105233055 北京铁建物业管理有限公司
197 197 1315105264888 中国国际航空股份有限公司
198 198 1332105162517 北京大美之都工艺品市场有限公司
199 199 1332105206778 北京碧德水务设施养护有限公司
200 200 1337105196950 北京汽车贸易中心有限公司
201 201 1340105219017 融智通科技（北京）股份有限公司
202 202 1343105248593 北京互助天佑德青稞酒销售有限公司
203 203 1347105230512 北京宏济药业有限公司
204 204 1353105222922 北京盛世卓烨科贸有限公司
205 205 1365105238591 北京侨福置业有限公司
206 206 1366105264838 北京市好利来食品有限公司
207 207 1368105159043 北京靓妃生物科技有限公司
208 208 1376105191199 北京市朝阳区佰加佰文化培训学校
209 209 1396105264923 北京经开工大投资管理有限公司
210 210 1408105176150 北京思凯乐旅游用品有限公司
211 211 1421105205636 北京博瑞互动营销顾问有限公司
212 212 1429105240509 北京满香苑餐饮服务有限责任公司
213 213 1436105206926 北京光宇华夏科技有限责任公司
214 214 1443105242451 北京经开工大投资管理有限公司
215 215 1446105158925 中国通信建设第五工程局
216 216 1458105196949 北京汽车贸易中心有限公司
217 217 1459105189316 北京长丰顺利物流有限公司
218 218 1475105203339 北京洁城清洗工程有限责任公司
219 219 1477105213453 北京沁诺展览有限公司
220 220 1479105189901 北京市农发扶贫基金会
221 221 1479105240674 北京建院装饰工程有限公司
222 222 1480105248853 北京经开工大投资管理有限公司
223 223 1484105183529 北京施尼克机械有限公司
224 224 1487105243428 倍杰特国际环境技术股份有限公司
225 225 1490105238005 北京百力通达科技发展有限公司
226 226 1505105190807 北京市中里通律师事务所
227 227 1520105175777 北京盛世伟业岩土工程有限公司
228 228 1522105197826 北京草桥全通伟业商贸有限责任公司
229 229 1541105159547 北京瑞普能安消防安全技术检测有限公司
230 230 1549105228833 北京经开光谷置业有限公司
231 231 1551105214194 北京北辉仓储服务有限公司
232 232 1572105198489 华拓文化（北京）有限公司
233 233 1579105239909 字宝宝（北京）教育科技中心
234 234 1582105193379 成都希望食品有限公司北京分公司
235 235 1583105195885 欧西爱司物流（上海）有限公司北京分公司
236 236 1586105260302 北京科霖众医学技术研究所
237 237 1623105159087 北京商界智诚商贸有限公司
238 238 1629105199207 北京市安通律师事务所
239 239 1636105192000 北京博亿建业空调设备安装有限公司
240 240 1642105246763 北京动力节点教育科技有限公司
241 241 1656105183640 北京创智荣尚科技有限公司
242 242 1669105248592 北京互助天佑德青稞酒销售有限公司
243 243 1674105199405 北京汇思无限广告有限公司
244 244 1677105187460 北京富商华资产管理有限责任公司
245 245 1680105202712 北京天祥诚建设工程有限公司
246 246 1682105221348 北京邦泰摩尔资产管理有限公司
247 247 1689105193417 成都希望食品有限公司北京分公司
248 248 1698105234380 北京永联伟业电气设备安装有限公司
249 249 1698105256310 北京市鑫河律师事务所
250 250 1707105170219 北京莱帮生物技术有限公司
251 251 1721105250314 北京全宏建设工程有限公司
252 252 1734105264445 北京凤仪文化传媒有限公司
253 253 1742105200362 北京百旺鑫瑞建筑材料有限公司
254 254 1744105192265 北京首正文仪科技有限公司
255 255 1746105224047 北京天顺达酒店管理有限公司
256 256 1750105200000 北京麦格天渱科技发展有限公司
257 257 1766105162641 北京诚盛达线缆有限公司
258 258 1769105263937 北京菲娜丽斯信息技术有限公司
259 259 1770105223702 北京威尔益科技发展有限公司
260 260 1770105265372 北京东豪建设集团有限公司
261 261 1773105205638 北京燕化东方工贸有限公司
262 262 1801105241692 北京海煦基业物业管理有限公司
263 263 1808105171949 北京首发公路养护工程有限公司
264 264 1809105236021 北京中创世联科技有限责任公司
265 265 1810105262745 北京旭科置业有限公司
266 266 1812105248867 北京经开工大投资管理有限公司
267 267 1813105164592 北京市东城区佳乐汽车驾校
268 268 1818105194223 北京宏翰世纪科贸有限公司
269 269 1821105193800 北京庆丰万兴食品科技研发中心
270 270 1825105257332 北京协宏房地产经纪有限公司
271 271 1831105206914 北京金色启航电子科技有限公司
272 272 1835105214940 北京兴龙伟业彩钢钢结构有限公司
273 273 1843105193353 北京东辰盛景科技有限公司
274 274 1843105196954 北京汽车贸易中心有限公司
275 275 1850105261699 北京腾远兴顺汽车服务有限公司
276 276 1852105193581 北京布逸昊服装服饰有限公司
277 277 1853105203196 北京瑞德科诺电子设备有限公司
278 278 1855105264158 北京万特福医疗器械有限公司
279 279 1867105252903 北京兄弟海鸿技术有限公司
280 280 1879105227262 中广基经影视文化传播（北京）有限公司
281 281 1886105221397 北京弘达纪元汽车销售有限公司
282 282 1903105229326 北京明莉广告有限公司
283 283 1908105193415 成都希望食品有限公司北京分公司
284 284 1916105238592 北京侨福置业有限公司
285 285 1921105196859 北京市丰台区瑞普华老年护理中心
286 286 1926105210660 五凌电力有限公司北京代表处
287 287 1929105232559 北京大誉世纪文化有限公司
288 288 1941105206895 北京光宇在线科技有限责任公司
289 289 1984105222095 大众汽车（中国）投资有限公司
290 290 1996105265343 北京同创同德建筑装饰工程有限责任公司
291 291 2002105211470 北京中海华信石油化工有限公司
292 292 2008105161856 北京金州福怡科技发展有限公司
293 293 2008105262747 北京旭科置业有限公司
294 294 2016105256529 深圳市建筑设计研究总院有限公司北京分院
295 295 2021105264872 中国国际航空股份有限公司
296 296 2022105237742 北京宏桥智通科技发展有限公司
297 297 2024105213450 北京亿城山水房地产开发有限公司
298 298 2034105188043 北京能通租赁公司
299 299 2035105191007 北京晨德宝汽车销售服务有限公司
300 300 2040105193912 北京鑫敏恒汽车销售有限公司
301 301 2043105225717 金鼎易达（北京）工程技术有限公司
302 302 2045105264922 北京经开工大投资管理有限公司
303 303 2049105231262 北京中安泰得建筑装饰工程有限公司
304 304 2051105159268 北京柏奥泰科技有限公司
305 305 2053105253071 北京安泰盛贸易有限公司
306 306 2054105170220 北京莱帮生物技术有限公司
307 307 2059105201059 北京兴荣机电设备商贸有限公司
308 308 2064105206927 北京光宇华夏科技有限责任公司
309 309 2067105262441 北京科诺智通科技有限公司
310 310 2071105213714 慈德学渊（北京）文化传媒有限公司
311 311 2077105227874 北京现代威士达医疗器械有限公司
312 312 2078105182952 中国国际期货有限公司
313 313 2079105196202 北京文恒电子技术有限公司
314 314 2087105222007 北京市朝阳区潘家园老年公寓
315 315 2090105262356 北京墨白轩投资管理有限公司
316 316 2095105208838 北京鼎佳诚业通信设备有限公司
317 317 2100105263810 北京东方明志广告有限公司
318 318 2107105250355 北京市昊衡律师事务所
319 319 2122105217905 北京市京海世纪贸易有限公司
320 320 2128105249959 高碑店市建筑企业（集团）公司北京第三分公司
321 321 2134105236677 北京臻味坊食品有限公司
322 322 2137105159891 北京商鼎商业管理有限公司
323 323 2138105231117 北京奥森通风空调有限公司
324 324 2140105198157 爱得乐（北京）乐器有限公司
325 325 2147105233096 佳龙投资集团有限公司
326 326 2156105188338 瑞得博翔（北京）科技有限公司
327 327 2163105171880 北京首发公路养护工程有限公司
328 328 2178105214607 北京新能晟源技术咨询有限责任公司
329 329 2180105203153 北京融诚互通科技有限公司
330 330 2202105170678 北京中科能化技术有限公司
331 331 2227105188549 北京百会达仪器有限公司
332 332 2233105232454 北京凯盛达贸易有限责任公司
333 333 2269105187464 北京弘祥吉文化传播有限公司
334 334 2297105215538 北京凯思特恩科技有限公司
335 335 2297105221231 北京市顺义区易来福居家养老服务中心
336 336 2300105209643 北京日昊溪田广告有限公司
337 337 2312105209311 联合创新文化传媒（北京）有限公司
338 338 2323105160048 北京山木泉饮水设备有限公司
339 339 2330105171879 北京首发公路养护工程有限公司
340 340 2338105203197 北京德天信山科技有限公司
341 341 2344105188375 北京永诚峰冠贸易有限公司
342 342 2345105187438 厦门航空有限公司北京分公司
343 343 2348105230910 北京零点睿尚投资顾问有限公司
344 344 2352105248858 北京经开工大投资管理有限公司
345 345 2364105196006 北京金马指南针国际投资有限公司
346 346 2372105264914 北京经开工大投资管理有限公司
347 347 2377105242450 北京经开工大投资管理有限公司
348 348 2378105264876 中国国际航空股份有限公司
349 349 2383105158870 北京创科世纪科技发展有限公司
350 350 2386105191739 锦绣天地（北京）商业物业管理有限公司
351 351 2403105193802 北京庆丰万兴食品科技研发中心
352 352 2403105244073 北京动力源科技股份有限公司
353 353 2409105206861 北京盈丰鑫盛商贸有限公司
354 354 2411105242427 北京世纪伙伴文化传媒股份有限公司
355 355 2421105248860 北京经开工大投资管理有限公司
356 356 2428105243512 北京易华录信息技术股份有限公司
357 357 2430105257018 北京兴亦新市政工程管理服务有限公司
358 358 2434105265364 北京金泰开润旧机动车经纪有限公司
359 359 2444105236154 国京安（北京）电子科技有限公司
360 360 2457105260143 北京兴方舟电业科技有限公司
361 361 2472105199803 北京龙腾恒远商贸有限公司
362 362 2472105205474 北京松联科技有限公司
363 363 2478105188623 北京凌峻广告有限公司
364 364 2492105189220 北京万事润泽厨房设备有限责任公司
365 365 2506105161673 北京世纪摇篮网络技术有限公司
366 366 2508105188934 北京合众汇同科技有限公司
367 367 2521105242447 北京经开工大投资管理有限公司
368 368 2572105188044 北京能通租赁公司
369 369 2573105261701 北京腾远兴顺汽车服务有限公司
370 370 2582105193312 中企恺兴（北京）企业管理咨询中心
371 371 2599105233098 佳龙投资集团有限公司
372 372 2630105225070 北京微贸科技有限公司
373 373 2630105238882 昆吾九鼎投资管理有限公司
374 374 2641105254210 北京博立恩阀门有限公司
375 375 2641105259974 北京市昌平区新生活敬老院
376 376 2643105240957 优视科技有限公司
377 377 2645105250566 北京五福京英国际贸易有限公司
378 378 2658105216477 北京市慧海天合律师事务所
379 379 2662105215736 北京展信誉丰科技有限公司
380 380 2669105191457 北京农众物联科技有限公司
381 381 2669105203813 北京市中迈律师事务所
382 382 2670105264947 北京经开工大投资管理有限公司
383 383 2683105253247 北京关东鲜鱼坊餐饮有限公司
384 384 2705105264894 中国国际航空股份有限公司
385 385 2706105192207 北京金地嘉业房地产经纪有限公司
386 386 2707105204864 北京摩丰科技有限公司
387 387 2717105262483 北京金泰凯迪汽车销售服务有限公司
388 388 2722105264883 中国国际航空股份有限公司
389 389 2731105265786 北京海博明科技有限公司
390 390 2739105190675 北京馥天下餐饮有限公司
391 391 2745105256467 瑞通投资有限公司
392 392 2755105251239 北京中盈安信技术服务股份有限公司
393 393 2763105236730 北京同步物流有限公司
394 394 2769105240342 北京场道市政工程集团有限公司
395 395 2773105254679 北京金山安全软件有限公司
396 396 2778105227875 北京现代威士达医疗器械有限公司
397 397 2798105203765 北京元墨商务服务有限公司
398 398 2799105247926 北京至图生装饰工程有限公司
399 399 2801105217582 北京盛杰安达汽车服务有限公司
400 400 2805105191594 顺天通房地产开发集团有限公司
401 401 2805105232897 北京盛美和文化传媒有限公司
402 402 2807105190205 北京民防浩天志愿者救援队
403 403 2807105225526 北京盛恒天宝科技有限公司
404 404 2812105233090 集美控股集团有限公司
405 405 2822105262526 北京金泰凯迪汽车销售服务有限公司
406 406 2823105250948 北京世纪智强广告有限公司
407 407 2834105261716 北京市腾远顺达汽车贸易有限公司
408 408 2862105213446 北京亿城山水房地产开发有限公司
409 409 2883105264895 中国国际航空股份有限公司
410 410 2892105238595 北京侨福置业有限公司
411 411 2899105165053 北京雅高华科技有限公司
412 412 2904105214237 北京安顺泰建材技术有限公司
413 413 2940105242077 九廷城市规划设计（北京）有限公司
414 414 2947105256528 深圳市建筑设计研究总院有限公司北京分院
415 415 2959105254748 北京银双利五金经营部
416 416 2976105161476 北京巴别时代科技有限公司
417 417 2976105258009 北京方元基兴业装饰工程有限责任公司
418 418 2979105198807 北京美大因私出入境有限责任公司
419 419 3004105248849 北京经开工大投资管理有限公司
420 420 3021105205600 北京大陆汽车俱乐部有限公司
421 421 3027105240956 优视科技有限公司
422 422 3029105218532 北京艾普瑞通科技有限公司
423 423 3039105159443 北京泽天伟业商贸有限公司
424 424 3048105243890 北京视博益视科技发展有限公司
425 425 3073105248854 北京经开工大投资管理有限公司
426 426 3077105232926 北京聚玩奥朗网络科技有限公司
427 427 3084105190059 北京戈雅印象装饰材料有限公司
428 428 3087105236302 北京世纪永丰商贸中心
429 429 3087105238205 北京钲展企业管理服务有限公司
430 430 3089105250114 北京历趣科技有限公司
431 431 3093105206929 北京光宇华夏科技有限责任公司
432 432 3105105264921 北京经开工大投资管理有限公司
433 433 3108105195967 北京星宇时空科贸有限公司
434 434 3127105191530 北京兴业永创广告有限公司
435 435 3128105247286 北京鼎石联富科技有限公司
436 436 3133105264871 中国国际航空股份有限公司
437 437 3140105198815 北京广船伟华机电设备有限公司
438 438 3140105205604 北京大陆汽车俱乐部有限公司
439 439 3141105242449 北京经开工大投资管理有限公司
440 440 3210105195828 北京兴和兴唱娱乐有限公司
441 441 3215105181677 北京同城翼龙网络科技有限公司
442 442 3216105227263 中广基经影视文化传播（北京）有限公司
443 443 3218105193935 北京瑞迪卡特科技有限公司
444 444 3222105211300 北京京海市政工程有限公司
445 445 3234105248384 凝众智（北京）文化传媒有限公司
446 446 3237105205601 北京大陆汽车俱乐部有限公司
447 447 3237105242429 北京世纪伙伴文化传媒股份有限公司
448 448 3260105164662 北京凯迪克格兰云天大酒店有限公司
449 449 3267105193797 北京庆丰万兴食品科技研发中心
450 450 3272105199104 北京创信智通科技有限公司
451 451 3284105261717 北京市腾远顺达汽车贸易有限公司
452 452 3290105260976 北京阳光创意图文设计制作中心
453 453 3291105264880 中国国际航空股份有限公司
454 454 3294105199074 北京亿安瑞电力设备有限公司
455 455 3294105216571 北京合创智源科技有限公司
456 456 3298105221259 北京锦源盛达信息技术咨询有限公司
457 457 3299105242452 北京经开工大投资管理有限公司
458 458 3312105225744 北京瑞奥伟科技有限公司
459 459 3319105247933 北京迅捷盛达物流有限公司
460 460 3328105169926 刘杰装饰设计（北京）有限公司第一分公司
461 461 3336105228809 华夏人寿保险股份有限公司北京分公司
462 462 3341105248859 北京经开工大投资管理有限公司
463 463 3349105196956 北京汽车贸易中心有限公司
464 464 3353105177768 北京梦之杰机电工程技术有限公司
465 465 3368105239981 北京口口香熟肉制品厂
466 466 3375105168406 汉富城开投资有限公司
467 467 3375105229632 北京邦远律师事务所
468 468 3375105252812 北京洁亮美清洗服务有限公司
469 469 3380105250049 众邦兴盛（北京）医疗科技有限公司
470 470 3411105200106 北京卉隆干燥花有限责任公司
471 471 3413105262751 北京旭科置业有限公司
472 472 3414105248866 北京经开工大投资管理有限公司
473 473 3421105171951 北京首发公路养护工程有限公司
474 474 3427105201832 中国印章行业协会
475 475 3435105225414 北京永洁康环境科技有限公司
476 476 3450105194132 北京世纪伙伴文化传媒股份有限公司
477 477 3461105205194 北京坤鸿达建筑工程有限公司
478 478 3466105190688 北京市丰台区卢沟桥乡大瓦窑村村民委员会
479 479 3469105264954 北京经开工大投资管理有限公司
480 480 3470105207939 北京医美迅医疗器械有限公司
481 481 3480105233087 集美控股集团有限公司
482 482 3487105190699 北京泽仪市政工程有限公司
483 483 3492105186262 北京竞数圣税务师事务所有限公司
484 484 3500105179603 北京网润恒信科技有限公司
485 485 3500105241786 北京百卓网络技术有限公司
486 486 3510105264945 北京经开工大投资管理有限公司
487 487 3533105241996 北京市北方华鹏汽车修理有限公司
488 488 3554105172143 北京盛世光明软件股份有限公司
489 489 3556105191272 北京蚂蜂窝网络科技有限公司
490 490 3561105214869 北京汇林印务有限公司
491 491 3566105261939 北京华杰通力科技有限公司
492 492 3572105209013 北京中核蓝动电力技术有限公司
493 493 3576105166818 北京挚诚恒远电梯有限责任公司
494 494 3582105218522 北京蒙发利贸易有限公司
495 495 3607105205639 北京燕化东方工贸有限公司
496 496 3608105262453 北京云帆沧海文化传媒有限公司
497 497 3620105264164 北京万特福医疗器械有限公司
498 498 3622105264897 中国国际航空股份有限公司
499 499 3625105264107 北京中联达世纪科技有限公司
500 500 3628105205603 北京大陆汽车俱乐部有限公司
501 501 3651105209637 北京忠诚中盾科技有限公司
502 502 3660105242018 北京立雷众达建筑材料有限公司
503 503 3666105181483 北京迪恩斯国际服饰有限公司
504 504 3671105202879 易讯时空营销咨询（北京）有限公司
505 505 3676105206892 北京光宇在线科技有限责任公司
506 506 3692105205249 北京美城保洁服务有限公司
507 507 3695105256389 北京文夫和发科技有限公司
508 508 3698105197690 北京鹏德伟业物业管理有限公司
509 509 3698105197896 中良万川（北京）汽车租赁有限公司
510 510 3698105230903 北京擎科新业生物技术有限公司
511 511 3713105240892 北京世纪恒丰装饰工程有限公司
512 512 3732105228807 华夏人寿保险股份有限公司北京分公司
513 513 3732105232561 北京中科信芯科技有限责任公司
514 514 3742105248746 北京石金山投资咨询有限公司
515 515 3755105187494 北京利特达科技有限公司
516 516 3767105206894 北京光宇在线科技有限责任公司
517 517 3773105219677 北京市金讯阳光电子材料科技有限公司
518 518 3785105214974 北京圣坤精诚工程设备有限公司
519 519 3786105240336 北京场道市政工程集团有限公司
520 520 3820105240959 北京德润宏瑞商贸有限公司
521 521 3823105216836 北京瑞驰澳特体育管理有限公司
522 522 3823105264893 中国国际航空股份有限公司
523 523 3828105224346 北京尚林阳光建筑劳务有限责任公司
524 524 3835105190377 北京炅湘钰技术开发有限公司
525 525 3835105205252 北京京拍档科技有限公司
526 526 3841105248007 北京市京顺机动车检测场
527 527 3856105228997 北京燕木加油站有限公司
528 528 3861105161220 北京欧亚佳人文化传播有限公司二分公司
529 529 3862105191710 北京鸿润成业房地产开发有限责任公司
530 530 3868105182950 中国国际期货有限公司
531 531 3886105250812 华瑞信合投资有限责任公司
532 532 3887105264913 北京经开工大投资管理有限公司
533 533 3896105211162 北京京华四方贸易有限公司
534 534 3899105194882 北京广元隆景文化传播有限公司
535 535 3901105205412 中驰保险代理（北京）有限公司
536 536 3906105216663 北京大红门宾馆有限责任公司益康居宾馆
537 537 3908105230517 北京新华兄弟商贸有限公司
538 538 3918105195708 北京富源胜达园林绿化有限责任公司
539 539 3921105205606 北京大陆汽车俱乐部有限公司
540 540 3960105180096 北京商周科技有限公司
541 541 3965105236103 北京黄金巨万活动房有限公司
542 542 3975105238594 北京侨福置业有限公司
543 543 3976105264161 北京万特福医疗器械有限公司
544 544 3988105256530 深圳市建筑设计研究总院有限公司北京分院
545 545 4006105245187 北京红枫恒业管道科技有限公司
546 546 4025105243678 北京控股集团有限公司
547 547 4030105193658 北京佳合创盈新商贸有限公司
548 548 4031105228822 北京吉之沃汽车服务有限公司
549 549 4035105160066 北京亚鑫公铁快运有限责任公司
550 550 4044105264162 北京万特福医疗器械有限公司
551 551 4045105232071 北京西海龙湖置业有限公司
552 552 4051105172206 远东正大检验集团有限公司
553 553 4053105205608 北京大陆汽车俱乐部有限公司
554 554 4057105145352 北京奥维克门窗有限公司
555 555 4058105248857 北京经开工大投资管理有限公司
556 556 4071105240500 陕西省商洛市人民政府驻北京联络处
557 557 4073105192029 北京晨光和曦服饰有限公司
558 558 4075105227260 中广基经影视文化传播（北京）有限公司
559 559 4085105264892 中国国际航空股份有限公司
560 560 4100105240661 北京亦庄数字显示产业管理有限公司
561 561 4104105255018 尚诚环宇（北京）科技发展有限公司
562 562 4107105193798 北京庆丰万兴食品科技研发中心
563 563 4107105241719 北京市密云县云播社会工作事务所
564 564 4108105193803 北京庆丰万兴食品科技研发中心
565 565 4108105254881 安得利资产管理有限公司
566 566 4109105218240 北京福航盛迪科技有限公司
567 567 4113105248852 北京经开工大投资管理有限公司
568 568 4127105241888 凯步锐石国际体育（北京）有限公司
569 569 4129105191595 顺天通房地产开发集团有限公司
570 570 4135105264568 亚奥通联（北京）科技有限公司
571 571 4137105263912 北京悦创科技有限公司
572 572 4143105194133 北京世纪伙伴文化传媒股份有限公司
573 573 4170105177718 北京华京律师事务所
574 574 4172105188054 北京匹夫火锅餐饮有限公司
575 575 4172105248862 北京经开工大投资管理有限公司
576 576 4178105187810 北京巍峰时代商贸有限公司
577 577 4184105196069 北京清河湾乡村体育俱乐部有限公司
578 578 4202105171315 北京众邦裕民医疗科技开发有限公司
579 579 4219105241015 北京海特富江科技发展有限公司
580 580 4222105205107 北京金支耳化学科技有限公司
581 581 4236105196409 北京京沧忠盛商贸有限公司
582 582 4237105220434 北京施瓦特能源技术有限公司
583 583 4243105191072 北京百盛创威科技有限公司
584 584 4245105171948 北京首发公路养护工程有限公司
585 585 4249105264879 中国国际航空股份有限公司
586 586 4271105255143 北京市朝阳区京师实验幼儿园
587 587 4279105220051 领航未来（北京）科技有限公司
588 588 4302105219675 北京市金讯阳光电子材料科技有限公司
589 589 4308105202685 北京博克西岸科技发展有限公司
590 590 4314105228832 北京经开光谷置业有限公司
591 591 4338105191826 安利米特（北京）建筑工程有限公司
592 592 4339105218191 北京枫翔世纪科技有限责任公司
593 593 4344105190862 北京悦明普商贸有限公司
594 594 4347105233188 嘉利恒兴（北京）科技有限公司
595 595 4348105199666 河南京大建设工程有限公司北京顺义分公司
596 596 4357105263808 北京东方明志广告有限公司
597 597 4380105172146 北京盛世光明软件股份有限公司
598 598 4384105262692 北京合众汇美国际贸易有限公司
599 599 4387105262693 北京合众汇美国际贸易有限公司
600 600 4394105166591 北京邬巢世纪餐饮管理有限责任公司
601 601 4396105264877 中国国际航空股份有限公司
602 602 4400105264501 北京华明园林绿化工程有限公司
603 603 4423105188705 北京奥兰国际景观规划设计有限公司
604 604 4425105198349 北京特高换热设备有限公司
605 605 4427105243401 北京辉腾韩宇金属材料有限公司
606 606 4429105175854 中视广联（北京）媒介咨询有限公司
607 607 4449105187619 北京盛明都物业管理有限公司
608 608 4451105248036 北京安德信人防设备有限公司
609 609 4456105205454 北京亚世威机电工程有限公司
610 610 4458105193627 北京大图国际建筑设计咨询有限公司
611 611 4459105250896 北京百年智强广告有限公司
612 612 4467105182102 北京亿圣腾翔科技有限公司
613 613 4477105248038 北京七洲广告有限公司
614 614 4483105207930 北京中视政合文化传播有限公司
615 615 4486105195374 北京市职业技术教育学会
616 616 4506105233095 佳龙投资集团有限公司
617 617 4509105193906 北京火人医药科技开发有限公司
618 618 4517105191008 北京晨德宝汽车销售服务有限公司
619 619 4525105197972 北京世纪东方国际旅行社有限公司
620 620 4526105264159 北京万特福医疗器械有限公司
621 621 4533105242202 北京市美丹食品有限公司
622 622 4535105202751 立阳电气（北京）有限公司
623 623 4540105262626 北京尤莱特通信技术有限公司
624 624 4543105248864 北京经开工大投资管理有限公司
625 625 4546105243679 北京控股集团有限公司
626 626 4551105181883 北京华远易晟物流有限公司
627 627 4552105242843 北京猎豹网络科技有限公司
628 628 4553105235879 北京世纪康润医药经营有限责任公司
629 629 4579105262618 北京金泰凯盛汽车销售服务有限公司
630 630 4589105262619 北京金泰凯盛汽车销售服务有限公司
631 631 4591105187419 北京中扬永康环保科技有限公司
632 632 4595105264415 北京一路远航搬家有限公司
633 633 4613105207447 北京和信瑞通电力技术股份有限公司
634 634 4614105170170 北京路旺兴电气设备安装有限公司
635 635 4618105175581 奇欧美（北京）服装有限公司
636 636 4620105175973 尼玛克焊接技术（北京）有限公司
637 637 4652105205994 北京顺心美艺展览展示有限公司
638 638 4665105242039 北京京曼汽车贸易有限公司
639 639 4669105166110 北京富润达物业管理有限公司
640 640 4671105264580 北京楚天舒清真餐饮有限公司
641 641 4678105220571 北京明捷盛建筑装饰工程有限公司
642 642 4678105258342 北京金泰时代科技有限公司
643 643 4693105159629 北京万聚隆业家电维修中心
644 644 4693105206924 北京光宇华夏科技有限责任公司
645 645 4695105225223 北京太平盛世文化传播有限公司
646 646 4718105210872 观复博物馆
647 647 4718105220189 北京闽铝鑫经贸有限公司
648 648 4723105238303 北京金水桥工程技术咨询有限公司
649 649 4724105262606 北京西南交大盛阳科技有限公司
650 650 4725105221741 北京北青酒店有限公司
651 651 4731105226195 北京威派服装服饰有限公司
652 652 4739105172147 北京盛世光明软件股份有限公司
653 653 4741105194252 中物联物业集团有限公司
654 654 4751105196301 珈溪（北京）国际贸易有限公司
655 655 4778105188053 北京匹夫火锅餐饮有限公司
656 656 4780105264950 北京经开工大投资管理有限公司
657 657 4791105249960 高碑店市建筑企业（集团）公司北京第三分公司
658 658 4798105227714 北京东方国信科技股份有限公司
659 659 4800105209556 北京市绿洲种养殖公司
660 660 4811105191447 北京天信瑞森仪表有限公司
661 661 4811105238593 北京侨福置业有限公司
662 662 4827105249339 北京环球英华教育科技有限公司
663 663 4828105183503 北京市惠之锦育农业科技有限公司
664 664 4837105193799 北京庆丰万兴食品科技研发中心
665 665 4853105209292 北京万荣时尚投资管理有限公司
666 666 4854105239821 新奥投资基金管理（北京）有限公司
667 667 4874105261700 北京腾远兴顺汽车服务有限公司
668 668 4881105169913 意镜界传媒广告（北京）有限公司
669 669 4881105261727 北京千龙网都腾远伍贰灵上网服务有限公司
670 670 4885105218470 北京金舟神创科技发展有限公司
671 671 4912105192254 北京天地祥云科技有限公司
672 672 4918105232435 化大赛高（北京）科技股份有限公司
673 673 4921105196373 北京中承恒业金属有限公司
674 674 4931105226916 北京中体保险经纪有限公司
675 675 4943105213444 北京亿城山水房地产开发有限公司
676 676 4955105183570 中国航空工业集团公司北京航空制造工程研究所
677 677 4957105264054 北京昌平新东方外国语学校
678 678 4962105168369 北京北冶功能材料有限公司
679 679 4988105230588 北京华如科技股份有限公司
680 680 4991105211473 北京鼎诚立信会计服务有限公司
681 681 5011105248560 北京光照宏伟建筑拆除有限公司
682 682 5022105192359 北京爱众贸易有限公司
683 683 5040105181526 中鼎安泰（北京）保安服务有限公司
684 684 5052105262746 北京旭科置业有限公司
685 685 5065105254993 北京市华远置业有限公司
686 686 5068105194303 北京市靓之怡汽车装饰有限责任公司
687 687 5070105202652 北京博科技术股份有限公司
688 688 5080105265732 北京市房山区燕山德慧培训学校
689 689 5109105248855 北京经开工大投资管理有限公司
690 690 5132105251453 北京商汇广告有限公司
691 691 5137105229343 江苏中道园林建设有限公司北京分公司
692 692 5140105264446 北京金恩润泽科技发展有限公司
693 693 5143105226974 北京维佳广告有限公司
694 694 5185105248006 北京市京顺机动车检测场
695 695 5191105158959 北京筑林拓色建筑设计有限公司
696 696 5194105241507 北京君永拓科技发展有限公司
697 697 5206105248009 北京市京顺机动车检测场
698 698 5214105264996 北京益德佳源办公设备有限公司
699 699 5224105198663 北京天润通业汽车贸易有限公司
700 700 5229105230580 北京普斯普锐科技有限公司
701 701 5236105164676 北京市唐杰城市节能环保科技发展有限公司
702 702 5236105170321 北京宝诚百旺汽车销售服务有限公司
703 703 5236105232068 北京西海龙湖置业有限公司
704 704 5248105213452 北京启程远航商务服务中心
705 705 5255105210678 北京市昌平区安全生产协会
706 706 5268105196953 北京汽车贸易中心有限公司
707 707 5269105228808 华夏人寿保险股份有限公司北京分公司
708 708 5284105221010 北京博日中天科技发展有限公司
709 709 5287105187788 北京冠绥伟业工程咨询有限公司
710 710 5292105255929 北京行空文化传播有限公司
711 711 5293105191161 北京回音壁文化传媒有限公司
712 712 5302105211301 北京京海市政工程有限公司
713 713 5319105224347 北京尚林阳光建筑劳务有限责任公司
714 714 5320105191711 北京鸿润成业房地产开发有限责任公司
715 715 5321105220312 华通设计顾问工程有限公司
716 716 5327105241709 北京中翔博润国际传媒广告有限公司
717 717 5338105189169 北京万家无忧家政服务有限公司
718 718 5346105194641 北京联合华平机电设备有限公司
719 719 5371105187367 北京东方贝特通信技术有限公司
720 720 5378105254994 北京市华远置业有限公司
721 721 5391105188344 北京燕宏达铁路设备有限公司
722 722 5397105240067 北京智腾永逸仪器设备有限公司
723 723 5398105227064 北京国融置地投资有限公司
724 724 5400105175866 北京环境卫生工程集团有限公司第一分公司
725 725 5400105210590 北京华顺德电力工程有限公司
726 726 5416105190495 北京神州英豪科技有限公司
727 727 5438105193418 成都希望食品有限公司北京分公司
728 728 5438105196711 中国公路学会
729 729 5445105204848 北京景苑世业园林绿化有限公司
730 730 5445105265225 北京赛锦行贸易有限公司
731 731 5461105191013 云网易通信息技术（北京）有限公司
732 732 5466105207715 北京润成天合汽车租赁有限公司
733 733 5475105210723 北京老兵安卫保安服务有限公司
734 734 5476105258346 北京涵瑞机电设备有限公司
735 735 5480105221500 北京万胜园保洁有限公司
736 736 5486105251273 北京九州日新科技有限公司
737 737 5487105205167 北京锦云都餐饮管理有限公司
738 738 5501105227888 北京多兰特美饮食文化有限公司
739 739 5505105159944 北京佳贝华诚科技有限公司
740 740 5515105188854 北京翔宇文思系统集成有限公司
741 741 5524105196948 北京造视觉美文化传媒有限公司
742 742 5527105235133 北京腾盛嘉业装饰有限公司
743 743 5533105201102 全球旅行家科技（北京）有限公司
744 744 5546105158902 中国通信建设第五工程局
745 745 5546105240339 北京场道市政工程集团有限公司
746 746 5563105204846 北京中科林重科技有限公司
747 747 5568105224227 北京雷泰迪纳测控技术有限公司
748 748 5571105158921 中国高级公务员培训中心
749 749 5575105205208 跃动创意（北京）影视文化有限公司
750 750 5583105176607 河北京能中电电力工程有限公司北京分公司
751 751 5592105256607 北京盛兴欧诺斯珠宝有限公司
752 752 5593105188026 北京微网通联信息技术有限公司
753 753 5593105192953 北京全程无忧咨询有限公司
754 754 5598105219676 北京市金讯阳光电子材料科技有限公司
755 755 5600105196054 北京永盛立业企业管理有限公司
756 756 5614105164626 北京莲蔚佳乐商贸有限公司
757 757 5623105179614 北京市兴隆灯饰批发市场有限公司
758 758 5628105195952 耐特康赛网络技术（北京）有限公司
759 759 5644105233092 集美控股集团有限公司
760 760 5659105235878 北京世纪康润医药经营有限责任公司
761 761 5668105264917 北京经开工大投资管理有限公司
762 762 5672105241774 北京诚实伟业电力工程维修有限公司
763 763 5676105190726 北京神州集客电子商务有限公司
764 764 5678105190663 麦吉内森科技（北京）有限公司
765 765 5717105207737 北京仟草中药饮片有限公司
766 766 5717105260370 北京世纪嘉和广告设计中心
767 767 5731105164427 北京铱金惠通能源控股有限公司
768 768 5750105207736 北京仟草中药饮片有限公司
769 769 5752105262551 北京伟业恒兴汽车销售有限公司
770 770 5774105178038 北京亚鸿世纪通信技术有限公司
771 771 5791105250083 北京聚合电力工程设计有限公司
772 772 5809105204928 北京成电尚品电子发展有限公司
773 773 5811105265677 北京华融启明风险管理技术有限公司
774 774 5812105195667 北京恒众国际旅行社有限公司
775 775 5815105243513 北京易华录信息技术股份有限公司
776 776 5829105193416 成都希望食品有限公司北京分公司
777 777 5831105210573 北京吉利学院
778 778 5833105265373 北京东豪建设集团有限公司
779 779 5840105232453 北京凯盛达贸易有限责任公司
780 780 5840105262752 北京旭科置业有限公司
781 781 5853105264899 中国国际航空股份有限公司
782 782 5856105209330 北京森美希克玛生物科技有限公司
783 783 5868105218371 北京市金木堂数码科技有限公司
784 784 5870105191741 北京宏润视讯系统工程有限公司
785 785 5883105191592 顺天通房地产开发集团有限公司
786 786 5886105240693 北京丰润世纪广告有限公司
787 787 5901105190616 北京博雅未名联合干细胞科技有限公司
788 788 5915105210813 北京建研联合建筑设计咨询有限公司
789 789 5916105212367 北京向博科贸有限公司
790 790 5921105205632 北京燕化东方工贸有限公司
791 791 5928105264264 北京大树常青环境艺术有限公司
792 792 5930105224249 莱茵贝格电梯（北京）有限公司第六分公司
793 793 5938105264878 中国国际航空股份有限公司
794 794 5942105248733 北京和顺顺达物流服务有限公司
795 795 5945105214003 北京美恺通达建筑工程有限公司
796 796 5956105194594 北京京通庆升保洁有限公司
797 797 5962105243729 北京和普威视科技股份有限公司
798 798 5984105199869 北京航天润普科技发展有限公司
799 799 5988105264885 中国国际航空股份有限公司
800 800 5989105220313 华通设计顾问工程有限公司
801 801 5997105254225 万荣星展（北京）文化传播有限公司
802 802 6004105242040 北京京曼汽车贸易有限公司
803 803 6007105239875 北京华泓科技股份有限公司
804 804 6017105176608 河北京能中电电力工程有限公司北京分公司
805 805 6020105193014 北京道义和科技发展有限公司
806 806 6023105198225 北京英孚斯迈特信息技术有限公司
807 807 6031105164334 北京瑞鼎欣医疗器械有限公司
808 808 6044105250278 北京宇伦国际空间设计有限公司
809 809 6046105220192 北京龙腾鸿业视听技术服务有限公司
810 810 6077105172451 北京酬信资产管理有限公司
811 811 6091105248010 北京市京顺机动车检测场
812 812 6092105264951 北京经开工大投资管理有限公司
813 813 6108105240341 北京场道市政工程集团有限公司
814 814 6121105212615 北京利嘉斯今商贸有限公司
815 815 6122105193236 北京经纬睿图测绘技术有限公司
816 816 6123105241751 北京银座合智房地产开发有限公司
817 817 6132105190915 北京缔优科信息科技有限公司
818 818 6187105264172 北京市亿丰电力安装有限公司
819 819 6197105238880 昆吾九鼎投资管理有限公司
820 820 6198105211133 达城闻庆（北京）建筑设计有限公司
821 821 6208105261722 北京腾远兴顺汽车服务有限公司三分公司
822 822 6211105227244 北京北方博亚科技有限公司
823 823 6220105264840 北京市好利来食品有限公司
824 824 6226105248997 北京亿森宝生物科技有限公司
825 825 6234105187470 中科联讯（北京）信息技术有限公司
826 826 6236105166917 北京威兰嘉业科贸有限公司
827 827 6251105227100 北京盈帜新源科技有限公司
828 828 6252105206893 北京光宇在线科技有限责任公司
829 829 6256105251940 北京中建控电气有限公司
830 830 6263105238281 北京益跑科技股份有限公司
831 831 6275105209942 北京爱咔咔信息技术有限公司
832 832 6285105264122 北京市京跃自动门窗有限公司
833 833 6287105264870 中国国际航空股份有限公司
834 834 6294105250312 北京全宏建设工程有限公司
835 835 6308105229702 北京恕本科技有限公司
836 836 6319105251400 北京安吉通经贸有限公司
837 837 6327105196070 北京清河湾乡村体育俱乐部有限公司
838 838 6327105240958 优视科技有限公司
839 839 6339105187238 北京博顿电气有限公司
840 840 6346105248990 北京国宁众通建筑劳务有限公司
841 841 6358105190314 北京燕德宝汽车销售有限公司
842 842 6358105199723 北京中创汇安科贸有限公司
843 843 6370105236443 北京鑫泰阳光文化有限公司
844 844 6372105191017 北京蒙发利贸易有限公司
845 845 6374105243492 北京哈奇国际汽车俱乐部有限公司
846 846 6385105264173 北京市亿丰电力安装有限公司
847 847 6388105209430 北京天盈物业管理有限责任公司
848 848 6388105238742 北京爱生科技发展有限公司
849 849 6389105197676 北京神科博斯热能工程技术有限公司
850 850 6408105238049 北京日和泉环保科技发展有限公司
851 851 6435105248868 北京经开工大投资管理有限公司
852 852 6440105196150 北京美之旅国际旅行社有限公司
853 853 6450105264915 北京经开工大投资管理有限公司
854 854 6503105241781 北京银达物业管理有限责任公司
855 855 6506105161477 北京巴别时代科技有限公司
856 856 6532105201336 北京领航互动广告有限公司
857 857 6575105208947 思陶比（北京）服装有限公司
858 858 6577105168391 北京纵横海纳商贸有限公司
859 859 6581105161651 北京中航泰达科技有限公司
860 860 6583105190089 北京华业盛泰商贸有限公司
861 861 6584105229244 北京百强伟业科贸有限公司
862 862 6608105205854 北京咏琳阁文化传媒有限公司
863 863 6610105264873 中国国际航空股份有限公司
864 864 6614105167956 北京兴竣达建筑工程有限公司
865 865 6618105215775 北京瑞琦林格技术有限公司
866 866 6628105183363 北京京盛通科技有限公司
867 867 6630105161475 北京巴别时代科技有限公司
868 868 6632105193580 北京布逸昊服装服饰有限公司
869 869 6649105181504 北京迪恩斯国际服饰有限公司
870 870 6667105166989 北京悦界堂装饰设计有限公司
871 871 6673105248850 北京经开工大投资管理有限公司
872 872 6678105232074 北京西海龙湖置业有限公司
873 873 6679105264896 中国国际航空股份有限公司
874 874 6681105198351 惠东仁（北京）工贸有限责任公司
875 875 6689105190255 北京市通州兴龙印刷厂
876 876 6705105264160 北京万特福医疗器械有限公司
877 877 6717105233097 佳龙投资集团有限公司
878 878 6737105205634 北京科华恒盛技术有限公司
879 879 6738105226913 北京来福赛尔科技发展有限公司
880 880 6739105190327 北京千翔保安服务有限公司
881 881 6742105248870 北京经开工大投资管理有限公司
882 882 6743105177643 北京市朝阳区劲腾青少年体育俱乐部
883 883 6743105226029 北京中视东升文化传媒有限公司
884 884 6743105230884 北京悠缘华夏文化传播有限公司
885 885 6747105264874 中国国际航空股份有限公司
886 886 6754105263809 北京东方明志广告有限公司
887 887 6772105194349 北京东方博奥物流有限公司
888 888 6786105200282 北京华程德力液压技术有限责任公司
889 889 6788105190999 北京银三星商贸有限公司
890 890 6801105211700 北京殷图网联科技股份有限公司
891 891 6804105265371 北京东豪建设集团有限公司
892 892 6808105245959 北京三山五园园林工程有限公司第一分公司
893 893 6815105231627 北京市门头沟区风格与爱社会工作事务所
894 894 6840105206902 北京光宇华夏科技有限责任公司
895 895 6840105265379 北京珠江白云酒店设备有限公司
896 896 6843105264891 中国国际航空股份有限公司
897 897 6845105264325 北京郑和与海洋文化研究会
898 898 6852105191564 北京碧玺创意数字科技有限公司
899 899 6864105219001 北京盛世华纳科贸有限责任公司
900 900 6878105206891 北京光宇在线科技有限责任公司
901 901 6881105164663 北京凯迪克格兰云天大酒店有限公司
902 902 6882105195734 北京怀教网络技术服务有限公司
903 903 6887105190725 北京神州集客电子商务有限公司
904 904 6908105213449 北京亿城山水房地产开发有限公司
905 905 6908105225812 北京梧桐建筑装饰有限公司
906 906 6913105249961 高碑店市建筑企业（集团）公司北京第三分公司
907 907 6939105188893 北京市丰台区威尔夏幼儿园
908 908 6940105187449 北京久叁久亿商务服务有限公司
909 909 6944105200200 北京普天迅捷商贸有限公司
910 910 6950105227069 北京金鹏华电汽车销售有限公司
911 911 6951105264882 中国国际航空股份有限公司
912 912 6955105240337 北京场道市政工程集团有限公司
913 913 6961105248841 北京和为贵会计服务有限公司
914 914 6967105203671 北京朝通票据印务有限公司
915 915 6973105170433 成都希望食品有限公司北京分公司
916 916 6978105242865 北京猎豹网络科技有限公司
917 917 6984105211250 北京奥之杰汽车修理有限公司
918 918 7003105238590 北京侨福置业有限公司
919 919 7011105226947 北京市朝阳区大望京公园
920 920 7019105206903 北京光宇华夏科技有限责任公司
921 921 7020105175779 北京盛世伟业岩土工程有限公司
922 922 7027105206604 北京宏雅轩咖啡贸易有限公司
923 923 7042105239414 北京尖端装潢装饰有限责任公司
924 924 7051105191590 顺天通房地产开发集团有限公司
925 925 7053105266118 北京世嘉基业科技发展有限公司
926 926 7064105257216 北京市朝阳区小红门乡合作经济联合社
927 927 7069105238516 北京一帆风顺信息咨询有限公司
928 928 7075105145353 北京奥维克门窗有限公司
929 929 7083105209591 北京苑津强加油站有限公司
930 930 7101105227152 凯基鼎世建设发展有限公司
931 931 7111105162490 顺义区马坡地区办事处石家营村村民委员会
932 932 7119105178132 北京兴晟华宇科技有限公司
933 933 7134105192113 北京正光建设发展有限公司
934 934 7141105202966 北京瑞和新能电气技术有限公司
935 935 7144105190994 北京瑞丰鼎盛物业管理有限公司
936 936 7144105252428 北京立昌盛源经贸有限公司
937 937 7147105219632 北京富汇财金管理咨询有限公司
938 938 7153105262620 北京金泰凯盛汽车销售服务有限公司
939 939 7155105206907 北京大成康佳医学科技有限公司
940 940 7155105215774 北京瑞琦林格技术有限公司
941 941 7162105265091 北京手拉手汽车租赁有限公司
942 942 7177105192087 奥瑞视（北京）科技有限公司
943 943 7188105257119 光墨文化传媒（北京）有限公司
944 944 7194105230409 北京美顿餐饮管理有限责任公司
945 945 7198105208024 北京北方罗克科技有限公司
946 946 7200105202873 北京舒绿莲床上用品有限公司
947 947 7209105207172 北京阿贝斯努信息技术有限公司
948 948 7211105167016 北京康明威培养基技术有限责任公司
949 949 7217105240599 北京飞杰信通网络科技有限公司
950 950 7218105212079 深圳市诺立信电子科技有限公司北京海淀分公司
951 951 7220105210743 泽文投资管理有限公司
952 952 7222105190553 北京市太子峪汽车配件厂
953 953 7225105202718 河北万亮建筑劳务开发有限公司北京房山分公司
954 954 7225105248303 北京君福祥瑞建筑装饰工程有限公司
955 955 7233105209514 北京市柳沈律师事务所
956 956 7235105240955 优视科技有限公司
957 957 7249105206925 北京光宇华夏科技有限责任公司
958 958 7249105242035 北京锦星东南汽车销售有限公司
959 959 7255105254803 北京龙文环球教育科技有限公司
960 960 7260105187330 北京盛世绿洲城市环境管理有限公司
961 961 7267105209884 北京博知海科贸有限责任公司
962 962 7276105204728 北京中科美伦医疗股份有限公司
963 963 7277105193057 北京嘉联丰成贸易有限公司
964 964 7279105262446 北京雅点创意企业策划有限公司
965 965 7287105235895 河南省豫北水利勘测设计院北京市分院
966 966 7288105188689 北京元大同金属制品有限公司
967 967 7295105240340 北京场道市政工程集团有限公司
968 968 7300105232147 北京利东正旭科技有限公司
969 969 7303105240025 北京中通奥博技术有限公司
970 970 7312105187186 北京鑫海世纪建筑劳务有限责任公司
971 971 7318105196002 北京蜂珍科技开发有限公司
972 972 7318105206930 北京光宇华夏科技有限责任公司
973 973 7325105248856 北京经开工大投资管理有限公司
974 974 7332105238589 北京侨福置业有限公司
975 975 7333105205382 北京皓天百能环保工程有限公司
976 976 7340105233091 集美控股集团有限公司
977 977 7344105172205 远东正大检验集团有限公司
978 978 7346105264946 北京经开工大投资管理有限公司
979 979 7363105261772 北京丰茂伟业汽车服务有限公司
980 980 7385105233089 集美控股集团有限公司
981 981 7396105232899 北京中油华成石油燃料有限责任公司
982 982 7401105184738 北京华宇天雅停车管理有限公司
983 983 7425105210921 北京亿动天成图文制作中心
984 984 7436105264995 北京吉天仪器有限公司
985 985 7444105232039 北京车道沟劳务服务中心
986 986 7463105213445 北京亿城山水房地产开发有限公司
987 987 7468105264955 北京经开工大投资管理有限公司
988 988 7503105194870 北京涵普利电器科技有限公司
989 989 7505105196155 今烽天宇（北京）文化发展有限公司
990 990 7515105199401 北京悦康士科技有限公司
991 991 7519105206976 北京劳动大厦有限责任公司
992 992 7527105261040 北京阳光木雨展览服务有限公司
993 993 7535105187725 北京顺天成餐饮有限公司
994 994 7538105159892 北京兄弟联盟土石方工程有限公司
995 995 7539105201608 北京泰达新科技有限公司
996 996 7545105198410 北京共友投资有限公司
997 997 7549105182951 中国国际期货有限公司
998 998 7553105250667 北京恒万泰科技有限公司
999 999 7563105248429 北京环宇恒丰供暖有限公司
1000 1000 7564105255448 北京兴安企业商会
1001 1001 7572105228827 北京经开光谷置业有限公司
1002 1002 7573105186324 德杰盟工程技术（北京）有限公司
1003 1003 7575105187874 北京日通开关厂
1004 1004 7577105253416 北京军桥广告有限公司
1005 1005 7582105259083 北京正昆电控线缆有限公司
1006 1006 7610105227527 北京中润易创科技有限公司
1007 1007 7612105213915 北方翱翔信息工程技术（北京）有限公司
1008 1008 7615105252162 北京市凌云宇阳房地产开发有限公司
1009 1009 7618105193863 北京黑岩信息技术有限公司
1010 1010 7625105254819 圣龙恒基（北京）工程技术有限公司
1011 1011 7631105206897 北京光宇在线科技有限责任公司
1012 1012 7638105161245 北京福奈特洗衣服务有限公司
1013 1013 7639105205633 北京科华恒盛技术有限公司
1014 1014 7641105232072 北京西海龙湖置业有限公司
1015 1015 7645105190872 北京成思建设发展有限公司
1016 1016 7666105234233 北京力天华盛建筑设计咨询有限责任公司
1017 1017 7680105241780 北京银达物业管理有限责任公司
1018 1018 7681105190678 北京天海科科技发展有限公司
1019 1019 7702105210578 北京贝恩斯特电气科技有限责任公司
1020 1020 7716105248008 北京市京顺机动车检测场
1021 1021 7721105225866 北京正宇恒通建设工程有限公司
1022 1022 7726105264174 北京市亿丰电力安装有限公司
1023 1023 7730105194131 北京世纪伙伴文化传媒股份有限公司
1024 1024 7741105229525 北京富成国际金刚石技术有限公司
1025 1025 7743105205602 北京大陆汽车俱乐部有限公司
1026 1026 7750105202830 锐屏互动广告（北京）有限公司
1027 1027 7758105192454 北京七色印务有限公司
1028 1028 7765105239824 北京瑞特沃斯机电设备有限公司
1029 1029 7766105196951 北京汽车贸易中心有限公司
1030 1030 7769105208869 中国老区建设促进会老区经济开发基金管理委员会
1031 1031 7770105247018 北京慧屺御园餐饮有限公司
1032 1032 7802105187913 北京市绿龙永业消防工程有限公司
1033 1033 7805105240174 北京锐易纵横公关顾问有限公司
1034 1034 7818105257014 北京启威纳科贸有限公司
1035 1035 7829105241754 北京银座合智房地产开发有限公司
1036 1036 7833105192191 北京六里桥广客宇商贸有限责任公司
1037 1037 7835105194112 北京中汽南方华北汽车服务有限公司
1038 1038 7835105250378 北京洲诚时代科技有限公司
1039 1039 7853105205898 北京鹏达鸿业贸易有限公司
1040 1040 7876105211582 北京佳宇创展科技发展有限公司
1041 1041 7886105231708 北京正时风业咨询服务有限公司
1042 1042 7890105205473 北京松联科技有限公司
1043 1043 7895105264920 北京经开工大投资管理有限公司
1044 1044 7899105232297 北京兆著美达投资有限公司
1045 1045 7900105264839 北京市好利来食品有限公司
1046 1046 7913105211180 河南省建设集团有限公司北京分公司
1047 1047 7919105248342 北京军侨保安服务有限公司
1048 1048 7937105220311 华通设计顾问工程有限公司
1049 1049 7948105232913 北京美加澳星生物科技有限公司
1050 1050 7966105264999 北京青苹果酒店管理有限公司朝阳分公司
1051 1051 7973105245247 北京逸旅阳光酒店管理有限公司
1052 1052 7978105216824 北京天娱无限科技有限公司
1053 1053 7978105257238 北京金盛微纳科技有限公司
1054 1054 7983105221625 申威德（北京）机械设备有限公司
1055 1055 7986105205662 美滔美淘电子商务（北京）有限责任公司
1056 1056 7996105242037 北京华中汽车服务中心
1057 1057 8004105205276 联合德元（北京）科技有限公司
1058 1058 8007105161194 北京光影随行文化传播有限责任公司
1059 1059 8019105206896 北京光宇在线科技有限责任公司
1060 1060 8023105211934 北京鑫泉恒润科技发展有限公司
1061 1061 8051105229184 北京融智汇鑫资源科技有限公司
1062 1062 8060105254687 北京龙振养老服务中心
1063 1063 8062105211986 城市管理与科技杂志社
1064 1064 8075105206888 北京光宇在线科技有限责任公司
1065 1065 8088105227713 北京东方国信科技股份有限公司
1066 1066 8091105230706 北京市忠德双语幼儿园
1067 1067 8104105191778 北京新乐昌盛建筑设备租赁有限公司
1068 1068 8107105265539 北京大有宏业税务师事务所有限责任公司
1069 1069 8110105172145 北京盛世光明软件股份有限公司
1070 1070 8117105178607 北京悠扬互动科技有限公司
1071 1071 8151105235877 北京世纪康润医药经营有限责任公司
1072 1072 8154105187453 北京汇科盈嘉科技有限公司
1073 1073 8155105202967 北京瑞和新能电气技术有限公司
1074 1074 8156105245907 北京泰和泰利机电设备有限责任公司
1075 1075 8170105264898 中国国际航空股份有限公司
1076 1076 8178105179531 北京盛世诚光机械设备租赁有限公司
1077 1077 8187105249138 中国公园协会
1078 1078 8192105252840 北京宝优际电子有限公司
1079 1079 8210105231249 北京领誉行商务服务有限公司
1080 1080 8218105197855 北京宏胜天成技术有限公司
1081 1081 8220105175547 北京东信龙石油技术有限公司
1082 1082 8228105204841 北京新康亿管业有限公司
1083 1083 8235105213423 北京亿城山水房地产开发有限公司
1084 1084 8244105194460 北京全路达绝缘材料有限公司
1085 1085 8266105193610 中文在线数字出版集团股份有限公司
1086 1086 8266105256164 北京华恩时代科技发展有限公司
1087 1087 8268105193378 成都希望食品有限公司北京分公司
1088 1088 8272105253098 北京盛氏佳业广告有限公司
1089 1089 8282105241761 北京花开富贵阳光文化传播有限公司
1090 1090 8300105192858 北京沃德科斯科技发展有限公司
1091 1091 8302105263941 北京名安腾业商贸有限公司
1092 1092 8332105262765 北京轩银瑞华文化传播有限公司
1093 1093 8336105254674 北京长润化工有限公司
1094 1094 8364105213447 北京亿城山水房地产开发有限公司
1095 1095 8368105247796 北京京邮普泰通讯设备有限公司
1096 1096 8369105194057 广东中人集团建设有限公司北京分公司
1097 1097 8379105191073 北京百盛创威科技有限公司
1098 1098 8379105196068 北京清河湾乡村体育俱乐部有限公司
1099 1099 8379105248869 北京经开工大投资管理有限公司
1100 1100 8384105205395 北京加华胜家文化传播有限公司
1101 1101 8404105238881 昆吾九鼎投资管理有限公司
1102 1102 8409105198607 北京亿发昌隆商贸有限公司
1103 1103 8411105265344 北京同创同德建筑装饰工程有限责任公司
1104 1104 8412105242043 北京鹏天奥汽车销售有限公司
1105 1105 8440105225639 铉龙呈信国际传媒（北京）有限公司
1106 1106 8445105191621 北京泽鑫酒店管理有限公司
1107 1107 8449105190506 北京三石鸿翔展览展示有限公司
1108 1108 8463105265370 北京东豪建设集团有限公司
1109 1109 8465105259969 天骄贝通（北京）科技发展有限公司
1110 1110 8468105242428 北京世纪伙伴文化传媒股份有限公司
1111 1111 8469105222962 北京全美联合餐饮管理有限责任公司
1112 1112 8474105229397 北京德晟嘉行科技有限公司
1113 1113 8476105172144 北京盛世光明软件股份有限公司
1114 1114 8478105241753 北京银座合智房地产开发有限公司
1115 1115 8481105207088 北京东方金诚信用管理有限公司
1116 1116 8482105168737 北京东方昊明科技有限公司
1117 1117 8485105262524 北京金泰凯迪汽车销售服务有限公司
1118 1118 8502105210669 北京恒信诺鑫建筑劳务有限公司
1119 1119 8511105236151 北京同创恒信科技有限公司
1120 1120 8513105191006 北京晨德宝汽车销售服务有限公司
1121 1121 8517105194417 北京东鸿信达电子科技有限公司
1122 1122 8532105254501 北京泰亚达工贸有限公司
1123 1123 8576105228828 北京经开光谷置业有限公司
1124 1124 8582105213448 北京亿城山水房地产开发有限公司
1125 1125 8605105229344 江苏中道园林建设有限公司北京分公司
1126 1126 8608105190494 北京神州英豪科技有限公司
1127 1127 8608105233084 集美控股集团有限公司
1128 1128 8609105191591 顺天通房地产开发集团有限公司
1129 1129 8609105209459 北京京鼎隆茶叶批发市场有限公司
1130 1130 8613105265358 北京中能德源能源科技有限公司
1131 1131 8648105206590 北京宏达兴区域电动小客车出租有限责任公司
1132 1132 8648105238889 北京迪晶艺商贸有限公司
1133 1133 8649105248865 北京经开工大投资管理有限公司
1134 1134 8653105188833 北京爱德伦工程技术有限公司
1135 1135 8672105193998 北京一水方源科技有限公司
1136 1136 8677105209267 北京市白盆窑物流中心
1137 1137 8678105221895 中国民族卫生协会北京崇文英平风湿病医院
1138 1138 8686105251055 海润影视制作有限公司
1139 1139 8687105170135 北京市华表工贸有限公司
1140 1140 8694105170134 北京市华表工贸有限公司
1141 1141 8699105264085 北京市平谷区福环老年公寓
1142 1142 8706105193722 北京惠朗时代科技有限公司
1143 1143 8723105230410 北京美顿餐饮管理有限责任公司
1144 1144 8728105177688 北京大永和商贸有限公司
1145 1145 8729105175867 北京环境卫生工程集团有限公司第一分公司
1146 1146 8743105201704 北京一品天地科技有限公司
1147 1147 8745105164186 北京茗融贡裕广告有限公司
1148 1148 8754105221372 北京七彩园林绿化工程有限公司
1149 1149 8754105253261 北京世通宝网络科技有限公司
1150 1150 8757105209271 北京浩宇图书文化有限公司
1151 1151 8773105208777 北京龙鑫汇佳信息技术有限公司
1152 1152 8777105205607 北京大陆汽车俱乐部有限公司
1153 1153 8780105261616 北京格润爱科技有限公司
1154 1154 8781105161022 北京良物珍品电子商务股份有限公司
1155 1155 8786105189168 北京中兆华成建筑装饰工程有限责任公司
1156 1156 8786105229388 北京必和必胜建筑装饰有限公司
1157 1157 8797105205129 北京艺东装饰有限公司
1158 1158 8800105168808 北京福润小吊餐饮管理有限公司
1159 1159 8804105202456 北京子午锐德科技有限公司
1160 1160 8807105203329 北京明辰智航科技有限公司
1161 1161 8807105241785 北京百卓网络技术有限公司
1162 1162 8817105203694 北京国泰顺达物业管理有限公司
1163 1163 8826105264163 北京万特福医疗器械有限公司
1164 1164 8828105225952 北京红山世家房地产经纪有限公司
1165 1165 8833105190687 北京中亚空调安装有限公司
1166 1166 8833105204906 北京光达丽都装饰工程有限公司
1167 1167 8835105207448 北京丰联广场大厦有限公司
1168 1168 8838105248654 北京东大正保科技有限公司
1169 1169 8846105158903 中国通信建设第五工程局
1170 1170 8852105191010 北京汇美味餐饮文化有限公司
1171 1171 8863105264403 北京恒通顺康货运代理有限公司
1172 1172 8866105248385 北京环宇新星供暖有限公司
1173 1173 8866105264916 北京经开工大投资管理有限公司
1174 1174 8871105264881 中国国际航空股份有限公司
1175 1175 8876105160814 北京中西远大科技有限公司
1176 1176 8879105211845 和润信达（北京）科技发展有限公司
1177 1177 8899105187425 北京华信永安科技有限公司
1178 1178 8900105250875 北京众信利创装饰材料有限公司
1179 1179 8904105194914 德中瑞达工艺设备（北京）有限公司
1180 1180 8909105219016 融智通科技（北京）股份有限公司
1181 1181 8916105257079 北京网库信息技术股份有限公司
1182 1182 8919105262694 北京合众汇美国际贸易有限公司
1183 1183 8953105205605 北京大陆汽车俱乐部有限公司
1184 1184 8958105193213 北京顺通致远科技有限公司
1185 1185 8964105195733 北京怀教网络技术服务有限公司
1186 1186 8978105164871 北京百年农工子弟职业学校
1187 1187 8993105187474 北京殷永红活动板房销售有限公司
1188 1188 9005105199760 北京国创通畅路桥养护有限公司
1189 1189 9023105256431 天佑财富（北京）投资基金管理有限公司
1190 1190 9031105203661 北京尚升广告有限公司
1191 1191 9036105176149 北京思凯乐旅游用品有限公司
1192 1192 9046105264889 中国国际航空股份有限公司
1193 1193 9063105210726 北京上润管理咨询有限公司
1194 1194 9080105194635 北京中能建源科技开发有限公司
1195 1195 9085105158833 北京东方海蓝科技发展有限公司
1196 1196 9091105207752 北京博威能源科技股份有限公司
1197 1197 9101105242448 北京经开工大投资管理有限公司
1198 1198 9111105196158 北京天地周同科技发展有限公司
1199 1199 9133105158901 中国通信建设第五工程局
1200 1200 9175105238166 北京顺圆和合科技有限公司
1201 1201 9177105209941 定州市鲁泰建筑工程有限公司北京第一分公司
1202 1202 9178105167785 北京创世恒通讯工程有限公司
1203 1203 9182105264890 中国国际航空股份有限公司
1204 1204 9199105187461 北京富商华资产管理有限责任公司
1205 1205 9214105208787 北京世博嘉信工程咨询有限公司
1206 1206 9218105212002 北京轩涵睿勤管理顾问有限公司
1207 1207 9222105233085 集美控股集团有限公司
1208 1208 9251105181482 北京迪恩斯国际服饰有限公司
1209 1209 9251105263203 北京海蓝之光信息科技有限公司
1210 1210 9261105171950 北京首发公路养护工程有限公司
1211 1211 9263105195725 北京兴安宏鹏物流有限公司
1212 1212 9269105237786 北京亿景萌物业管理有限公司
1213 1213 9301105159800 北京市凯伯特建设工程股份有限公司
1214 1214 9310105214739 北京安泰隆禹设备租赁有限公司
1215 1215 9323105262750 北京旭科置业有限公司
1216 1216 9338105232530 北京雷信世纪电子技术有限公司
1217 1217 9342105242446 北京经开工大投资管理有限公司
1218 1218 9346105188366 北京创意时空公关顾问有限公司
1219 1219 9354105172440 北京富华博源商贸有限公司
1220 1220 9365105217000 北京山八齿材贸易有限公司
1221 1221 9368105264953 北京经开工大投资管理有限公司
1222 1222 9369105202744 北京鸿运京通咨询有限公司
1223 1223 9370105242332 北京亿达和信装饰工程有限公司
1224 1224 9374105232067 北京西海龙湖置业有限公司
1225 1225 9375105239822 新奥投资基金管理（北京）有限公司
1226 1226 9388105248426 北京市朝阳区泓钰培训学校
1227 1227 9426105232070 北京西海龙湖置业有限公司
1228 1228 9447105187467 北京新颐双宸信息咨询有限公司
1229 1229 9458105241916 北京市康讯通讯设备有限公司
1230 1230 9458105255010 北京市宾克投资咨询有限公司
1231 1231 9480105216588 北京金佰盛金属装饰工程有限公司
1232 1232 9489105209269 北京市白盆窑物流中心
1233 1233 9491105241693 北京海煦基业物业管理有限公司
1234 1234 9495105264710 北京市建宇汽车助力器厂
1235 1235 9496105195317 北京互联百通商务服务中心
1236 1236 9503105264003 北京鸿太万安科技有限公司
1237 1237 9513105264918 北京经开工大投资管理有限公司
1238 1238 9524105207769 北京微媒互动科技有限公司
1239 1239 9524105265524 安美世纪（北京）科技有限公司
1240 1240 9551105188431 晨唐（北京）技术股份有限公司
1241 1241 9569105229168 北京金盛高华企业管理有限公司
1242 1242 9577105240660 北京亦庄数字显示产业管理有限公司
1243 1243 9581105231769 北京中芯美科技有限公司
1244 1244 9588105261698 北京腾远兴顺汽车服务有限公司
1245 1245 9590105190631 北京优艺特唯美艺术设计有限公司
1246 1246 9597105188791 北京朝鸣宇商贸有限公司
1247 1247 9603105178281 通威集团有限公司北京代表处
1248 1248 9624105193113 北京英特迈往信息咨询有限责任公司
1249 1249 9626105252753 北京不二广告有限公司
1250 1250 9636105166561 北京联合万诺网络通信技术有限公司
1251 1251 9655105158900 中国通信建设第五工程局
1252 1252 9656105218770 北京伟坤博泰科技有限公司
1253 1253 9658105192013 启程未来科技（北京）有限公司
1254 1254 9675105222074 北京兴成文缘电力设计有限公司
1255 1255 9689105262020 北京利盛源建筑物拆除有限公司
1256 1256 9699105195716 北京万事利达建设发展有限公司
1257 1257 9701105160753 北京天诚晨兴商务服务有限公司
1258 1258 9704105172142 北京盛世光明软件股份有限公司
1259 1259 9718105207303 北京瑞和伟创自动化设备有限公司
1260 1260 9723105193801 北京庆丰万兴食品科技研发中心
1261 1261 9736105187893 北京恒庆基业科技有限公司
1262 1262 9738105206928 北京光宇华夏科技有限责任公司
1263 1263 9741105238224 北京万博达建筑劳务有限公司
1264 1264 9753105240338 北京场道市政工程集团有限公司
1265 1265 9762105238883 昆吾九鼎投资管理有限公司
1266 1266 9769105193431 中关村现代医药生产力促进中心
1267 1267 9769105206889 北京光宇在线科技有限责任公司
1268 1268 9773105188864 隆基恬铖（北京）科技有限公司
1269 1269 9789105214746 中化岩土工程股份有限公司
1270 1270 9822105203724 北京集美国际贸易投资管理有限公司
1271 1271 9835105190894 北京中辰筑合照明工程有限公司
1272 1272 9837105170060 北京嘉昌机电设备制造有限公司
1273 1273 9838105193421 北京诚信开来装饰工程有限公司
1274 1274 9839105211215 北京友谊天建物业管理有限公司
1275 1275 9844105255574 鸿运天下（北京）科技有限公司
1276 1276 9857105231210 北京元之沃汽车服务有限公司
1277 1277 9862105211142 北京市鑫兴律师事务所
1278 1278 9874105161652 北京中航泰达科技有限公司
1279 1279 9878105265162 北京城市学院
1280 1280 9881105191050 北京深大巨基建筑物拆除有限公司
1281 1281 9882105192181 北京蓝光防水工程有限责任公司
1282 1282 9888105178224 北京普路达国际贸易有限公司
1283 1283 9891105257033 北京市秦华律师事务所
1284 1284 9902105198298 北京金宇达美食品有限公司
1285 1285 9910105191074 北京百盛创威科技有限公司
1286 1286 9911105189271 麦际康（北京）科技有限公司
1287 1287 9911105240662 北京亦庄数字显示产业管理有限公司
1288 1288 9921105264948 北京经开工大投资管理有限公司
1289 1289 9931105262338 艺烁国际空间设计（北京）有限公司
1290 1290 9945105240335 北京场道市政工程集团有限公司
1291 1291 9949105233086 集美控股集团有限公司
1292 1292 9950105264827 北京市鸿力昌德科技发展有限公司
1293 1293 9960105213086 北京宏业佳美文化发展有限公司
1294 1294 9968105207281 北京天利弘远机电有限公司
1295 1295 9971105162504 北京市顺义区马坡镇石家营村经济合作社
1296 1296 9972105232589 北京佳宸弘生物技术有限公司
1297 1297 9974105248655 北京东大正保科技有限公司
1298 1298 9981105242864 北京猎豹网络科技有限公司
1299 1299 9988105196955 北京汽车贸易中心有限公司
