1 12153 1905105575306
2 21579 3417105464325
3 41913 6901105584167
4 36003 5929105427798
5 51007 8452105390421
6 51870 8587105421279
7 39124 6449105560412
8 43406 7156105415263
9 51442 8520105408236
10 3748 0578105373794
11 38783 6386105392139
12 17419 2754105329996
13 17621 2786105404675
14 2036 0305105487677
15 51096 8465105377519
16 42048 6924105546754
17 1709 0257105501693
18 31730 5198105309181
19 36080 5941105517236
20 58082 9626105387269
21 1453 0218105400375
22 53749 8898105487749
23 9738 1538105515301
24 3431 0529105316883
25 53182 8809105404337
26 19636 3112105355324
27 5711 0890105475081
28 3164 0485105485279
29 11774 1851105539839
30 15399 2427105595856
31 13633 2142105311147
32 2920 0445105507352
33 43254 7127105434291
34 9605 1517105416226
35 37937 6243105473403
36 39638 6535105560867
37 31788 5207105520910
38 14549 2288105351933
39 56126 9288105459855
40 54775 9061105404107
41 31237 5115105369190
42 51662 8556105478939
43 12087 1894105561143
44 57423 9518105548008
45 45185 7476105478407
46 53068 8791105392290
47 53974 8931105326308
48 14199 2233105470514
49 36198 5960105538611
50 21261 3365105458799
51 32867 5396105428827
52 4858 0757105384021
53 48016 7956105463560
54 40464 6671105391319
55 10942 1725105338177
56 18757 2965105501511
57 11842 1861105355650
58 38483 6335105380228
59 43174 7115105403143
60 31372 5139105315273
61 46160 7642105307378
62 35960 5923105399613
63 31632 5183105361068
64 36044 5936105407580
65 50469 8355105526002
66 35863 5906105471769
67 34518 5684105447068
68 8016 1255105334089
69 24453 3894105313158
70 11459 1808105304973
71 10261 1619105376840
72 47513 7875105452425
73 35958 5923105374808
74 41659 6861105318322
75 26846 4338105421226
76 10145 1603105312670
77 41662 6861105347717
78 12669 1982105388115
79 18599 2940105501608
80 115 0018105335161
81 26015 4176105500380
82 51866 8587105330774
83 27320 4422105536741
84 50867 8427105386050
85 42885 7066105545261
86 8775 1378105398830
87 15258 2401105359627
88 2791 0421105368480
89 59017 9785105409820
90 19180 3034105357521
91 27796 4515105384294
92 53658 8883105313138
93 31729 5197105483795
94 24755 3948105592457
95 8616 1355105359977
96 55631 9199105308568
97 20031 3174105328544
98 36397 5992105396759
99 6955 1084105349000
100 9322 1470105491832
101 18550 2934105417135
102 45958 7609105363914
103 50100 8296105451843
104 24739 3944105450727
105 11000 1736105351142
106 45707 7565105468415
107 29254 4766105530016
108 6358 0989105314857
109 13619 2139105376794
110 798 0121105561614
111 37449 6168105400407
112 59527 9867105350875
113 19884 3153105358128
114 43060 7097105320449
115 5357 0834105501361
116 54648 9040105530174
117 8640 1359105320009
118 41118 6771105388916
119 53513 8858105563508
120 41694 6866105305429
121 20606 3262105478047
122 31727 5197105448539
123 9353 1476105476466
124 5273 0822105336173
125 44017 7263105482809
126 16956 2680105460855
127 15785 2494105361047
128 11203 1769105398609
129 33044 5429105519335
130 31568 5172105342134
131 50467 8355105482887
132 5266 0820105517305
133 5715 0891105415269
134 9278 1464105454399
135 41918 6902105578686
136 40411 6664105598258
137 1766 0265105377968
138 2581 0387105348924
139 39868 6577105423139
140 57531 9535105550744
141 39875 6578105459514
142 8901 1398105402753
143 49526 8208105348936
144 58219 9653105305569
145 42085 6931105350400
146 28622 4660105321771
147 33775 5563105325146
148 49022 8123105325516
149 19398 3069105484088
150 14322 2252105399589
151 46991 7784105435984
152 39266 6473105313133
153 43238 7125105386572
154 25614 4099105389052
155 49069 8131105343116
156 47176 7814105311922
157 36606 6027105332773
158 44827 7405105399416
159 41076 6766105474601
160 54397 9001105312321
161 29922 4889105353917
162 18051 2852105498408
163 33667 5541105428264
164 42404 6984105350874
165 10684 1684105537328
166 32183 5277105546826
167 53813 8908105423132
168 10607 1673105512209
169 1142 0174105326622
170 25300 4043105583675
171 52882 8763105342992
172 6060 0939105505988
173 1251 0189105577701
174 56335 9321105385962
175 1819 0271105411807
176 11706 1841105447707
177 42555 7011105568577
178 11487 1811105304778
179 23542 3749105447770
180 15395 2427105380674
181 43535 7180105312691
182 27116 4385105400997
183 52158 8636105325017
184 18723 2960105331239
185 44931 7423105496034
186 11202 1769105379625
187 22382 3564105337440
188 40454 6670105375920
189 20562 3258105328050
190 55095 9112105407012
191 3805 0587105448754
192 17293 2734105403323
193 21859 3473105304877
194 45824 7585105392198
195 27609 4479105497341
196 21824 3467105395832
197 35587 5864105479529
198 7122 1114105422482
199 47536 7878105572563
200 9903 1568105351992
201 35163 5797105354292
202 23168 3688105430733
203 47881 7934105352540
204 54452 9009105399875
205 21793 3462105367943
206 40932 6742105352359
207 38015 6256105511924
208 47256 7828105356754
209 23795 3788105414375
210 37364 6155105404093
211 4621 0716105407763
212 25119 4005105476638
213 21285 3368105478624
214 25682 4113105320157
215 10862 1712105364358
216 2807 0423105416768
217 26247 4225105321861
218 14944 2350105511159
219 57827 9582105596461
220 59835 9915105346198
221 9801 1549105318584
222 13360 2096105476930
223 50399 8343105350037
224 6400 0995105354496
225 21495 3401105488087
226 35589 5865105340944
227 44554 7358105482553
228 15781 2493105419052
229 28726 4675105313768
230 40349 6657105455982
231 36472 6004105584001
232 35434 5835105315649
233 24305 3873105339595
234 13640 2143105374997
235 40585 6690105305984
236 20368 3227105409326
237 39589 6527105355218
238 58060 9621105554908
239 57283 9494105315370
240 3999 0617105529399
241 33540 5522105461263
242 35479 5843105309035
243 16659 2632105475887
244 43552 7182105496300
245 50474 8356105379926
246 39040 6432105320829
247 56362 9326105422359
248 56530 9354105397983
249 34962 5761105354829
250 24803 3957105484343
251 55931 9252105408581
252 20643 3269105321453
253 9648 1523105416779
254 48054 7964105407069
255 102 0016105355286
256 21804 3465105412722
257 33123 5446105360636
258 41481 6830105328403
259 32957 5412105592073
260 46558 7707105398093
261 56731 9389105350868
262 22235 3538105335760
263 18531 2932105310151
264 43800 7223105403222
265 892 0136105343363
266 29541 4819105348979
267 814 0125105411675
268 7646 1197105325007
269 45450 7521105528558
270 50848 8422105454667
271 23571 3754105398360
272 28540 4646105348891
273 18015 2846105381252
274 53829 8910105465056
275 26296 4234105393852
276 34675 5710105356265
277 57054 9449105391655
278 6847 1066105576079
279 16279 2575105348512
280 42809 7054105347610
281 39581 6526105363596
282 48377 8012105411823
283 41172 6778105389483
284 3923 0604105435262
285 44771 7396105323266
286 15830 2502105376965
287 25786 4132105331558
288 36605 6027105320118
289 13538 2126105383927
290 18782 2968105584479
291 47599 7887105390563
292 58461 9694105510356
293 25103 4002105407521
294 10726 1691105387684
295 7621 1192105463864
296 11305 1786105318127
297 16949 2679105308855
298 33212 5464105424923
299 42661 7030105565803
300 20934 3312105307678
301 38226 6291105403344
302 48716 8071105513496
303 11081 1749105400120
304 44468 7342105304142
305 1233 0187105448533
306 27391 4439105384615
307 2629 0394105530548
308 16173 2558105342183
309 21759 3455105386631
310 25780 4131105376713
311 26276 4231105319604
312 25203 4023105577629
313 50502 8361105324898
314 6978 1088105455383
315 8354 1310105355547
316 41417 6818105531640
317 14609 2295105447126
318 59383 9843105413532
319 45415 7516105508354
320 3756 0580105357425
321 24563 3911105518761
322 54461 9011105320083
323 26669 4305105464204
324 3250 0501105490790
325 25464 4069105383685
326 3438 0529105536547
327 7290 1138105478919
328 46208 7651105421475
329 14991 2359105519622
330 17727 2802105510254
331 23842 3797105478139
332 24540 3908105435444
333 55699 9210105365679
334 4583 0710105554818
335 51218 8485105381328
336 37297 6144105548414
337 57057 9449105478712
338 2690 0404105377189
339 17380 2748105488000
340 13201 2071105313445
341 9613 1518105600909
342 14847 2334105326703
343 48112 7971105583228
344 54032 8941105351608
345 21323 3373105475479
346 33259 5472105534443
347 34955 5760105359369
348 59621 9882105431392
349 30242 4947105326913
350 2340 0350105482039
351 34183 5630105404416
352 57599 9546105533823
353 17179 2715105550844
354 13663 2147105411782
355 54609 9035105336045
356 44766 7395105348627
357 41219 6787105456218
358 36123 5949105426574
359 23954 3816105560327
360 55693 9209105304233
361 30319 4958105404478
362 6768 1058105321382
363 8054 1263105403965
364 1261 0191105324602
365 1736 0260105585685
366 29858 4878105479034
367 45919 7600105484091
368 16113 2548105488387
369 31410 5145105455909
370 44714 7387105332826
371 11919 1872105338266
372 42004 6917105499602
373 32215 5285105320167
374 54496 9016105327415
375 9717 1534105516937
376 6350 0988105354058
377 32990 5418105350789
378 42280 6962105569500
379 52558 8704105359565
380 28836 4693105430995
381 3542 0547105313673
382 46940 7775105547574
383 45103 7462105340730
384 15388 2426105403952
385 50013 8283105403649
386 27295 4415105342854
387 38521 6342105326012
388 51274 8493105479791
389 56962 9432105334409
390 52885 8763105416298
391 15839 2504105325876
392 26921 4351105407642
393 53779 8903105554531
394 17862 2822105506529
395 39648 6537105312634
396 8079 1267105363720
397 40058 6611105413684
398 52771 8741105361284
399 19587 3103105425508
400 3402 0525105516162
401 49389 8183105346788
402 47989 7953105475685
403 28211 4588105305678
404 45881 7593105319372
405 50775 8408105326679
406 52533 8700105458751
407 25385 4057105337395
408 23037 3667105367525
409 3947 0608105411574
410 48260 7995105316140
411 11776 1852105318507
412 59292 9823105601875
413 43918 7243105355831
414 55471 9171105332724
415 52151 8635105333432
416 43732 7213105537282
417 22019 3505105317432
418 53020 8783105501651
419 11602 1827105355299
420 34795 5731105377327
421 51690 8560105379519
422 54999 9095105324639
423 19505 3089105468631
424 38879 6403105538635
425 28876 4699105321764
426 45351 7504105521452
427 48578 8049105313936
428 14353 2256105492800
429 14848 2334105349652
430 1639 0248105462896
431 26645 4301105313830
432 40573 6687105361431
433 22693 3614105313851
434 49157 8146105407076
435 39801 6565105416312
436 15907 2514105386107
437 18730 2961105349746
438 59575 9874105460499
439 24967 3983105313790
440 57834 9584105363522
441 1911 0285105460276
442 15484 2441105474733
443 47328 7841105340187
444 8702 1368105359965
445 41110 6770105499190
446 16900 2671105384567
447 43357 7146105393995
448 58661 9727105314391
449 26065 4186105385465
450 56270 9311105552466
451 46413 7685105340178
452 47392 7852105403043
453 41170 6778105360334
454 45146 7468105576726
455 12065 1891105427567
456 54744 9056105470350
457 28484 4637105375562
458 49686 8234105382851
459 17006 2687105478786
460 5424 0845105461507
461 3955 0609105549624
462 11032 1741105333263
463 8189 1285105341832
464 2309 0347105366210
465 21616 3426105570171
466 31557 5170105380361
467 36599 6026105482225
468 55114 9116105335289
469 15671 2475105445293
470 36245 5968105350651
471 25002 3986105549645
472 22798 3628105429564
473 28054 4559105505555
474 14121 2220105411205
475 32885 5399105499640
476 36207 5962105400122
477 7671 1202105331057
478 10803 1702105495342
479 58123 9633105544227
480 11976 1878105462936
481 1995 0298105313791
482 50270 8325105376665
483 48642 8059105531619
484 18932 2990105315947
485 15579 2458105339774
486 39606 6530105329602
487 59756 9904105377691
488 37901 6237105333387
489 37093 6106105350652
490 45410 7516105325780
491 47776 7916105406048
492 29398 4791105569585
493 42569 7014105393290
494 19543 3096105376703
495 53879 8916105585337
496 51232 8487105335434
497 7296 1140105325293
498 45019 7442105483196
499 47439 7861105474684
500 9553 1510105314384
501 40654 6699105554233
502 48596 8052105498065
503 42991 7082105363370
504 50173 8309105488233
505 31268 5120105320448
506 23616 3763105312437
507 19339 3059105516814
508 27050 4373105337896
509 12262 1921105503427
510 36212 5963105416067
511 47073 7799105319463
512 17682 2795105487367
513 51916 8593105497604
514 5030 0783105337454
515 3429 0528105599358
516 14039 2207105388289
517 22744 3620105529778
518 49611 8222105349331
519 47084 7800105395000
520 42364 6977105335113
521 32154 5271105575757
522 59052 9791105405505
523 18022 2847105475989
524 30615 5009105404940
525 48823 8088105343838
526 55958 9256105479203
527 40582 6689105397473
528 8511 1337105595115
529 20595 3261105594767
530 42006 6917105551296
531 28911 4704105576790
532 23006 3661105333723
533 23717 3777105322078
534 48570 8046105312932
535 31676 5189105333891
536 13753 2160105511000
537 7280 1136105470944
538 58822 9754105569843
539 48018 7956105484346
540 52316 8664105328399
541 20267 3212105363157
542 32707 5370105374353
543 25639 4104105366442
544 882 0135105341129
545 58690 9731105377658
546 30094 4922105318844
547 37835 6229105352981
548 37539 6182105377032
549 16115 2549105321900
550 39841 6571105489439
551 28488 4637105452537
552 18039 2851105335287
553 58289 9664105377029
554 5076 0790105398407
555 37752 6215105357592
556 41955 6909105315541
557 30574 5003105476307
558 12376 1939105316381
559 1351 0201105381730
560 35664 5875105501102
561 43387 7153105404109
562 10829 1706105446128
563 6455 1003105354760
564 30609 5008105332972
565 7301 1140105384018
566 24068 3834105421444
567 54318 8988105335804
568 3347 0516105421189
569 33708 5552105309249
570 50030 8285105459202
571 6759 1057105399853
572 24276 3869105324420
573 1594 0239105577628
574 55121 9116105561522
575 22097 3518105431883
576 59801 9910105533500
577 33414 5500105450421
578 17141 2708105552406
579 32279 5296105361206
580 18729 2961105309240
581 18123 2864105484585
582 3043 0465105321697
583 52750 8737105319498
584 41108 6770105428979
585 13519 2123105534008
586 10873 1714105380768
587 25070 3997105329178
588 18642 2949105366526
589 10818 1705105361775
590 50074 8291105488217
591 43532 7179105534275
592 55257 9139105404152
593 57472 9527105323325
594 12355 1936105360929
595 8929 1402105407236
596 9439 1491105446817
597 26252 4225105510451
598 55383 9159105337163
599 53935 8925105393404
600 34622 5701105342417
601 36129 5950105369403
602 34488 5680105411995
603 3832 0591105398316
604 26438 4263105383959
605 33082 5439105340946
606 4213 0656105364304
607 16445 2599105458587
608 3169 0486105367814
609 43332 7140105478902
610 38305 6304105462659
611 8541 1342105475350
612 13434 2110105426007
613 40451 6670105326344
614 42975 7079105581687
615 17541 2773105319228
616 40345 6656105577866
617 18433 2917105368233
618 25701 4116105334663
619 17091 2701105329638
620 56781 9396105454395
621 59352 9837105361740
622 35677 5877105503491
623 52883 8763105360892
624 43987 7257105519848
625 6499 1010105598914
626 11856 1863105306205
627 27158 4392105338834
628 49593 8220105361272
629 46193 7648105422355
630 12659 1981105313710
631 33549 5523105372286
632 38384 6319105430352
633 23560 3752105487203
634 58010 9613105385732
635 42953 7076105380728
636 43988 7258105328324
637 59565 9872105409317
638 26312 4238105331549
639 8026 1257105325831
640 9307 1468105314452
641 54781 9062105387683
642 21902 3482105376916
643 35663 5875105407404
644 32866 5396105400034
645 41534 6837105338187
646 30098 4922105482919
647 14807 2327105600068
648 14497 2280105319275
649 55167 9123105488515
650 28938 4711105338841
651 51359 8507105333227
652 552 0086105515331
653 38293 6303105363784
654 57507 9532105328176
655 35624 5869105533896
656 453 0070105316569
657 41959 6909105339486
658 20198 3199105492114
659 19940 3162105414511
660 21227 3357105364772
661 37408 6164105329385
662 27206 4400105316897
663 17330 2739105392547
664 30673 5018105418977
665 4756 0740105587757
666 30511 4992105311472
667 50228 8319105396151
668 42794 7051105547988
669 23 0003105580821
670 33906 5584105331472
671 41133 6773105329568
672 52474 8689105404114
673 17676 2793105553412
674 7784 1219105333374
675 2000 0299105338037
676 37451 6169105383626
677 15 0002105490291
678 20017 3171105490630
679 2454 0366105306128
680 36754 6053105340171
681 57402 9515105369899
682 12661 1981105382140
683 54779 9062105350206
684 17255 2728105364567
685 21654 3434105527508
686 32998 5419105337982
687 92 0014105471510
688 26406 4257105360931
689 22387 3564105405260
690 42501 7001105559425
691 2030 0304105353824
692 39367 6491105327939
693 6373 0990105483131
694 47152 7811105374470
695 32252 5291105512446
696 27575 4472105505798
697 4572 0709105325148
698 4991 0778105371006
699 28111 4570105390008
700 11023 1740105312001
701 40224 6637105373266
702 32366 5310105362519
703 14475 2275105452176
704 48159 7979105482236
705 59239 9816105398679
706 43230 7124105332827
707 30509 4991105508265
708 55508 9177105465223
709 58526 9706105376793
710 438 0067105518968
711 21942 3490105381577
712 17745 2805105367628
713 43539 7180105372989
714 24179 3851105600865
715 24748 3946105516400
716 32781 5382105488290
717 75 0011105531320
718 9020 1418105430434
719 32112 5265105382087
720 30419 4975105311692
721 23822 3793105326263
722 20407 3233105318654
723 17875 2823105500200
724 31877 5224105582768
725 46101 7632105451129
726 30877 5053105341721
727 35886 5910105442796
728 34778 5727105344268
729 32879 5398105517428
730 55378 9158105450085
731 52260 8654105482295
732 51784 8575105351724
733 56884 9416105502133
734 25036 3991105325670
735 58540 9708105586674
736 33518 5518105312711
737 29450 4802105536466
738 22768 3624105377109
739 50122 8300105401117
740 29936 4891105338129
741 31252 5117105495004
742 24215 3857105579315
743 42063 6927105431270
744 40441 6668105459484
745 21623 3428105364063
746 23188 3692105387963
747 22974 3655105406130
748 7505 1175105378834
749 55148 9120105508206
750 4498 0696105565323
751 56324 9320105354984
752 56353 9325105365623
753 40958 6746105508618
754 16402 2593105479452
755 11959 1876105570500
756 56953 9430105359352
757 49738 8242105355091
758 46393 7682105319612
759 13138 2059105360407
760 12353 1936105342594
761 54977 9092105379648
762 20730 3282105319733
763 25647 4105105533794
764 5414 0844105303577
765 30036 4910105367906
766 26315 4238105510415
767 47008 7786105426356
768 59496 9861105479095
769 26561 4287105406085
770 59616 9881105581054
771 30978 5073105511714
772 46605 7715105325677
773 42343 6973105456687
774 483 0077105393502
775 52924 8769105312866
776 56546 9357105566020
777 36165 5956105334506
778 51789 8575105471098
779 40497 6677105348958
780 22914 3645105478810
781 7904 1235105535683
782 28382 4619105333024
783 39983 6599105475012
784 28381 4619105328555
785 59407 9847105388296
786 56260 9310105507448
787 10827 1706105408128
788 40483 6673105575251
789 13077 2050105341240
790 1587 0238105498554
791 44134 7282105431437
792 43411 7157105361033
793 9631 1520105471893
794 37769 6218105353747
795 35313 5817105470754
796 10522 1660105362715
797 58921 9769105456875
798 36649 6034105332262
799 10406 1641105421489
800 55662 9202105382559
801 36534 6012105381766
802 23831 3795105319954
803 41297 6800105437440
804 55886 9244105321726
805 33874 5580105386161
806 9720 1535105412867
807 14010 2201105555023
808 40475 6673105322999
809 23832 3795105466088
810 15767 2491105321042
811 20788 3291105597981
812 58302 9666105393956
813 5896 0915105493436
814 50578 8372105538728
815 4450 0686105581711
816 26596 4292105489010
817 41100 6769105399764
818 57620 9549105371356
819 6361 0989105487453
820 34129 5622105369662
821 15488 2442105313864
822 6526 1016105333850
823 46419 7686105332719
824 24974 3984105308817
825 15482 2441105400715
826 47921 7940105533251
827 36975 6087105498373
828 4575 0709105386103
829 25524 4081105413375
830 42402 6983105581677
831 57979 9609105315438
832 59869 9919105397124
833 41384 6813105548666
834 45189 7477105584092
835 46734 7736105371810
836 44426 7332105515441
837 47438 7861105411476
838 44451 7337105495903
839 54861 9076105349964
840 49687 8234105433285
841 42251 6957105479224
842 30705 5022105464799
843 16651 2631105570801
844 57664 9555105483854
845 41153 6775105465925
846 46186 7648105340753
847 37515 6179105428602
848 19406 3071105476417
849 33320 5482105530889
850 8718 1371105334436
851 29775 4864105480139
852 1302 0195105592079
853 30289 4954105303490
854 36631 6032105332796
855 40174 6628105475253
856 30008 4906105321190
857 37765 6217105484320
858 16323 2581105474537
859 40404 6664105373899
860 46306 7667105545452
861 33099 5442105309404
862 9435 1490105406024
863 14952 2352105331653
864 41783 6882105336083
865 18141 2867105385394
866 21272 3366105464305
867 16919 2674105542150
868 21061 3329105424630
869 3845 0593105538333
870 20377 3228105386267
871 39511 6515105351670
872 57003 9439105357278
873 2759 0417105483814
874 17027 2690105329000
875 52231 8648105420525
876 45137 7468105323478
877 49109 8137105575492
878 44175 7291105375623
879 29650 4839105357033
880 17569 2777105502742
881 31608 5180105374491
882 16807 2655105474248
883 12627 1977105370270
884 56678 9379105430358
885 29581 4827105311219
886 4754 0739105547059
887 5016 0781105375665
888 16726 2642105351773
889 6662 1039105338688
890 31116 5094105391399
891 4047 0627105404228
892 8556 1345105306386
893 16589 2623105335943
894 32816 5388105530854
895 15754 2488105425486
896 35221 5803105487628
897 39524 6517105555697
898 19881 3152105505550
899 29267 4770105307527
900 16455 2600105493907
