1 1 0010103685021
2 2 0017103494552
3 3 0018102261181
4 4 0023100316520
5 5 0033100497887
6 6 0034102575714
7 7 0038100781948
8 8 0040101566220
9 9 0057100105439
10 10 0057103090936
11 11 0059103628944
12 12 0063100879975
13 13 0070103012106
14 14 0075100727171
15 15 0079102046601
16 16 0085101643196
17 17 0087101322771
18 18 0090100241578
19 19 0092104023492
20 20 0096100698065
21 21 0105101252019
22 22 0117100681872
23 23 0118103984622
24 24 0119103849135
25 25 0137101933842
26 26 0142103576041
27 27 0158103545146
28 28 0159101985733
29 29 0164103143460
30 30 0169103975327
31 31 0171103563364
32 32 0176101224463
33 33 0194101370215
34 34 0194102567698
35 35 0196102643016
36 36 0199100831190
37 37 0199100929491
38 38 0199103626306
39 39 0200100762671
40 40 0202103457820
41 41 0206104150721
42 42 0215104078746
43 43 0229104069770
44 44 0230104096192
45 45 0247104163489
46 46 0250100707277
47 47 0251103744962
48 48 0252101440339
49 49 0256101269423
50 50 0264104163141
51 51 0266102907939
52 52 0267103087356
53 53 0271102683927
54 54 0273100661279
55 55 0275103166749
56 56 0277102964648
57 57 0279100818143
58 58 0287102265634
59 59 0290103101525
60 60 0296101366959
61 61 0298102473572
62 62 0303102310216
63 63 0304103148064
64 64 0306104148858
65 65 0309100398467
66 66 0311100984311
67 67 0311103790612
68 68 0313103176642
69 69 0317100734216
70 70 0318101926255
71 71 0319100593511
72 72 0320100018534
73 73 0322103700005
74 74 0326103197754
75 75 0330102502168
76 76 0330103728547
77 77 0331101138162
78 78 0339104109738
79 79 0362100880033
80 80 0366104115726
81 81 0369100071619
82 82 0370102282544
83 83 0386101051951
84 84 0386102846644
85 85 0386103980196
86 86 0387101892886
87 87 0395103226504
88 88 0404102849088
89 89 0405103928188
90 90 0423103746619
91 91 0432102091099
92 92 0438104114516
93 93 0442103837852
94 94 0443103316454
95 95 0444103387795
96 96 0445102788971
97 97 0473101949815
98 98 0479103862645
99 99 0480102761591
100 100 0488102847345
101 101 0492102218716
102 102 0493102829698
103 103 0499103002650
104 104 0503101602693
105 105 0513103284931
106 106 0518104089094
107 107 0525104129298
108 108 0532100451015
109 109 0533103201975
110 110 0544103394526
111 111 0545103297369
112 112 0550101311249
113 113 0551103106623
114 114 0569103515211
115 115 0576102286755
116 116 0592102591260
117 117 0594101055255
118 118 0602102116829
119 119 0606102305819
120 120 0615104172816
121 121 0618104140740
122 122 0620101357511
123 123 0630101085479
124 124 0637102214094
125 125 0651102170788
126 126 0652104006732
127 127 0663102880488
128 128 0683104122064
129 129 0684100566415
130 130 0687102542262
131 131 0691103568261
132 132 0717101647955
133 133 0719102499397
134 134 0723100992612
135 135 0723103911983
136 136 0728101091403
137 137 0728102963695
138 138 0739100632929
139 139 0740103558244
140 140 0750102515147
141 141 0750104084137
142 142 0751101162442
143 143 0752104079078
144 144 0775104178971
145 145 0778101185611
146 146 0783103016144
147 147 0797101234588
148 148 0800102525063
149 149 0800102718179
150 150 0800103231019
151 151 0801100828241
152 152 0816103154739
153 153 0825103115565
154 154 0838102695949
155 155 0848100066522
156 156 0853103692368
157 157 0855103254659
158 158 0868102695528
159 159 0877104027592
160 160 0885103556602
161 161 0890102226695
162 162 0890103585854
163 163 0896104137269
164 164 0897102569921
165 165 0902100151350
166 166 0902102817560
167 167 0914102584643
168 168 0916102279451
169 169 0922104059156
170 170 0927100039552
171 171 0931103888051
172 172 0950100892724
173 173 0969101807143
174 174 0982101131404
175 175 0985102521690
176 176 0989104182927
177 177 0990101338575
178 178 0991101990843
179 179 0991103833423
180 180 1001101883063
181 181 1007103433644
182 182 1010103108005
183 183 1010103573328
184 184 1020103141433
185 185 1021101506408
186 186 1032103492530
187 187 1037104129427
188 188 1038101205812
189 189 1047102466678
190 190 1048102009309
191 191 1062102421804
192 192 1071100028734
193 193 1071101871784
194 194 1078104164783
195 195 1080100927587
196 196 1090100680954
197 197 1099102362548
198 198 1105102672511
199 199 1116100137906
200 200 1120101944816
201 201 1127103763242
202 202 1128103965410
203 203 1132102726555
204 204 1136104158482
205 205 1142102401554
206 206 1152101400733
207 207 1165101925047
208 208 1168102937776
209 209 1169102596207
210 210 1180101326395
211 211 1181101728267
212 212 1181104150018
213 213 1211102708238
214 214 1212100369256
215 215 1218100734261
216 216 1218101534254
217 217 1222102226051
218 218 1230104141257
219 219 1235101683396
220 220 1239100350123
221 221 1251102658187
222 222 1261100157438
223 223 1263102411560
224 224 1264102457927
225 225 1268102631300
226 226 1282100184532
227 227 1289101515088
228 228 1294104098317
229 229 1307103166274
230 230 1308101262520
231 231 1315104094444
232 232 1326100089203
233 233 1328101990728
234 234 1336100105982
235 235 1337102815751
236 236 1338100330810
237 237 1342102648519
238 238 1346103259765
239 239 1351104141468
240 240 1359103798674
241 241 1360101984239
242 242 1369101539977
243 243 1370100241029
244 244 1373104112384
245 245 1385100387867
246 246 1389103425629
247 247 1393101119633
248 248 1398102101787
249 249 1400102876117
250 250 1410101470491
251 251 1420101897760
252 252 1441100847421
253 253 1447102180826
254 254 1447103363648
255 255 1452100708420
256 256 1452101650595
257 257 1456102914939
258 258 1466103251794
259 259 1466104179300
260 260 1476100973277
261 261 1479100920267
262 262 1485102993952
263 263 1492102935237
264 264 1494102210833
265 265 1494104136844
266 266 1499103349534
267 267 1512102926746
268 268 1518102579029
269 269 1524102372707
270 270 1525101975125
271 271 1532102465904
272 272 1534103728116
273 273 1542102821024
274 274 1543101816502
275 275 1545103582517
276 276 1548103606805
277 277 1562100860373
278 278 1578104103573
279 279 1580102783982
280 280 1590102651087
281 281 1590104125759
282 282 1591103442747
283 283 1602103605541
284 284 1607101781522
285 285 1610102341575
286 286 1616103016813
287 287 1618102626691
288 288 1637101794591
289 289 1638102456565
290 290 1647104078403
291 291 1650103769626
292 292 1655102926178
293 293 1656103077653
294 294 1661101661353
295 295 1674103208775
296 296 1680101800903
297 297 1685104150959
298 298 1704102676972
299 299 1706100978467
300 300 1713101634449
301 301 1717101073973
302 302 1727101790950
303 303 1731103385758
304 304 1732102866079
305 305 1738101646609
306 306 1741101674747
307 307 1744103933972
308 308 1749100317629
309 309 1761103439991
310 310 1762100978447
311 311 1765102466354
312 312 1769100449223
313 313 1771100211751
314 314 1778103305005
315 315 1784100488861
316 316 1787102284996
317 317 1792103188333
318 318 1793102628505
319 319 1795100173765
320 320 1803100845143
321 321 1803101723044
322 322 1805100110468
323 323 1810103569327
324 324 1820100904827
325 325 1823102688225
326 326 1830102764798
327 327 1831104091572
328 328 1836104124068
329 329 1839100701730
330 330 1857103527099
331 331 1861101892672
332 332 1865102878881
333 333 1865103989842
334 334 1870103788308
335 335 1879104016655
336 336 1880102862317
337 337 1895101052864
338 338 1896102047230
339 339 1904102599163
340 340 1904102703443
341 341 1907104118284
342 342 1910101401282
343 343 1911103371993
344 344 1915102543642
345 345 1916102899646
346 346 1919102398800
347 347 1927102724236
348 348 1933103887011
349 349 1934101819514
350 350 1942104150268
351 351 1959101643986
352 352 1979104091968
353 353 1988103569513
354 354 1988104160456
355 355 2000101600801
356 356 2000104108668
357 357 2001101469791
358 358 2013103856446
359 359 2024103102887
360 360 2024103703008
361 361 2030103420098
362 362 2035102754880
363 363 2036102778481
364 364 2041102081877
365 365 2057101412205
366 366 2058101522835
367 367 2064103697716
368 368 2079102116546
369 369 2081104124825
370 370 2092101619627
371 371 2093104127813
372 372 2103103688625
373 373 2105104173409
374 374 2108101171837
375 375 2108103913068
376 376 2117102320657
377 377 2123102266866
378 378 2123104132141
379 379 2126104120986
380 380 2130100123541
381 381 2141103032229
382 382 2142103171677
383 383 2145103116419
384 384 2160103315192
385 385 2162101997256
386 386 2163100474034
387 387 2167102615133
388 388 2192100602896
389 389 2196102950768
390 390 2201100383368
391 391 2207102100086
392 392 2210101796537
393 393 2223103690966
394 394 2226102914694
395 395 2226103394421
396 396 2229102569138
397 397 2246101722457
398 398 2250100744579
399 399 2250104077871
400 400 2254100220228
401 401 2255102560439
402 402 2263101778491
403 403 2263104101780
404 404 2268103043971
405 405 2269101897975
406 406 2277104176194
407 407 2280104126038
408 408 2281102874999
409 409 2297101835445
410 410 2301101260838
411 411 2301101930968
412 412 2330102934472
413 413 2344100893378
414 414 2359103141462
415 415 2369103822515
416 416 2382102332643
417 417 2387102774251
418 418 2389102623785
419 419 2394102182284
420 420 2400102073494
421 421 2400103762870
422 422 2406102308846
423 423 2417102088825
424 424 2433103426206
425 425 2434100777300
426 426 2438103169605
427 427 2457101788747
428 428 2459103706269
429 429 2461102871061
430 430 2461103607965
431 431 2463102988685
432 432 2468100999540
433 433 2493100876999
434 434 2497103524176
435 435 2498102662065
436 436 2500103944122
437 437 2505101598822
438 438 2507101128730
439 439 2508102731688
440 440 2509101848124
441 441 2511100423745
442 442 2513102716737
443 443 2520103564276
444 444 2525102556051
445 445 2535100253461
446 446 2539103325792
447 447 2541101925436
448 448 2565102973141
449 449 2566100750238
450 450 2575101176619
451 451 2580102343289
452 452 2589102672716
453 453 2593100710682
454 454 2594101797138
455 455 2595101885678
456 456 2595104138230
457 457 2603102954691
458 458 2607101673033
459 459 2612102247494
460 460 2622103537994
461 461 2626101075808
462 462 2632101798806
463 463 2637104174217
464 464 2641100410988
465 465 2647100591139
466 466 2649102848762
467 467 2651101504856
468 468 2664101127813
469 469 2669101284314
470 470 2680101112156
471 471 2684102875793
472 472 2686102718559
473 473 2691104133235
474 474 2694100893370
475 475 2696104000400
476 476 2728100470503
477 477 2729102920830
478 478 2737102269358
479 479 2745100894427
480 480 2751100161037
481 481 2759101072162
482 482 2767102678803
483 483 2771104069883
484 484 2774101164018
485 485 2788104169110
486 486 2797102730738
487 487 2797102972443
488 488 2806104081394
489 489 2831102265408
490 490 2840100405036
491 491 2858103683337
492 492 2867101173811
493 493 2868101309162
494 494 2876102545077
495 495 2877102041782
496 496 2891102970192
497 497 2897103384082
498 498 2899100121003
499 499 2904101957178
500 500 2904102788035
501 501 2911103992097
502 502 2918102690667
503 503 2919104142832
504 504 2921103118953
505 505 2922101796166
506 506 2923100936696
507 507 2923102526829
508 508 2924103559853
509 509 2929103419233
510 510 2934103456379
511 511 2955101539134
512 512 2958101698725
513 513 2958101707177
514 514 2960102989649
515 515 2976101283490
516 516 2985102045483
517 517 2987103586242
518 518 2990100164570
519 519 2993102079199
520 520 2997103917272
521 521 3015102113151
522 522 3016101684193
523 523 3021100968275
524 524 3023101726582
525 525 3031103187547
526 526 3045101908546
527 527 3047104126971
528 528 3055104182850
529 529 3058101901896
530 530 3077101934624
531 531 3077102277533
532 532 3088103517591
533 533 3106102510907
534 534 3108102154422
535 535 3116101762611
536 536 3123102557543
537 537 3160101159132
538 538 3161104030187
539 539 3166102784152
540 540 3167100229561
541 541 3180101790154
542 542 3185102462407
543 543 3188102878276
544 544 3191100511860
545 545 3192102124180
546 546 3192104164550
547 547 3193100968375
548 548 3198104112929
549 549 3201101207751
550 550 3203101039012
551 551 3203103237175
552 552 3204104173773
553 553 3211101582182
554 554 3219101755107
555 555 3224103092888
556 556 3227103820057
557 557 3230103285265
558 558 3233103273434
559 559 3238102920728
560 560 3243103526430
561 561 3244100980327
562 562 3250104179566
563 563 3252102351679
564 564 3253102375850
565 565 3266102121822
566 566 3270101847935
567 567 3276100850218
568 568 3279101388956
569 569 3281104054153
570 570 3294102973328
571 571 3296101273547
572 572 3298103044354
573 573 3298103278553
574 574 3311103257829
575 575 3318101926887
576 576 3327103263601
577 577 3338103399988
578 578 3343104163662
579 579 3353103999802
580 580 3357100650399
581 581 3357102270094
582 582 3368103130096
583 583 3378103969486
584 584 3395102785247
585 585 3400103824829
586 586 3418101147061
587 587 3422104125332
588 588 3427102444670
589 589 3433103800613
590 590 3435101214729
591 591 3442103661210
592 592 3444101345032
593 593 3450103175123
594 594 3476100825501
595 595 3476101013358
596 596 3479100660552
597 597 3479103184251
598 598 3480102400060
599 599 3481100974196
600 600 3482100020084
601 601 3484103993061
602 602 3488102800523
603 603 3488103255804
604 604 3492103836143
605 605 3498102345439
606 606 3508102485076
607 607 3511101085959
608 608 3518102750987
609 609 3522102162961
610 610 3530102814141
611 611 3534103655404
612 612 3536102607690
613 613 3536102703395
614 614 3538102739649
615 615 3541101284403
616 616 3543100996467
617 617 3555102758369
618 618 3562103258719
619 619 3568103145139
620 620 3571101687294
621 621 3571104057037
622 622 3572102481686
623 623 3578102310727
624 624 3581100990668
625 625 3582104181505
626 626 3596100169298
627 627 3603102653148
628 628 3609100680710
629 629 3613103282250
630 630 3618103269126
631 631 3621101965784
632 632 3625101056237
633 633 3628102439383
634 634 3636104096190
635 635 3641100708893
636 636 3655101568619
637 637 3656103295842
638 638 3660102390572
639 639 3661103390541
640 640 3662100834604
641 641 3664103907463
642 642 3671101981472
643 643 3673101570054
644 644 3673103157703
645 645 3674104154963
646 646 3676103201729
647 647 3679104085262
648 648 3688100407643
649 649 3695100045833
650 650 3696101080360
651 651 3698102167810
652 652 3698102831275
653 653 3707103267640
654 654 3707103789817
655 655 3709104068237
656 656 3730103219529
657 657 3747102274450
658 658 3752104044679
659 659 3753104132989
660 660 3761102530331
661 661 3767101708500
662 662 3770103469910
663 663 3775101205767
664 664 3775101842677
665 665 3776101830430
666 666 3781102078247
667 667 3783103902864
668 668 3794103165088
669 669 3801102443554
670 670 3807103508471
671 671 3818101248456
672 672 3822102217738
673 673 3823104164147
674 674 3828102354878
675 675 3828103079627
676 676 3831100676453
677 677 3831104081337
678 678 3835104122143
679 679 3846103784431
680 680 3849102400044
681 681 3851100857325
682 682 3855100434560
683 683 3855102882873
684 684 3860100417604
685 685 3860101975061
686 686 3861102494526
687 687 3867101856365
688 688 3868100704913
689 689 3868104155883
690 690 3871102443012
691 691 3878102892710
692 692 3883104099690
693 693 3897101711154
694 694 3902103554605
695 695 3911100083430
696 696 3912101876815
697 697 3919100610945
698 698 3919103688654
699 699 3942101809824
700 700 3973104138897
701 701 3976101118936
702 702 3977102190334
703 703 3981103237733
704 704 3984101158341
705 705 3985102618089
706 706 3989103991928
707 707 3990100905800
708 708 3993103932468
709 709 3996103482118
710 710 4001102026653
711 711 4002103991875
712 712 4004101840939
713 713 4004103849183
714 714 4007103067609
715 715 4011103716061
716 716 4015103465786
717 717 4016100103429
718 718 4019103103188
719 719 4021101951229
720 720 4022101942398
721 721 4023102604285
722 722 4026101100259
723 723 4026104033087
724 724 4060102978777
725 725 4071103960385
726 726 4075102534674
727 727 4078104100723
728 728 4079102907265
729 729 4079103163722
730 730 4083104123534
731 731 4084100166175
732 732 4091104058393
733 733 4097101257482
734 734 4105103134166
735 735 4105103405379
736 736 4107103245212
737 737 4120102231554
738 738 4123100980374
739 739 4125101357062
740 740 4126102243942
741 741 4126102910049
742 742 4129101671677
743 743 4142100602664
744 744 4155103145405
745 745 4161101765313
746 746 4161103168410
747 747 4162100250786
748 748 4168101505845
749 749 4186104086274
750 750 4187102042864
751 751 4187102552210
752 752 4192100930334
753 753 4192102608193
754 754 4194100435416
755 755 4194103256128
756 756 4198101310365
757 757 4201103916910
758 758 4201104094603
759 759 4210101744936
760 760 4210102818019
761 761 4221103456249
762 762 4237101778696
763 763 4245100454910
764 764 4249104046668
765 765 4255102542426
766 766 4264103409294
767 767 4266103368738
768 768 4267103525833
769 769 4272100991227
770 770 4273101865127
771 771 4277102880668
772 772 4288102668748
773 773 4289102481566
774 774 4296102965842
775 775 4297100978799
776 776 4307101495792
777 777 4307102895232
778 778 4309103191033
779 779 4310102357188
780 780 4321103310862
781 781 4324103414900
782 782 4325101441331
783 783 4329103166952
784 784 4334100620528
785 785 4341101356728
786 786 4357100282719
787 787 4377103872566
788 788 4385101559070
789 789 4388103173444
790 790 4392104134096
791 791 4394102581418
792 792 4398100855165
793 793 4401100174727
794 794 4401104088690
795 795 4416102827974
796 796 4427101259484
797 797 4455103718555
798 798 4458103307335
799 799 4467103304200
800 800 4473102910425
801 801 4479104096041
802 802 4480103173100
803 803 4482102610102
804 804 4494103472318
805 805 4504102644703
806 806 4511101718161
807 807 4513100297196
808 808 4515102863349
809 809 4526101230315
810 810 4543101533991
811 811 4547101693978
812 812 4549104150454
813 813 4563103823774
814 814 4565101845539
815 815 4569102383405
816 816 4569103584505
817 817 4574101163074
818 818 4585102024326
819 819 4590104178992
820 820 4593101318852
821 821 4594100533571
822 822 4594100669642
823 823 4604102469579
824 824 4605102684341
825 825 4610100602518
826 826 4619104080738
827 827 4622102760780
828 828 4629100627840
829 829 4640101591853
830 830 4640103451242
831 831 4644101613262
832 832 4644101749901
833 833 4653100635216
834 834 4653101483970
835 835 4656101929598
836 836 4661102335694
837 837 4673102900766
838 838 4673103178063
839 839 4693100812790
840 840 4695102968605
841 841 4698100312970
842 842 4703104060447
843 843 4710100503223
844 844 4727103054864
845 845 4741104146878
846 846 4745102786035
847 847 4749101908227
848 848 4754102801171
849 849 4758100043301
850 850 4758104092601
851 851 4758104144148
852 852 4766101694104
853 853 4781104101692
854 854 4790102214855
855 855 4791102502943
856 856 4804104062441
857 857 4805102956637
858 858 4808102023550
859 859 4815102773730
860 860 4819101480894
861 861 4830101220045
862 862 4831103836896
863 863 4831104123766
864 864 4833100477688
865 865 4837103966376
866 866 4838102503598
867 867 4839103647196
868 868 4841102955629
869 869 4849103143578
870 870 4849104074506
871 871 4858103214873
872 872 4882103377946
873 873 4887101684918
874 874 4893103343225
875 875 4899100208228
876 876 4900103648892
877 877 4906103305057
878 878 4915103349585
879 879 4921102359907
880 880 4932104052931
881 881 4935103446730
882 882 4939100382002
883 883 4942102384854
884 884 4943104104022
885 885 4968102092201
886 886 4968103897261
887 887 4968104144819
888 888 4969104146775
889 889 4978100088327
890 890 4987100981447
891 891 4987103041163
892 892 5001100839413
893 893 5004101213979
894 894 5009102859540
895 895 5012102008441
896 896 5013102381540
897 897 5017103780866
898 898 5021104158957
899 899 5041103024329
900 900 5053101742874
901 901 5053104094094
902 902 5056104168584
903 903 5057100982815
904 904 5058103815242
905 905 5064103758991
906 906 5068102885959
907 907 5069103459518
908 908 5072101415444
909 909 5073104124986
910 910 5076101912422
911 911 5082102542797
912 912 5083101564914
913 913 5093102290823
914 914 5099101124682
915 915 5105102352645
916 916 5120101049409
917 917 5122101570442
918 918 5128100225099
919 919 5129100818140
920 920 5130100810119
921 921 5132100770688
922 922 5135102371532
923 923 5149104175172
924 924 5163104075910
925 925 5163104181254
926 926 5169103263610
927 927 5170102559919
928 928 5177100442594
929 929 5183102327477
930 930 5186102613752
931 931 5189102250081
932 932 5189102305227
933 933 5196103087859
934 934 5197104163415
935 935 5206102593345
936 936 5207101881770
937 937 5210100964737
938 938 5211103829745
939 939 5213100965038
940 940 5218102201963
941 941 5219102428151
942 942 5224101075819
943 943 5252101819039
944 944 5254103678809
945 945 5263103519211
946 946 5267103452727
947 947 5270100405658
948 948 5278103853398
949 949 5280103012748
950 950 5283101540930
951 951 5286102618113
952 952 5299101974254
953 953 5306102183898
954 954 5308104176829
955 955 5318101561845
956 956 5325102424154
957 957 5328102422627
958 958 5333102345344
959 959 5339103282917
960 960 5349102477325
961 961 5353101692639
962 962 5380100005680
963 963 5392104058900
964 964 5394102707240
965 965 5404103567995
966 966 5404104181872
967 967 5415103202579
968 968 5441103697287
969 969 5445100022460
970 970 5447101409620
971 971 5451104060909
972 972 5456101832621
973 973 5456104159128
974 974 5459102882560
975 975 5467102081920
976 976 5470101094275
977 977 5470102516934
978 978 5470102547916
979 979 5474103255202
980 980 5474103412020
981 981 5485103376372
982 982 5493103369666
983 983 5494101498606
984 984 5497100036069
985 985 5499102952507
986 986 5510102221036
987 987 5515102160440
988 988 5517103861300
989 989 5518104015519
990 990 5520101241146
991 991 5520102953377
992 992 5521101442452
993 993 5521102506884
994 994 5523100796347
995 995 5538102324372
996 996 5550101751756
997 997 5552101851144
998 998 5569101778602
999 999 5573101846536
1000 1000 5577102682355
1001 1001 5578103535086
1002 1002 5586103334778
1003 1003 5596100321644
1004 1004 5611102432930
1005 1005 5627102484629
1006 1006 5629101415829
1007 1007 5629104030931
1008 1008 5632102702948
1009 1009 5632103353265
1010 1010 5633103548256
1011 1011 5641100239624
1012 1012 5666101804040
1013 1013 5675102697172
1014 1014 5682100893457
1015 1015 5687104074958
1016 1016 5697104060327
1017 1017 5702103783091
1018 1018 5703101800957
1019 1019 5704102141327
1020 1020 5709100584545
1021 1021 5712102412220
1022 1022 5727104053282
1023 1023 5730101637294
1024 1024 5732104042437
1025 1025 5744103860437
1026 1026 5752103200263
1027 1027 5756104069969
1028 1028 5770103165267
1029 1029 5778103359439
1030 1030 5798103645139
1031 1031 5820103500686
1032 1032 5823103257809
1033 1033 5828101514154
1034 1034 5828103216302
1035 1035 5829103388153
1036 1036 5831102338147
1037 1037 5840103907286
1038 1038 5843101994941
1039 1039 5843104180500
1040 1040 5844102919312
1041 1041 5845100487112
1042 1042 5853104152317
1043 1043 5858100051783
1044 1044 5860104003914
1045 1045 5865103425976
1046 1046 5869103329787
1047 1047 5870103467389
1048 1048 5874103032543
1049 1049 5879101825540
1050 1050 5882104114267
1051 1051 5889104138147
1052 1052 5895101904738
1053 1053 5895104054901
1054 1054 5896102872313
1055 1055 5901103089094
1056 1056 5926102432028
1057 1057 5950102713215
1058 1058 5960101076882
1059 1059 5983101753302
1060 1060 5985101745225
1061 1061 5989102380824
1062 1062 5996101792974
1063 1063 6000101838374
1064 1064 6000102301663
1065 1065 6004101395353
1066 1066 6016104081345
1067 1067 6020101493292
1068 1068 6028104160763
1069 1069 6031102964454
1070 1070 6040104178964
1071 1071 6041102383580
1072 1072 6059101093693
1073 1073 6063101518422
1074 1074 6073100544812
1075 1075 6075103814443
1076 1076 6080104084901
1077 1077 6089102697207
1078 1078 6094100970944
1079 1079 6099100290634
1080 1080 6099104152162
1081 1081 6103104070321
1082 1082 6111101728502
1083 1083 6114102930215
1084 1084 6114103808811
1085 1085 6119100144780
1086 1086 6132100505992
1087 1087 6132103344778
1088 1088 6134102726903
1089 1089 6136104055236
1090 1090 6142101996631
1091 1091 6144100432867
1092 1092 6148103223934
1093 1093 6157102913766
1094 1094 6158103222090
1095 1095 6161103752870
1096 1096 6164104139659
1097 1097 6170103516868
1098 1098 6183101005650
1099 1099 6188104178855
1100 1100 6193103361333
1101 1101 6194102103212
1102 1102 6197102960179
1103 1103 6204102869492
1104 1104 6218103505819
1105 1105 6224101822671
1106 1106 6234101552325
1107 1107 6241103357636
1108 1108 6247103518536
1109 1109 6252102211215
1110 1110 6259101427208
1111 1111 6260101862099
1112 1112 6263104082723
1113 1113 6273102929154
1114 1114 6273104084635
1115 1115 6293101443445
1116 1116 6298102154772
1117 1117 6299102996229
1118 1118 6304103324846
1119 1119 6311102080342
1120 1120 6322102616686
1121 1121 6340104146803
1122 1122 6344101784210
1123 1123 6345103183995
1124 1124 6355102027133
1125 1125 6360101315294
1126 1126 6364103096546
1127 1127 6366101802110
1128 1128 6370100049732
1129 1129 6374102504035
1130 1130 6384100382045
1131 1131 6384102225690
1132 1132 6385103408589
1133 1133 6385103409663
1134 1134 6392103448587
1135 1135 6394102481030
1136 1136 6399104117508
1137 1137 6413100485319
1138 1138 6418102471858
1139 1139 6426102882493
1140 1140 6430100956842
1141 1141 6432100987951
1142 1142 6440102340491
1143 1143 6444102316677
1144 1144 6453101519391
1145 1145 6465101975511
1146 1146 6482102379712
1147 1147 6487101862013
1148 1148 6489100752125
1149 1149 6490102528865
1150 1150 6490103902355
1151 1151 6492102168275
1152 1152 6493100469298
1153 1153 6493102779261
1154 1154 6497102034336
1155 1155 6500101038261
1156 1156 6524103254992
1157 1157 6530102402501
1158 1158 6532102617729
1159 1159 6534103418948
1160 1160 6536103088248
1161 1161 6546102427784
1162 1162 6546102824545
1163 1163 6551103087568
1164 1164 6552103523516
1165 1165 6553102669558
1166 1166 6570101341664
1167 1167 6574103767179
1168 1168 6575101417446
1169 1169 6579100421869
1170 1170 6583103359347
1171 1171 6588102049494
1172 1172 6590101553871
1173 1173 6592103305092
1174 1174 6600103493932
1175 1175 6602104138205
1176 1176 6604103648518
1177 1177 6607103396923
1178 1178 6608102490137
1179 1179 6608103071067
1180 1180 6616104109543
1181 1181 6618102473033
1182 1182 6622102232010
1183 1183 6627103949335
1184 1184 6628101554224
1185 1185 6634103300659
1186 1186 6637102476777
1187 1187 6640100586736
1188 1188 6644103919338
1189 1189 6649102616145
1190 1190 6649103606797
1191 1191 6651102680936
1192 1192 6657101284332
1193 1193 6661100877433
1194 1194 6662103178769
1195 1195 6666104079362
1196 1196 6670100023986
1197 1197 6676103402903
1198 1198 6676104165879
1199 1199 6680101431716
1200 1200 6690102341480
1201 1201 6699103923330
1202 1202 6700100224801
1203 1203 6705102851309
1204 1204 6708104155418
1205 1205 6720103302885
1206 1206 6735100273084
1207 1207 6735100573778
1208 1208 6735103568324
1209 1209 6757102349841
1210 1210 6766104107122
1211 1211 6780103103802
1212 1212 6787101441796
1213 1213 6801103514426
1214 1214 6810102199957
1215 1215 6817103891566
1216 1216 6829101270198
1217 1217 6842101873571
1218 1218 6847101158797
1219 1219 6848102069011
1220 1220 6852102562730
1221 1221 6856101340384
1222 1222 6857104129759
1223 1223 6858103181567
1224 1224 6867101425717
1225 1225 6868102388741
1226 1226 6868103968924
1227 1227 6871102063226
1228 1228 6875104166547
1229 1229 6882104134118
1230 1230 6893101156242
1231 1231 6894101302626
1232 1232 6895102326477
1233 1233 6902104174599
1234 1234 6904100557764
1235 1235 6906104079568
1236 1236 6908101747735
1237 1237 6926104081567
1238 1238 6929100888819
1239 1239 6934104144173
1240 1240 6951101059151
1241 1241 6951102848293
1242 1242 6955101061002
1243 1243 6958102868280
1244 1244 6961104056668
1245 1245 6977104176506
1246 1246 6988103618255
1247 1247 7012101578982
1248 1248 7015104115990
1249 1249 7018101598122
1250 1250 7025102558078
1251 1251 7025103829806
1252 1252 7027103475509
1253 1253 7030100454417
1254 1254 7042101717590
1255 1255 7042103875212
1256 1256 7064101763698
1257 1257 7066101409968
1258 1258 7082103606477
1259 1259 7082104170839
1260 1260 7088102557062
1261 1261 7091104165028
1262 1262 7093101054925
1263 1263 7104102883093
1264 1264 7110101735421
1265 1265 7113103328098
1266 1266 7113104087624
1267 1267 7115101711648
1268 1268 7115103365874
1269 1269 7128101814503
1270 1270 7131102363245
1271 1271 7165101675913
1272 1272 7168101874348
1273 1273 7173100839368
1274 1274 7175102212657
1275 1275 7178102974514
1276 1276 7181102681672
1277 1277 7184102386694
1278 1278 7187102929612
1279 1279 7204103140419
1280 1280 7208101845672
1281 1281 7214103567506
1282 1282 7221103211804
1283 1283 7227104056001
1284 1284 7238102656067
1285 1285 7241102721495
1286 1286 7248104062055
1287 1287 7258102127139
1288 1288 7261102438729
1289 1289 7262100017970
1290 1290 7262101450403
1291 1291 7267102223741
1292 1292 7278100406073
1293 1293 7279104151675
1294 1294 7291101997962
1295 1295 7321104054419
1296 1296 7332101679533
1297 1297 7345102915649
1298 1298 7354103229778
1299 1299 7364104094442
1300 1300 7371100617517
1301 1301 7384103504630
1302 1302 7388104081143
1303 1303 7389102941196
1304 1304 7398100292941
1305 1305 7398102249927
1306 1306 7402103946891
1307 1307 7402104062840
1308 1308 7406103140929
1309 1309 7427103784161
1310 1310 7428104122491
1311 1311 7431104144025
1312 1312 7438101549052
1313 1313 7448100180932
1314 1314 7448101512766
1315 1315 7451104149444
1316 1316 7457103751562
1317 1317 7464103683545
1318 1318 7492102149793
1319 1319 7494102447464
1320 1320 7501102136646
1321 1321 7504100319139
1322 1322 7516100646610
1323 1323 7518101314111
1324 1324 7524104121915
1325 1325 7526103628235
1326 1326 7530103559768
1327 1327 7543102373221
1328 1328 7543102477489
1329 1329 7573102210962
1330 1330 7575101757655
1331 1331 7577100262918
1332 1332 7598103376889
1333 1333 7601102639116
1334 1334 7602101395226
1335 1335 7605103430648
1336 1336 7608103520934
1337 1337 7609104124814
1338 1338 7619102601333
1339 1339 7635102672904
1340 1340 7637100184026
1341 1341 7639101520141
1342 1342 7650102799946
1343 1343 7657101316454
1344 1344 7658100627741
1345 1345 7658102709031
1346 1346 7664102426504
1347 1347 7666102406307
1348 1348 7676103076370
1349 1349 7677103705455
1350 1350 7678102891756
1351 1351 7679101160291
1352 1352 7692101595389
1353 1353 7692103076731
1354 1354 7705101741985
1355 1355 7707101512127
1356 1356 7711101738089
1357 1357 7716101663350
1358 1358 7720101711597
1359 1359 7720103937640
1360 1360 7728103251441
1361 1361 7730103504594
1362 1362 7742102025893
1363 1363 7751102694182
1364 1364 7756104138095
1365 1365 7765101733184
1366 1366 7765102122839
1367 1367 7769102621993
1368 1368 7773100098322
1369 1369 7778102685502
1370 1370 7783100378956
1371 1371 7783102031435
1372 1372 7783103654446
1373 1373 7787102429246
1374 1374 7788102387550
1375 1375 7804103363231
1376 1376 7805102914910
1377 1377 7825103875361
1378 1378 7828103395011
1379 1379 7830104122649
1380 1380 7834103989146
1381 1381 7840101187439
1382 1382 7859102191117
1383 1383 7869103572150
1384 1384 7870102551870
1385 1385 7873102219508
1386 1386 7880103152443
1387 1387 7892101403789
1388 1388 7900101151647
1389 1389 7901104127450
1390 1390 7915103157713
1391 1391 7917102529050
1392 1392 7919101568873
1393 1393 7941101444770
1394 1394 7954100685094
1395 1395 7965101848215
1396 1396 7966102376630
1397 1397 7967102351513
1398 1398 7971100022284
1399 1399 7986100180496
1400 1400 7999102218161
1401 1401 7999102625327
1402 1402 8013101033646
1403 1403 8013101076862
1404 1404 8018104139700
1405 1405 8019102082966
1406 1406 8026102952040
1407 1407 8030102946452
1408 1408 8032102892867
1409 1409 8038103526826
1410 1410 8055104092725
1411 1411 8058104129914
1412 1412 8059100096807
1413 1413 8062102926187
1414 1414 8063102270765
1415 1415 8065101666312
1416 1416 8067101802696
1417 1417 8068100801714
1418 1418 8075100776373
1419 1419 8077103567213
1420 1420 8089101957768
1421 1421 8097102426808
1422 1422 8098101058595
1423 1423 8102100648751
1424 1424 8102104051348
1425 1425 8109102389161
1426 1426 8139102900942
1427 1427 8147103819291
1428 1428 8160103196310
1429 1429 8167100339556
1430 1430 8169102043608
1431 1431 8174100030922
1432 1432 8174101188336
1433 1433 8177101857795
1434 1434 8179102301009
1435 1435 8187102509315
1436 1436 8191103582263
1437 1437 8198103568783
1438 1438 8199101997656
1439 1439 8200101472733
1440 1440 8209104132135
1441 1441 8211101680974
1442 1442 8227102926714
1443 1443 8231103058703
1444 1444 8238104169261
1445 1445 8244100456879
1446 1446 8250100201839
1447 1447 8258101843585
1448 1448 8262103929504
1449 1449 8264101406377
1450 1450 8271103208674
1451 1451 8281101767069
1452 1452 8285100686605
1453 1453 8288100383577
1454 1454 8292101751377
1455 1455 8293101058512
1456 1456 8294102205595
1457 1457 8299101831717
1458 1458 8306103482977
1459 1459 8308100956687
1460 1460 8314103909534
1461 1461 8316102667970
1462 1462 8328102625544
1463 1463 8330102684436
1464 1464 8332103503498
1465 1465 8338100001842
1466 1466 8338101820877
1467 1467 8341102986721
1468 1468 8350100087743
1469 1469 8355102033782
1470 1470 8355102402711
1471 1471 8355103056826
1472 1472 8356103427501
1473 1473 8358103988211
1474 1474 8373101836114
1475 1475 8376101357417
1476 1476 8383101554122
1477 1477 8384102859984
1478 1478 8385104092067
1479 1479 8390103300732
1480 1480 8397101874243
1481 1481 8402101823266
1482 1482 8403103603656
1483 1483 8407101229340
1484 1484 8410104169570
1485 1485 8420101243280
1486 1486 8424103102306
1487 1487 8427102009613
1488 1488 8436103673885
1489 1489 8454102254785
1490 1490 8456103128654
1491 1491 8457101073058
1492 1492 8478102873623
1493 1493 8480101697863
1494 1494 8480103413830
1495 1495 8481103370974
1496 1496 8482102587753
1497 1497 8490102558686
1498 1498 8496101617994
1499 1499 8509104178801
1500 1500 8537103802946
1501 1501 8544101257254
1502 1502 8548104170873
1503 1503 8581102299801
1504 1504 8583104057302
1505 1505 8584102494658
1506 1506 8586102307969
1507 1507 8616103202241
1508 1508 8633100200302
1509 1509 8635100600761
1510 1510 8642101965142
1511 1511 8659100174331
1512 1512 8659102147865
1513 1513 8677102622369
1514 1514 8686100284108
1515 1515 8692102994404
1516 1516 8692103391520
1517 1517 8697101984500
1518 1518 8702102011042
1519 1519 8703100676197
1520 1520 8708103551412
1521 1521 8720100914335
1522 1522 8724104107543
1523 1523 8725101586518
1524 1524 8729103300422
1525 1525 8733102320340
1526 1526 8734103581949
1527 1527 8736102097717
1528 1528 8740101648918
1529 1529 8742101471043
1530 1530 8748102892700
1531 1531 8754100467257
1532 1532 8764102365484
1533 1533 8773100400920
1534 1534 8781101377298
1535 1535 8804103752717
1536 1536 8805101478182
1537 1537 8825101476103
1538 1538 8828103391178
1539 1539 8844100713590
1540 1540 8849101194142
1541 1541 8851100021091
1542 1542 8851104116191
1543 1543 8857100840906
1544 1544 8858102059336
1545 1545 8860102832714
1546 1546 8862103852405
1547 1547 8868100200490
1548 1548 8869103707974
1549 1549 8895101805704
1550 1550 8901104069441
1551 1551 8919103159232
1552 1552 8927104163188
1553 1553 8952103014090
1554 1554 8953103641124
1555 1555 8953103653898
1556 1556 8957102138611
1557 1557 8962102706568
1558 1558 8988104134662
1559 1559 8991103600519
1560 1560 8995101868686
1561 1561 9004103785099
1562 1562 9008101129687
1563 1563 9010101561772
1564 1564 9014100388426
1565 1565 9027103427650
1566 1566 9029101356140
1567 1567 9032104101199
1568 1568 9034102510545
1569 1569 9039100276210
1570 1570 9039100871060
1571 1571 9047101417811
1572 1572 9047103507326
1573 1573 9049103661768
1574 1574 9063103057468
1575 1575 9064103065250
1576 1576 9071102516196
1577 1577 9072101457456
1578 1578 9076102916290
1579 1579 9084103179421
1580 1580 9088104176733
1581 1581 9090101886556
1582 1582 9091100680580
1583 1583 9092101456290
1584 1584 9101104038882
1585 1585 9101104178333
1586 1586 9108100964705
1587 1587 9109101734968
1588 1588 9112104097185
1589 1589 9123102873029
1590 1590 9132102678620
1591 1591 9138101845898
1592 1592 9140103466908
1593 1593 9160102797556
1594 1594 9161103126409
1595 1595 9165101459733
1596 1596 9182102229008
1597 1597 9182102241353
1598 1598 9187102983448
1599 1599 9196101607565
1600 1600 9208100472924
1601 1601 9213103601790
1602 1602 9215102274276
1603 1603 9221103402872
1604 1604 9224101824234
1605 1605 9224102043926
1606 1606 9227102535851
1607 1607 9238101685066
1608 1608 9242100282836
1609 1609 9254100085118
1610 1610 9260100887160
1611 1611 9270102556507
1612 1612 9275102937588
1613 1613 9284102276277
1614 1614 9284104065149
1615 1615 9285103209727
1616 1616 9286103319503
1617 1617 9290100991241
1618 1618 9293102690954
1619 1619 9311101047282
1620 1620 9315101044627
1621 1621 9315101526106
1622 1622 9323102816102
1623 1623 9324100596002
1624 1624 9338100450587
1625 1625 9340101952776
1626 1626 9348102116693
1627 1627 9353104108186
1628 1628 9357103178886
1629 1629 9368103190094
1630 1630 9385100240637
1631 1631 9386102406693
1632 1632 9386104076776
1633 1633 9387103524521
1634 1634 9389101896655
1635 1635 9393102887839
1636 1636 9396103060328
1637 1637 9403101565743
1638 1638 9408103949743
1639 1639 9418102553807
1640 1640 9418103134147
1641 1641 9420101346084
1642 1642 9423103591560
1643 1643 9426103522882
1644 1644 9432102221105
1645 1645 9433101716976
1646 1646 9447103515776
1647 1647 9450103078455
1648 1648 9463103484015
1649 1649 9475102548733
1650 1650 9480104130131
1651 1651 9483103810091
1652 1652 9485101675260
1653 1653 9492103934436
1654 1654 9501104088141
1655 1655 9511101276604
1656 1656 9522103191135
1657 1657 9523100579180
1658 1658 9530102489842
1659 1659 9536100985303
1660 1660 9556103867769
1661 1661 9559104122482
1662 1662 9562104127641
1663 1663 9563103742716
1664 1664 9567100427596
1665 1665 9571102725758
1666 1666 9585102526132
1667 1667 9592104039925
1668 1668 9598101668194
1669 1669 9608103273843
1670 1670 9609100121368
1671 1671 9614100266720
1672 1672 9628102377095
1673 1673 9632100188306
1674 1674 9633103249917
1675 1675 9637101765830
1676 1676 9654103024565
1677 1677 9670101643314
1678 1678 9681101298514
1679 1679 9685103200463
1680 1680 9699104066422
1681 1681 9704100933749
1682 1682 9707101732727
1683 1683 9717104143032
1684 1684 9724104180467
1685 1685 9727104070925
1686 1686 9732103563692
1687 1687 9736100601896
1688 1688 9744101349478
1689 1689 9758101746884
1690 1690 9760102231746
1691 1691 9761100990452
1692 1692 9762103022245
1693 1693 9776104143776
1694 1694 9778102691599
1695 1695 9780103538877
1696 1696 9786101085490
1697 1697 9790100866355
1698 1698 9795101569044
1699 1699 9801102381728
1700 1700 9804104081423
1701 1701 9828103279899
1702 1702 9831103338509
1703 1703 9837102860870
1704 1704 9838100778763
1705 1705 9842103173666
1706 1706 9851102031269
1707 1707 9851102514135
1708 1708 9855102599785
1709 1709 9863103328030
1710 1710 9866101779977
1711 1711 9868102756973
1712 1712 9870101061034
1713 1713 9873102840730
1714 1714 9876104168806
1715 1715 9877104003039
1716 1716 9893100131901
1717 1717 9893103949052
1718 1718 9897103134996
1719 1719 9906103837164
1720 1720 9908104150510
1721 1721 9912101543048
1722 1722 9920102762276
1723 1723 9922101301009
1724 1724 9928100504469
1725 1725 9940103635879
1726 1726 9945103367499
1727 1727 9953104158291
1728 1728 9955102427603
1729 1729 9961100917761
1730 1730 9972100859479
1731 1731 9977103679333
1732 1732 9980104060819
1733 1733 9986102841584
1734 1734 9998104138828
