1 678 0081104670131 利星行天竺之星汽车有限公司
2 54528 7092104630569 北京京铁房地产开发公司
3 25530 3216104697005 北京安诚保险公估有限公司
4 75106 9839104884288 北京诚信人清洗服务有限责任公司
5 66133 8657104561557 北京安诺信通信技术有限公司
6 59186 7732104527486 华杰工程咨询有限公司
7 43899 5698104567091 中铁建设集团有限公司
8 21560 2714104501323 北京金天丽华商贸有限公司
9 46446 6021104496495 北京集众城科技有限公司
10 59985 7834104710999 北京福嘉利装饰工程有限公司
11 52813 6865104710202 北京天力经纬环境科技有限公司
12 2107 0260104504551 北京恒和康建医药有限公司
13 43359 5627104672167 北京明日之星玻璃机械有限公司
14 74422 9758104483526 北京鸿利大华投资有限公司
15 22483 2825104864465 北京格林吉能源科技有限公司
16 66699 8731104777147 北京华夏石化工程监理有限公司
17 71549 9369104752153 北京中拓创富投资管理中心（有限合伙）
18 4192 0530104684039 北京晁龙翰金数码科技有限公司
19 41038 5321104538023 北京中汽江孚科技有限公司
20 13983 1747104488947 北京人达新光化工机械设备有限公司
21 65254 8542104660592 北京巅峰科技有限公司
22 54591 7099104865041 北京朝远绿洲商贸有限公司
23 43109 5595104488016 北京威柯姆医疗科技有限公司
24 76097 9969104644887 蓬天信息系统（北京）有限公司
25 41135 5333104704269 北京嘉信宝利能源科技有限公司
26 26466 3339104592222 游艺春秋网络科技（北京）有限公司
27 71610 9379104507064 北京国雄融资担保有限公司
28 22401 2816104561216 九度电气工程（北京）有限公司
29 8341 1031104664265 北京信诺瑞得软件系统有限公司
30 73853 9679104787824 北京双星恒信商贸有限公司
31 61411 8031104489051 北京赛恩迪科技有限公司
32 15706 1961104686506 北京阳光天女传媒有限公司
33 49032 6359104490855 北京华建通源企业管理有限公司
34 73942 9691104492063 北京联通鼎盛汽车销售服务有限公司
35 67277 8806104549051 北京涛平建筑工程有限公司
36 73928 9689104522434 北京兴展律师事务所
37 46936 6080104654625 北京麒高贸易有限公司
38 67357 8815104850563 北京世纪光彩照明设备有限公司
39 33152 4224104512219 银建国际旅行社有限公司
40 61027 7978104663210 北京戎利实业总公司
41 6741 0840104530797 北京哲成科技有限公司
42 49729 6450104857517 北京德尔立人网络科技发展有限公司
43 67259 8803104542453 北京友邦达管理咨询有限公司
44 12016 1500104481867 北京腾达环宇信息技术有限公司
45 64805 8483104585781 北京太古瑞思会展服务有限公司
46 9246 1146104503744 北京中达兴业商贸有限公司
47 17590 2201104558565 北京巨金建筑工程有限公司
48 71679 9386104857297 中创世博（北京）国际展览有限公司
49 18667 2331104908753 北京香山金御饮品有限公司
50 70027 9167104805670 北京恒信中电科技发展有限公司
51 15146 1888104563464 中联正安消防工程有限公司
52 36991 4773104619274 北京宇哲汇友电缆销售有限公司
53 46463 6023104584863 北京微网通联信息技术有限公司
54 72560 9513104496915 北京京伟盛宏商贸有限公司
55 20705 2602104587365 北京郭美辰物业服务有限责任公司
56 22407 2816104681539 北京龙安华诚建筑设计有限公司
57 11420 1419104527393 茅台国酒（北京）商务会所有限公司
58 25752 3246104720462 北京百量衡工程咨询有限公司
59 33972 4338104670699 朵而（北京）女性生活用品有限公司
60 39667 5142104484541 中工工程机械成套有限公司
61 63895 8355104494363 北京昌盛源浩商贸有限公司
62 21499 2703104658460 北京市缘多食品有限责任公司
63 13219 1652104602384 北京辰威日晟节能科技有限公司
64 48913 6341104489379 北京南轩兴达电子科技有限公司
65 74894 9814104706977 北京鼎元汇丰环保技术有限责任公司
66 37107 4789104696767 北京德瑞普商贸有限公司
67 29395 3731104474148 北京中圣源物流有限公司
68 45736 5927104731526 北京东方远创化工有限责任公司
69 7146 0887104747743 北京隆兴伟泰科技有限公司
70 24874 3134104801080 河北星太装饰集团有限公司北京幕墙分公司
71 19763 2483104592784 榕基五一（北京）信息技术有限公司
72 47360 6133104515229 北京瑞源华德科技有限公司
73 56330 7334104796257 苹果印刷（北京）有限公司
74 7242 0899104495356 北京动力欣辰信息技术有限公司
75 15525 1935104833891 北京融通高科科技发展有限公司
76 63652 8324104496960 国都证券有限责任公司
77 31093 3943104761440 北京海韵神州文化传媒有限责任公司
78 11292 1400104581075 北京通达三季科技有限公司
79 31890 4048104504964 北京传智天下营销顾问有限公司
80 8876 1100104768300 吴氏国际演出（北京）有限公司
81 76251 9990104553986 北京市自来水集团良泉水业有限公司
82 3734 0472104572025 北京明光世纪建材有限公司
83 14634 1830104493504 北京众和利华自动化技术有限公司
84 58707 7664104483617 北京股商时代科技有限公司
85 24420 3077104504476 北京卓卓网络科技有限公司
86 45563 5902104582857 北京新翔创维科技有限公司
87 52791 6862104728743 北京三和晨光物业管理有限公司第一分公司
88 53238 6917104705457 北京创造未来建筑装饰有限公司
89 44871 5811104776553 坤弘健（北京）医疗用品有限公司
90 62508 8176104558190 北京清洁行业协会
91 21184 2663104664308 心诺普医疗技术（北京）有限公司
92 33386 4257104711419 北京宏世润通商贸有限公司
93 69804 9138104841832 迪艾薇服装（北京）有限公司
94 73452 9631104760973 北京市通州草厂建筑公司第三工程处
95 61562 8050104855059 鸿运达国际旅行社（北京）有限公司
96 36511 4698104533804 北京东方鸿明装饰有限公司
97 18346 2292104603648 北京艾普瑞特医疗用品有限公司
98 13441 1679104715877 北京亦海人家餐饮有限公司
99 27698 3507104524079 北京金海奥特印刷设计有限公司
100 56170 7315104821918 北京纵亚广告传媒有限公司
101 48174 6238104670936 北京信宝立得信息技术有限公司
102 64533 8438104720654 北京市飞龙正兴建筑安装工程有限公司
103 70113 9178104688432 北京稻香盛源环境管理有限公司
104 50264 6529104491179 北京瑞通大成自动化设备有限公司
105 10955 1359104686599 北京茂思商贸有限公司
106 65950 8633104731683 北京中软易讯科技有限公司
107 66452 8696104673525 北京中瑞诚税务师事务所有限责任公司
108 65318 8551104496949 北京强盟体育发展有限公司
109 5180 0648104861948 北京斯霓瑞数控设备有限公司
110 35075 4499104549239 北京皮特丹顿服饰有限公司
111 56647 7377104773435 北京花园麦颂娱乐有限公司
112 14460 1808104475883 北京三信和食餐饮管理有限公司
113 2082 0256104559284 北京燕化天钲建筑工程有限责任公司
114 30792 3907104794216 北京大通佳信汽车销售服务有限公司
115 63964 8363104638387 北京海维迪赞设计咨询有限公司
116 17765 2222104730894 北京天鹏恒宇科技发展有限公司
117 74905 9815104712562 普华永道中天会计师事务所（特殊普通合伙）北京分所
118 66526 8709104554138 北京九路通达钢结构有限公司
119 50475 6559104736260 北京国建贸易有限公司
120 67864 8880104678933 华威金鑫实业有限公司
121 52923 6880104587417 北京好亿家食品有限公司
122 68818 9007104692814 大唐科技产业集团有限公司
123 38595 5001104869509 大禹伟业（北京)国际科技有限公司
124 38685 5012104807024 北京市朝阳社区学院培训中心
125 74899 9815104532325 北京银行股份有限公司右安门支行
126 47125 6101104684672 北京三里屯文化发展有限责任公司
127 53875 6997104864022 北京华盛福源汽车销售服务有限公司
128 59198 7733104740705 北京爱朗格瑞科技有限公司
129 22000 2769104662947 韩华高新材料（北京）有限公司
130 55334 7199104622208 北京铭信致远科技有限公司
131 45306 5867104690152 北京三普康商贸有限公司
132 17652 2209104579085 雅湾盛世（北京）网络科技有限公司
133 59914 7826104812984 北京市熊猫烟花有限公司
134 52039 6762104910790 北京敦华石油技术有限公司
135 37022 4777104493758 北京园牧境天园林绿化有限公司
136 11718 1460104622309 北京诚远泰克科技有限责任公司
137 9941 1226104579955 新兴铸管股份有限公司北京销售分公司
138 40689 5272104542052 北京兴宇电通科技发展有限公司
139 47752 6183104910052 北京市宇航兴达机械制造有限公司
140 34789 4459104788066 北京白云桥宾馆有限公司
141 55430 7211104583420 北京艺融民生艺术投资管理有限公司
142 63792 8341104557619 初音隐泉（北京）餐饮有限公司第一分公司
143 48058 6223104694453 中机系（北京）信息技术研究院
144 9796 1213104660279 北京四明众康生物技术有限公司
145 5862 0730104578623 北京信远筑诚房地产开发有限公司
146 6724 0838104603929 北京迷碟文化传媒有限责任公司
147 31304 3969104606133 富德生命人寿保险股份有限公司北京分公司
148 39013 5055104577231 北京中广群星至盛文化传播有限公司
149 9488 1173104815473 北京索泰尔贸易有限责任公司
150 43798 5684104717903 北京金山安全软件有限公司
151 37926 4908104561441 顺玮阁大酒店管理（北京）有限公司
152 28140 3564104721271 鑫诺卫星通信有限公司
153 39286 5090104675467 北京远为软件有限公司
154 36154 4649104503421 北京市鼎新新技术有限责任公司
155 3248 0410104550898 正太集团有限公司北京建筑分公司
156 55675 7245104591813 北京正通博瑞科技有限公司
157 25939 3269104851783 北京市顺义区大孙各庄镇大段村经济合作社
158 31428 3986104523664 北京鼎星科技有限公司
159 51685 6716104828540 北京高腾物业管理有限公司
160 40149 5201104666265 北京京电电力工程设计有限公司
161 12076 1507104576633 盛世美时国际贸易（北京）有限公司
162 7254 0900104517053 北京市东旺农药厂
163 43319 5622104836612 北京伟辉建筑工程有限公司
164 26166 3303104684570 北京敬业达装饰工程有限公司
165 66088 8650104787427 北京正和工程装备服务股份有限公司
166 38995 5052104681673 北京空航航空科技有限公司
167 30866 3916104768820 北京紫贝龙科技股份有限公司
168 26363 3328104711546 华龙证券股份有限公司北京分公司
169 70090 9177104496422 北京京杰耐特广告有限公司
170 52246 6789104856803 北京普路达国际贸易有限公司
171 7824 0972104600028 北京讯时天空科技发展有限公司
172 34216 4374104574504 北京光环新网科技股份有限公司
173 18774 2344104765917 华泰人寿保险股份有限公司
174 15686 1958104614867 北京帕克国际工程咨询有限公司
175 12434 1551104540032 北京淳中视讯科技有限公司
176 65450 8569104561800 智铁科技（北京）有限公司
177 20760 2610104501146 北京东方新星石化工程股份有限公司
178 28799 3651104507078 北京通盛达装卸有限责任公司
179 32824 4182104534486 北京首府饭店
180 68175 8921104550282 北京美利讯世界商用信息系统有限公司
181 15822 1978104600055 北京旋梦科技有限公司
182 14863 1856104498628 北京怡捷信信息技术有限公司
183 49710 6448104488440 中进汽贸服务有限公司
184 54521 7091104803749 北京九域文化发展有限公司
185 17409 2179104598611 中国人民解放军总参谋部第六十一研究所试制工厂
186 17167 2147104604122 北京华泰科信科技有限公司
187 54686 7112104523792 北京正旗腾达贸易有限公司
188 23760 2992104603566 北京飞客瑞康科技发展有限公司
189 48791 6326104628330 北京页川斯达汽车销售服务有限公司
190 57666 7527104548930 北京数字冰雹信息技术有限公司
191 62098 8119104558197 北京金海永亮地下管网技术服务有限公司
192 54832 7132104836847 北京吉祥冠辉酒店管理有限公司
193 65324 8551104766073 尤洛卡（北京）矿业工程技术研究有限公司
194 7604 0945104546107 北京紫云腾中药饮片有限公司
195 22714 2856104574884 北京北科联科技有限公司
196 48176 6239104508159 北京博大汇宇通信技术有限公司
197 20474 2572104709914 北京风行盛世文化传播有限公司
198 21893 2756104693003 北京兴岳通达物流有限公司
199 20028 2513104620957 北京华科质量检验有限公司
200 43186 5606104526082 民航快递有限责任公司北京幸福营业部
201 52178 6779104906172 北京稻葵文化传播有限公司
202 4941 0619104576475 北京航天衡科技有限公司
203 45243 5860104759971 环时互动（北京）科技有限公司
204 33562 4283104633068 北京金振达科技有限公司
205 35974 4626104755655 北京池记串吧食府鼓楼分店
206 3711 0469104480836 北京比特易湃信息技术有限公司
207 9367 1159104850478 北京瑞韩恩梯恩汽车部件有限公司
208 23601 2971104483214 北京天鸿鱼跃图文设计有限公司
209 23721 2988104547969 北京市定慧桥集美家具城市场有限公司
210 14117 1765104693767 北京生源上达商贸有限公司
211 34915 4477104815482 北京军宣物资有限责任公司
212 73460 9632104591488 中国平安财产保险股份有限公司北京市怀柔支公司
213 74924 9818104740655 北京众安联盾科技有限公司
214 59830 7815104494185 北京国电金宇电力科技有限公司
215 24328 3064104830626 北京汇平华科贸有限公司
216 73532 9640104850460 南储仓储管理集团有限公司北京分公司
217 33864 4326104615668 北京环通盛业贸易有限公司
218 65117 8521104576567 北京志诚欣业科技发展有限公司
219 8757 1085104696592 北京雨硕房地产开发有限公司第一分公司
220 48922 6343104498187 北京谊安医疗系统股份有限公司
221 60629 7925104631907 北京福金山装饰工程有限责任公司
222 7107 0884104493522 首盟科技（北京）有限公司
223 53891 6999104891811 北京通达基业停车管理有限公司朝阳分公司
224 12424 1549104758759 北京润天辰环境设备有限公司
225 66467 8699104801468 北京鑫博网电子商务有限公司
226 29311 3717104534288 北京市安达亿防水工程有限责任公司
227 45211 5857104508800 北京海河永盛科技有限公司
228 11170 1384104914512 北京左江科技有限公司
229 69291 9074104517983 北京凌峰骏捷科技有限公司
230 40577 5258104577363 北京信安诚机电设备有限公司
231 44977 5825104774480 北京宇联空间技术有限公司
232 75187 9851104504833 北京中远泛亚智能科技有限公司
233 8771 1087104483091 北京恒宝天润科技有限公司
234 65957 8634104807327 北京燕京啤酒股份有限公司一分公司
235 15998 1997104865118 北京时代华诺科技有限公司
236 10881 1351104523046 俄罗斯乌拉尔航空公司开放式股份公司北京代表处
237 45940 5956104581269 北京星照永程科技有限公司
238 16149 2017104796805 北京物华天宝安全玻璃有限公司
239 18548 2315104615769 北京通瑞万华置业有限公司
240 13699 1708104623601 北京鹏宇成科技发展有限公司
241 7801 0969104831225 北京励耘中幼教育科技有限公司
242 31086 3942104678805 北京聚隆源小额贷款股份有限公司
243 40 0004104689783 北京科瑞迪国际文化传播有限公司
244 34675 4441104829553 北京军区空军黄亭子招待所
245 22751 2861104510681 北京天信瑞安科技有限公司
246 64957 8502104672771 北京鑫宝源影视投资有限公司
247 56228 7322104799208 北京天润海达科技有限公司
248 5495 0685104522964 北京嘉事红惠医药有限公司
249 59595 7783104526703 北京金河福瑞商贸有限公司
250 25502 3213104723653 北京西飞世纪门窗幕墙工程有限责任公司丰台分公司
251 14313 1789104860396 北京始峰伟业贸易有限公司
252 31676 4017104563810 德盛通元（北京）信息咨询有限公司
253 13136 1641104611551 北京东方创美旅游景观规划设计院有限公司
254 47426 6141104750454 北京佳视王芳文化传播工作室
255 58877 7686104784849 金邦信资产管理有限公司
256 45071 5838104719915 湖南华天装饰有限公司北京分公司
257 27369 3458104656782 北京周黑鸭商贸有限公司
258 32819 4181104698004 北京富林思博石油科技有限责任公司
259 43414 5635104565333 北京星宇信广告有限公司
260 6663 0830104551031 北京冠宇伟业电气有限公司
261 34819 4463104727402 新立基（北京）建材有限公司
262 74516 9767104490121 北京金源利德投资有限公司
263 30629 3885104719382 北京昌顺新兴商贸有限公司
264 59463 7769104678276 北京中爱联合犬业俱乐部有限公司
265 45460 5888104851596 航天科工资产管理有限公司
266 36048 4636104486466 北京网达信联科技发展有限公司
267 64689 8465104854376 北京城邦物流有限公司
268 8968 1110104883764 北京瑞博联贸易有限公司
269 43833 5689104567949 北京爱德康赛广告有限公司
270 13448 1680104528513 北京盛博协同科技有限责任公司
271 27593 3493104915791 华唐中科教育科技（北京）有限公司
272 17715 2216104521898 加州格林咨询（北京）有限公司
273 46570 6034104530153 北京交运通华景良运输有限公司
274 71378 9343104590965 中航咨询（北京）有限公司
275 41121 5331104730685 北京化学工业集团有限责任公司
276 29544 3751104483939 比泽尔制冷技术（中国）有限公司
277 7067 0880104499638 北京明又洁保洁中心（普通合伙）
278 19217 2400104914394 北京顺通宏业商贸有限公司
279 65993 8638104654486 中国高新投资集团公司
280 1511 0182104784703 顺义人民广播电台
281 49403 6406104501395 北京市西城区西岸培训学校
282 39717 5148104634148 北京岳泰同盛经贸发展有限公司
283 27895 3533104894885 北京瑞驰威尔科技有限公司
284 43790 5683104657833 北京水工日辰科技有限公司
285 26265 3316104664830 中航天旭恒源节能科技有限公司
286 13302 1663104552193 北京昊岚彤旭科贸有限公司
287 62052 8112104912662 北京世纪军辉企业管理咨询有限公司
288 37665 4871104684797 北京京胜世纪科技有限公司
289 7080 0880104894624 北京华海金宝房地产开发有限公司励骏酒店
290 47246 6119104565575 北京铁道工程机电技术研究所有限公司
291 59831 7815104637469 北京皓智顺然传媒广告有限公司
292 13121 1639104549016 北京贞玉民生药业有限公司
293 49055 6361104563848 北京中邮资产管理有限公司
294 11885 1484104798914 北京红科国际贸易有限公司
295 55200 7182104592566 恒通创博（北京）商贸有限公司
296 9605 1188104684639 北京崟泰空间文化发展有限公司
297 457 0055104513466 北京景山房地产开发有限公司
298 16897 2111104611418 北京昂宇律师事务所
299 65535 8581104587924 北京京泰尚品家具有限公司
300 63023 8243104720499 北京广大华行贸易有限公司
301 268 0032104711679 北京伟利锡达工程咨询有限公司
302 47260 6120104531743 北京华媒康讯信息技术有限公司
303 37981 4917104524025 北京中科远行文化传播有限公司
304 46148 5982104773555 昭仪新天地股份有限公司
305 74228 9732104682828 北京爱立维特电梯维修服务有限责任公司
306 72917 9562104600289 北京莱太花卉有限公司
307 61425 8032104758484 北京泰福特电子科技有限公司
308 18077 2261104622328 北京利富高塑料制品有限公司
309 6305 0785104569401 北京市欣京州建筑公司
310 29334 3720104522138 北京长平创新科技有限公司
311 38005 4920104791762 北京时珍堂药业有限公司
312 8153 1010104891979 北京道尔道振动控制技术有限公司
313 43146 5599104494643 北京盛达运通物流有限公司
314 41904 5438104577583 华视友邦影视传媒（北京）有限公司
315 33580 4285104717070 江苏省建筑工程集团有限公司北京分公司
316 71421 9350104562252 北京康洁物业管理有限公司
317 46621 6040104610218 北京天润汽车贸易服务有限公司
318 63159 8261104496758 北京天龙富华饭店管理有限公司
319 33199 4231104528387 北京巴别时代科技有限公司
320 32158 4089104558319 阿尔特汽车技术股份有限公司
321 50316 6538104558340 北京物美大卖场商业管理有限公司
322 27025 3410104759344 北京聚德耀信资产管理有限公司
323 1888 0230104889474 北京瑞斯福高新科技股份有限公司
324 72907 9561104496818 北京久度国际展览有限公司
325 29936 3797104753183 北京中天恒晟文化传媒有限公司
326 14472 1808104731690 北京新世纪京喜防水材料有限责任公司
327 44980 5826104610903 北京飞越凯旋商务服务有限公司
328 34686 4443104598372 农银国际（中国）投资有限公司
329 16179 2020104749311 北京二七宏业机械设备制造有限公司
330 31517 3998104694433 北京水木金华电气设备有限公司
331 29087 3688104689123 北京置汇兴业投资顾问有限公司
332 66490 8703104909484 北京通力创晟工程技术有限公司
333 30002 3807104521275 北京深思洛克软件技术股份有限公司
334 2971 0371104901313 北京中债信息技术有限公司
335 1243 0150104566910 东方口岸科技有限公司
336 2143 0265104708178 北京信和物业管理有限责任公司
337 1736 0212104504950 北京环球中联投资咨询有限公司
338 58066 7583104621896 北京必创科技股份有限公司
339 45881 5947104921068 北京奇塑恒通科技有限公司
340 29667 3766104511464 北京卡易宝互动技术有限公司
341 28196 3573104583083 北京美华星商贸中心
342 43975 5707104717410 北京市紫锋律师事务所
343 31360 3975104579526 北京东方广视数字技术有限公司
344 54065 7029104601965 万达电影院线股份有限公司
345 9242 1145104583896 北京美世得汽车零部件制造有限公司
346 51679 6716104552645 北京联众力拓设备有限公司
347 46295 6000104607752 北京威林泰科技有限责任公司
348 7151 0888104573893 北京华龙林海保温工程有限公司
349 54625 7104104526405 北京赛文舞台灯光音响安装工程有限公司
350 60098 7850104514298 中国煤炭进出口公司
351 39303 5093104574330 北京雪中鲜餐饮有限公司
352 13617 1698104875820 北京贝能达技术有限公司
353 60018 7838104740353 北京睿鸿基机器人技术有限公司
354 33377 4256104607022 北京中创音悦创意文化有限公司
355 12708 1585104705677 北京盛世金宝物业管理有限公司
356 49563 6428104855473 北京科普曼经贸有限公司
357 45372 5876104781940 北京启航致远教育科技有限公司
358 41394 5370104689326 北京志翔领驭科技有限公司
359 16213 2024104685496 北京高特易电子设备有限公司
360 59756 7803104749313 北京二七宏业机械设备制造有限公司
361 27938 3540104503938 北京杰希亚服饰有限公司
362 26740 3376104902040 北京锐达仪表有限公司
363 1899 0232104562572 北京长刚土石方挖运有限公司
364 51108 6642104710296 北京口碑互联传媒广告有限公司
365 247 0030104578985 北京福源蕙业生态观光有限公司
366 47834 6193104678070 北京正达咨询服务有限公司
367 54470 7086104516788 北京创峰展览展示有限公司
368 40176 5205104865090 北京和建通机电工程有限公司
369 40662 5269104496905 北京市房山区京良计算机培训中心
370 31437 3987104830466 北京中才华源高新技术有限责任公司
371 69685 9124104739667 湖南义盟克防雷技术有限公司北京分公司
372 64875 8491104817303 尚思卓越（北京）科技有限公司
373 17278 2162104868520 北京市西单麻辣诱惑餐饮有限公司鲁谷大街店
374 3532 0445104551344 北京市澜江饰艺建筑装饰有限责任公司
375 3962 0504104483945 比泽尔制冷技术（中国）有限公司
376 6341 0789104525782 化学工业出版社印刷厂
377 71984 9431104587304 北京华信国际控股集团有限公司
378 24143 3041104756732 北京德隆万才园林绿化有限公司
379 63665 8325104591565 北京益安佳光电科技发展有限责任公司
380 54577 7098104734146 北京亿阳万泰文化传播有限公司
381 44497 5770104478316 北京时尚锦林装饰材料有限公司
382 37829 4894104675494 北京隆昌达电力工程有限公司
383 56380 7342104705339 北京索华艾通科技有限公司
384 32401 4124104551956 北京英华五方汽车销售服务有限公司
385 68533 8970104604732 北京达善天下管理咨询有限公司
386 15471 1928104513848 北京高士达建筑工程有限责任公司
387 6473 0806104478152 北京嘉洁能科技有限公司
388 72945 9565104514126 中交建筑设计研究院有限公司
389 66582 8717104495460 北京赛科昌盛医药有限责任公司
390 27999 3548104680496 北京民丰兴源科贸有限公司
391 33090 4216104563623 北京华邈中药工程技术开发中心
392 36661 4720104539776 北京京威汽车设备有限公司
393 41854 5432104493810 北京蜀能凯科技有限公司
394 62445 8169104492391 北京安达斯信息技术有限公司
395 1729 0211104512847 北京市鑫萌芽复印部
396 1457 0176104562308 北京纳通医疗技术有限公司
397 42077 5463104580955 北京中科金财科技股份有限公司
398 56571 7367104610652 北京易艾斯德科技有限公司
399 53819 6990104567283 北京鼎甲未来科技有限公司
400 37727 4880104685624 北京通达恒业家用电器维修中心
401 73529 9640104653358 北京万华信融投资咨询有限公司
402 6120 0762104563393 北京银拓物业管理有限责任公司
403 42809 5555104769048 北京海润创业科技有限责任公司
404 23189 2917104496134 北京沃科升科贸有限公司
405 66732 8735104686160 北京京源水仪器仪表有限公司
406 50747 6592104475970 北京首发汽车租赁有限公司
407 72659 9526104600291 北京莱太花卉有限公司
408 56486 7355104546798 北京安杰玛商贸有限公司
409 29415 3733104598360 京融互联（北京）科技有限公司
410 6367 0791104893502 北京北佳坤物流有限责任公司
411 53898 7000104851640 北京盛世联盟会展有限公司
412 21230 2668104855854 北京京邯机械加工厂
413 54048 7026104628254 华锐视通（北京）科技有限公司
414 37955 4912104919875 北京市天鸿基业房地产开发有限公司
415 15260 1902104798824 北京陶然春天餐饮有限责任公司
416 66428 8693104591388 中国平安财产保险股份有限公司北京市房山支公司
417 46679 6048104579622 北京天际数字技术股份公司
418 45818 5938104477599 北京市朝阳区年轮康复中心
419 58895 7689104606099 北京嘉克新兴科技有限公司
420 61096 7989104599509 北京加达恒通汽车服务有限公司
421 41361 5365104914410 北京胜多商贸有限责任公司
422 57844 7553104626512 北京三方吉利科技有限公司
423 49913 6479104731675 北京建哲伟业机电设备有限公司
424 12663 1581104670344 北京天一众合科技股份有限公司
425 74666 9787104600148 北京逸群工程咨询有限公司
426 33024 4208104538731 北京华商电力科技中心
427 23022 2894104755057 北京万泉寺出租汽车有限公司
428 31153 3951104562050 北京北方京闽陶瓷有限公司
429 1803 0221104558355 中钞长城金融设备控股有限公司
430 2506 0310104694324 北京北方铁元生物科技有限公司
431 40583 5258104663781 佰盛达物业顾问(北京)有限公司
432 15414 1921104607133 北京华源格林科技有限公司
433 46643 6043104907313 北京海华通盛机电设备有限公司
434 57368 7491104823201 北京金信桥信息技术有限公司
435 38377 4969104679135 泰格捷成（北京）科技有限公司
436 71339 9338104521392 北京然泽商贸有限责任公司
437 33192 4229104802382 北京诚顺天恒建筑工程管理有限公司
438 41988 5449104921339 东强国际贸易（北京）有限公司
439 17786 2225104551989 北京星光斯达机电设备有限公司
440 19131 2390104653804 北京宏达航空服务有限公司
441 26307 3321104523929 北京东昌华强五金工具销售有限公司
442 43531 5649104821694 北京中科美伦医疗股份有限公司
443 60216 7866104564821 北京市鹏寰东方国际展览有限公司
444 50421 6551104683579 北京华商财富技术培训中心
445 11860 1480104534687 河北华能实业发展有限责任公司北京贸易分公司
446 58932 7694104621154 北京首都机场物业管理有限公司
447 3899 0495104561866 北京华星绿原生态绿化技术有限公司
448 47186 6110104889245 北京中石大石化科技发展有限公司
449 11621 1448104528146 北京嘉孚日丰喷涂技术有限公司
450 31098 3945104548941 北京华诺中力科技有限公司
451 72579 9516104608544 北京英豪快捷酒店
452 73996 9698104538980 北京市房山区三八幼儿园
453 69042 9036104628346 北京鑫淼通科技有限责任公司
454 72686 9530104606884 北京捷亚泰汽贸有限公司
455 15685 1958104575256 北京中泰恒信税务师事务所有限公司
456 32527 4140104559112 安邦资产管理有限责任公司
457 30147 3823104828729 北京凯盛建材工程有限公司
458 24842 3130104758226 北京运旺源运输有限责任公司
459 33709 4302104546949 北京东风世景模板有限公司通州分公司
460 27726 3510104831797 北京立信铭达建筑勘察设计有限公司
461 41507 5384104727205 中邮科技有限责任公司
462 54683 7111104883149 北京海莱德自动化工程有限公司
463 26910 3396104492418 北京市丰台区春芽儿童艺术培训学校
464 42103 5467104613610 北京邺泰建筑工程有限公司
465 38485 4986104507839 北京东勘建筑装饰工程有限公司
466 50907 6614104585676 中装圣拓建材（北京）有限公司
467 28110 3561104527669 中软信息系统工程有限公司
468 56907 7419104551944 北京海淀供电实业开发总公司
469 53202 6912104481582 天津欧神诺置业有限公司北京物业管理分公司
470 71409 9347104490851 万家沙发贸易(北京)有限公司
471 13487 1684104755031 香港中国浩远集团有限公司北京代表处
472 3830 0487104588070 北京康远制药有限公司
473 41109 5330104690852 北京市学习科学学会
474 41965 5446104658527 恒信润丰科技开发（北京）有限公司
475 15055 1877104689248 北京团圆假日饭店有限公司
476 14314 1789104890573 北京神州视翰科技股份有限公司
477 66016 8641104694093 北京众驰伟业科技发展有限公司
478 38562 4997104786365 北京和谐创展装饰有限责任公司
479 62806 8216104665619 北京添宝兴业矿业投资有限公司
480 50411 6550104573652 北京路桥通国际工程咨询有限公司
481 19123 2390104482818 北京根悦商贸有限公司
482 60286 7877104495015 北京贝格瑞安科技有限公司
483 66502 8705104831798 北京立信铭达建筑勘察设计有限公司
484 47728 6180104865093 北京精诚伟业保安服务有限公司
485 44324 5750104848015 北京生泰尔生物科技有限公司
486 17737 2219104583197 北京瑞光极远数码科技有限公司
487 53921 7003104699132 北京唐人府酒店
488 29572 3755104532300 北京兴有丰科科技发展有限公司
489 41684 5405104747850 北京融和创科技有限公司
490 5851 0729104590781 北京三盈联合石油技术有限公司
491 41193 5342104509440 北京淮钢经贸有限公司
492 8351 1032104579503 宾堡（北京）食品有限公司
493 8280 1024104492403 北京网盟互通科技有限公司
494 66379 8687104836893 北京星魅营销策划服务有限公司
495 53944 7007104899395 北京金麟石油技术有限公司
496 47943 6207104713274 北京光桥科技股份有限公司
497 16622 2078104864263 北京水云风文化发展有限公司
498 18113 2264104515122 北京百邦优保电子科技有限责任公司
499 11936 1491104566389 北京森华通达汽车销售服务有限公司
500 37273 4815104834302 精碳伟业（北京）科技有限公司
501 30823 3910104751763 北京鸿基伟业机械设备租赁有限公司
502 23312 2933104486313 润唐财智管理顾问（北京）有限公司
503 70303 9200104913251 北京华力创通科技股份有限公司
504 16531 2067104660209 三方创意秀文化发展（北京）有限公司
505 17611 2204104703579 北京珠联大酒楼有限公司
506 68749 8997104915210 北京市顺义区户外徒步运动协会
507 32887 4189104847072 北京宝祥利发机电设备有限公司
508 27077 3418104671276 北京龙润十八号餐饮管理有限公司
509 57631 7522104828972 中煤地质工程总公司
510 1371 0165104513662 北京青山华田不锈钢材料有限公司
511 42830 5558104790376 北京汇鑫麒麟影视文化有限公司
512 67905 8884104820348 北京安居易家房地产经纪有限责任公司
513 38355 4966104553726 北京春秋风云影视策划有限公司
514 59617 7786104513949 北京三树商贸股份有限公司
515 8603 1066104657262 北京瀚博英电力科技有限公司
516 57540 7512104585491 北京矿冶物业管理有限责任公司
517 64500 8434104611144 北京三时正阳科技有限责任公司
518 55501 7222104697490 北京艾威胜航空技术咨询有限公司
519 74099 9712104758563 北京朝批裕利商贸有限公司
520 20748 2608104803885 北京中北博健科贸有限公司
521 73305 9611104828886 北京银曼基业化妆品有限公司
522 74858 9810104847300 华联财务有限责任公司
523 15224 1898104498784 北京优品餐饮有限公司朝阳店
524 47351 6131104815461 华商在线国际传媒广告（北京）有限公司
525 30216 3833104604385 北京齐尔布莱特科技有限公司
526 5137 0641104599788 北京富卓创业房地产开发有限公司
527 71870 9414104672408 中联橡胶有限责任公司
528 51049 6635104494618 北京四环制药有限公司
529 64341 8411104519402 北京欣兴汇展览服务有限公司
530 43431 5637104472583 北京迅维企业投资咨询有限公司
531 74012 9700104666359 北京博日鸿科技发展有限公司
532 47904 6203104541166 北京新康华业办公家具有限公司
533 26626 3360104867490 北京广丰通田汽车贸易有限公司
534 25534 3217104531041 北京天创联合会计师事务所
535 19589 2459104808039 北京北斗银河科技有限公司
536 72131 9455104876430 北京五洲中天建筑装饰工程有限公司
537 66302 8676104707744 北京未晚在线文化传媒有限公司
538 49971 6489104622223 北京午点快餐有限公司
539 30117 3819104671344 北京格瑞福机电科技有限公司
540 51894 6744104707183 北京龙熙伟业建筑装饰工程有限公司
541 61170 7998104625403 北京尚博辉瑞知识产权代理有限公司
542 26844 3388104477385 北京润玺运通信息技术有限公司
543 48260 6251104745774 北京新粤创力贸易有限公司
544 40313 5221104671090 北京博雅金兰科技中心
545 39341 5098104668053 北京大津硅藻新材料股份有限公司
546 49608 6434104791957 北京神州冠捷科技发展有限公司
547 46316 6003104547966 北京市定慧桥集美家具城市场有限公司
548 24982 3150104670950 北京金港建设股份有限公司
549 57777 7543104588794 北京泛太科技发展有限公司
550 72723 9535104736076 北京明日电器设备有限责任公司
551 59763 7805104481944 北京万兴建筑集团有限公司装饰分公司
552 37440 4838104756134 北京世纪伟卓仓储设备有限公司
553 20333 2553104569219 北京五方中冀汽车销售有限公司
554 67507 8836104713304 北京中诚稳进投资管理中心（有限合伙）
555 40287 5217104767613 中置（北京）企业管理有限公司
556 32285 4109104717409 北京联展建筑工程技术有限公司
557 8088 1002104911061 北京君瑞电力设备有限公司
558 22953 2887104513053 北京华电祥云软件系统有限公司
559 62635 8193104586917 北京明华嘉业物业管理有限责任公司
560 12474 1557104497828 北京东桥伟业科技有限公司
561 73198 9597104575981 北京本草方源药业有限公司
562 58157 7594104498747 北京乾景陌野园林景观设计有限公司
563 39055 5061104495144 北京蟹老宋餐饮管理有限公司
564 14201 1776104590751 中信物业服务有限公司北京分公司
565 3679 0464104652859 北京恒天泰格科技有限公司
566 71246 9325104747335 造物游传（北京）电子商务有限公司
567 41279 5354104691155 北京恒硕科技有限公司
568 12822 1600104884254 北京颐通建业医用工程有限公司
569 40028 5189104674455 北京航志技术检测有限公司
570 12791 1596104910856 北京美联天地建材市场有限公司
571 67557 8842104536100 北京嘉信高节能科技有限公司
572 14529 1815104703399 北京鸿德兴业环境工程有限公司
573 25384 3198104624425 北京东方旭腾科贸有限公司
574 22205 2794104557866 北京世纪诺曼物业管理中心
575 35898 4615104671375 北京顺科房地产经纪有限公司
576 46462 6023104576231 格瑞信旅游咨询（北京）有限公司
577 26598 3357104561471 北京天巨基业道桥建设有限公司
578 51230 6657104666609 北京恩吉威机电科技发展有限公司
579 8011 0994104495737 北京迪为双兴通讯技术有限公司
580 56928 7422104798595 北京牛仔网络科技有限公司
581 35141 4509104749066 北京华珹信通科技有限公司
582 46888 6073104666605 北京恩吉威机电科技发展有限公司
583 69592 9112104484762 业浩动力科技（北京）有限公司
584 67937 8887104789080 中外运国际贸易公司
585 59988 7835104508231 北京盛世金鹰国际传媒有限公司
586 36573 4707104671796 北京市中治律师事务所
587 27571 3489104830218 北京森美希克玛生物科技有限公司
588 35438 4552104504227 诺伯乐（北京）科技有限公司
589 61566 8051104698457 金三角国际文化传媒（北京）有限公司
590 63624 8320104633123 北京曲水兰亭度假酒店有限公司
591 64044 8371104852604 中建二局第一建筑工程有限公司
592 43350 5626104611272 中国时代经济出版社
593 63656 8324104749778 北京永浩泰德建筑科技有限公司
594 17644 2208104754827 北京亿赛通网络安全技术有限公司
595 55015 7157104740909 北京东林景宏商贸有限公司
596 3013 0376104624290 北京永逸舒克防腐蚀技术有限公司
597 64108 8380104557934 北京锡珠工程管理有限公司
598 34060 4351104609554 北京乐卡思节能技术有限公司
599 36635 4716104771681 北京华阳挚诚餐饮管理有限公司
600 44414 5759104693256 北京林大林业科技股份有限公司
601 8329 1030104477544 北京环宇利通科技有限公司
602 33494 4274104699199 北京豫龙飞保洁服务有限公司
603 61274 8010104484411 亚商汇（北京）商用设备有限公司
604 44986 5827104517678 北京子杉伟业科技有限公司
605 5167 0646104634069 北京集媒互动科技有限公司
606 45234 5859104600779 中乐六星（北京）酒店股份有限公司
607 12056 1505104576431 北京央美尚艺艺术投资咨询有限公司
608 74447 9760104718197 北京中化粤港轮胎有限公司
609 31610 4009104812789 柯瑞灵（北京）广告传媒有限公司
610 70145 9182104509240 北京燕宝汽车服务有限公司
611 5687 0707104592918 北京拓展工贸发展有限公司
612 33177 4227104660068 北京国华置业有限公司
613 14942 1864104789314 北京力业国际钢结构有限公司
614 5708 0709104766339 北京聚义石医疗器械有限公司
615 53653 6971104494831 北京卓奥世鹏科技有限公司
616 26310 3321104548747 北京天锋网络科技有限公司
617 64885 8493104733651 北京小米移动软件有限公司
618 47437 6143104580048 北京海铁联合货运代理有限公司
619 30533 3875104489207 北京北汽华森物流有限公司
620 43425 5636104698717 西南证券股份有限公司北京昌平证券营业部
621 43675 5668104600044 北京新奥合力建筑物拆除有限公司
622 5841 0728104551263 北京英之杰天祥汽车技术服务有限公司
623 27576 3490104835400 北京长城电子工程技术有限公司
624 52724 6853104583202 北京迪沃奥尔石油工程技术有限公司
625 25067 3158104667631 欧蒙医学诊断（中国）有限公司
626 24208 3050104592683 北京联展鼎鑫投资顾问有限公司
627 27193 3435104709910 北京南方腾龙化工有限公司
628 7741 0963104700507 北京市石景山区中助公益活动中心
629 43510 5647104558358 中钞长城金融设备控股有限公司
630 32886 4189104611291 良系（北京）科技有限责任公司
631 58673 7658104920196 北京银行股份有限公司两桥支行
632 68857 9010104840318 北京海湾绿洲大戏楼有限公司
633 14596 1825104600667 北京中视迅驰舞美艺术有限公司
634 39916 5176104622333 北京利富高塑料制品有限公司
635 48599 6298104613942 北京弘高建筑装饰工程设计有限公司
636 1647 0200104882095 北京惠天利华科技有限公司
637 61934 8099104525956 神州易桥（北京）财税科技有限公司
638 24607 3100104531593 北京正和岛投资管理有限责任公司
639 62771 8211104663846 安荣信科技（北京）有限公司
640 14754 1845104534760 北京阳光酷印数码科技有限公司
641 24518 3089104768827 广装（北京）装饰有限公司
642 29443 3737104482059 北京瑞孚乐技术有限公司
643 3829 0487104580327 北京海泉电力安装有限公司
644 67740 8865104573741 北京百鸿翔悦科技发展有限公司
645 57937 7565104560452 北京市平谷区绿都林科技示范园
646 30867 3916104770557 北京鸿鹄志展文化传播有限公司
647 28408 3601104718496 北京宏君达建筑工程有限公司
648 57949 7566104733652 北京小米移动软件有限公司
649 40310 5221104526900 北京康派特医疗器械有限公司
650 28705 3637104670866 中视实业发展有限责任公司
651 14448 1806104615253 北京万佳盛业建筑装饰工程有限公司
652 16671 2085104512965 北京市青龙湖同鑫兴胜建材商贸中心
653 3528 0444104604787 北京市明海科技有限公司
654 69529 9105104527924 党建读物出版社
655 740 0087104835126 北京市平谷区小树人幼儿园
656 2489 0308104835292 北京霄汉清禾科技有限公司
657 5919 0739104480838 北京比特易湃信息技术有限公司
658 8551 1060104660633 北京京洲税务师事务所有限公司
659 19919 2502104677018 北京派悦科技有限公司
660 57278 7476104714797 北京豪恩诚信科技有限公司
661 18042 2257104561451 北京盛鸿德机械租赁有限公司
662 4315 0544104768506 北京海岸鸿蒙标准物质技术有限责任公司
663 30938 3925104847302 华联财务有限责任公司
664 75044 9833104483484 多盟无限网络技术（北京）有限公司
665 11472 1425104568345 北京尚宇堂广告有限公司
666 13150 1643104535004 北京超思唯科石油软件开发有限责任公司
667 18582 2320104588811 北京益民堂中医药研究院
668 51346 6671104579558 北京兴化苑酒店管理中心和平西桥店
669 33428 4264104921296 雪伦投资（北京）有限公司
670 52007 6758104694638 北京中天俊驰贸易有限公司
671 40696 5273104561296 北京平竟机电工程有限责任公司
672 40278 5216104854671 碧海舟（北京）节能环保装备有限公司
673 60986 7972104527954 北京工美国金黄金艺术品有限公司
674 15779 1970104879756 北京荣景天悦电力设备安装有限公司
675 18908 2362104521863 北京燕良通轴承有限公司
676 14232 1781104474928 北京中卫福伦医用器材有限公司
677 2013 0247104488954 北京月新假日宾馆有限责任公司
678 36155 4649104536989 北京恒立国泰车辆配件有限公司
679 71106 9308104899468 北京大方思创建筑咨询有限公司
680 70520 9228104774566 北京正东映像文化传播有限公司
681 72119 9453104502354 北京旭日天彩科贸有限公司
682 43751 5677104857901 万达杰诚国际物流（北京）有限公司
683 14805 1850104558230 北京鑫冉奇装饰工程有限公司
684 18439 2303104558171 华云信息技术工程有限公司
685 42003 5451104638489 北京维华唐宫饮食有限公司
686 65330 8552104770948 北京中景恒基工程管理有限公司
687 21386 2689104851464 北京市怀柔区怀北镇龙各庄村村民委员会
688 39177 5077104561419 北京维斯优特照明科技有限公司
689 46111 5977104615782 北京市崇正华盛应急设备系统有限公司
690 72047 9441104514756 北京迪朗特科技发展有限公司
691 53384 6935104714197 北京三源和创科技有限公司
692 4689 0589104515483 北京红马装饰有限公司
693 5494 0685104508591 汉唐智业（北京）国际教育科技有限公司
694 73032 9575104682598 北京时代顺通物流有限公司
695 20204 2536104614200 北京佳合汇科技发展有限公司
696 74825 9807104552968 北京天元地创咨询有限公司
697 5105 0637104658449 北京中招阳光信息技术有限公司
698 56268 7327104567216 北京柏丽斯展览展示服务有限公司
699 44788 5802104680984 北京博瑞祥浓汽车销售服务有限公司
700 12285 1532104501265 北京强华印刷厂
701 53382 6935104687680 北京掌趣科技股份有限公司
702 24521 3090104511015 卡莎兰（北京）国际商贸有限责任公司
703 64623 8455104593125 北京秦门餐饮管理有限公司
704 64329 8409104589631 北京云中赢纸业有限公司
705 50489 6560104615600 北京龙文环球教育科技有限公司
706 32005 4066104835145 北京赛尔克瑞特电工有限公司
707 64068 8375104664848 北京红豪特高科技发展有限公司
708 50622 6576104676114 北京兴百设备安装工程有限责任公司
709 62828 8218104663339 北京瑞天贸易有限公司
710 476 0057104538909 北京丰隆德物流有限公司
711 46084 5973104848692 中建众懋建设有限公司
712 13764 1716104899263 北京信力筑正新能源技术股份有限公司
713 25718 3242104481948 北京万兴建筑集团有限公司装饰分公司
714 61479 8040104508685 北京埃勒维斯科技发展有限公司
715 48798 6327104580267 北京东驰易晟科技有限公司
716 36883 4756104857581 北京市房山昊港出租汽车公司
717 16134 2015104510535 中咨泰克交通工程集团有限公司
718 56605 7373104496646 中投全球（北京）投资管理有限公司
719 45789 5934104908245 北京福陆工程管理有限公司
720 24140 3041104571034 北京圆方达通信工程有限责任公司
721 73515 9639104489262 北京安信龙海信息咨询中心
722 12170 1518104501630 北京网银信通科技有限公司
723 63637 8322104660266 北京中益信华会计师事务所有限公司
724 56279 7328104913112 北京市建设工程质量第三检测所有限责任公司
725 63631 8321104765803 北京华煦物业有限公司
726 35590 4573104485686 北京金源互动科技有限公司
727 55492 7221104867192 中关村工业设计产业协会
728 19067 2383104561826 北京天顺宏力商贸有限公司
729 75023 9829104579447 北京德尚柏诚科技发展有限公司
730 15727 1966104480895 清华控股有限公司
731 73227 9600104659497 日立租赁（中国）有限公司
732 56206 7320104819383 索科维尔（北京）软件系统有限公司
733 26319 3322104491091 北京九州一轨隔振技术有限公司
734 58235 7604104579904 中华全国工商业联合会石油业商会
735 18737 2339104608786 中咨工程有限公司
736 21043 2644104531517 经纬纺织机械股份有限公司
737 55448 7214104767751 北京新唐兴业地产有限公司
738 26795 3382104889504 北京博大汇祥通讯工程有限公司
739 44269 5743104734996 北京市惠家华龙酒业有限责任公司
740 9998 1232104572462 北京市四环诚明机械有限公司
741 1262 0151104895348 北京健都药业有限公司
742 47083 6096104583255 北京众义行汽车租赁有限公司
743 52669 6842104660319 北京太平盛世影视广告有限公司
744 45635 5912104791760 北京时珍堂药业有限公司
745 25964 3273104783925 安盛天平财产保险股份有限公司北京市石景山支公司
746 39621 5136104478402 北京塔星天创石材销售有限公司
747 55290 7194104787685 中科智道（北京）科技股份有限公司
748 20334 2553104584512 北京越千交通技术有限公司
749 24234 3052104910704 北京慨尔康科技发展有限公司
750 59640 7788104599107 北京市同安科技开发公司
751 58692 7661104866449 北京路通天元科技有限公司
752 24819 3126104783134 北京中建协认证中心有限公司
753 10480 1295104482938 北京豪佳福不锈钢装饰工程有限公司
754 20649 2595104663184 北京世纪合辉医药科技股份有限公司
755 15090 1881104716568 北京市奥斯比利克新技术开发有限公司
756 41213 5344104603495 北京京丰制药集团有限公司
757 37203 4803104579827 北京京信奥成科技有限公司
758 8344 1032104488499 北京乾元众力电气工程安装有限公司
759 699 0084104531584 北京瑞全达运输有限公司
760 14900 1859104658753 北京方恒置业股份有限公司
761 52832 6868104493457 青岛成一环球物流有限公司北京分公司
762 45002 5829104589040 北京道原广告有限公司
763 51918 6748104506454 北京东方国建装饰有限公司
764 47101 6098104521290 北京天成垦特莱科技有限公司
765 3568 0450104548871 北京大恒软件技术有限公司
766 66197 8664104498195 凯新认证（北京）有限公司
767 63765 8337104561101 北京天助畅运医疗技术股份有限公司
768 43802 5684104905725 北京嘉丽园物业管理有限责任公司
769 42742 5550104528515 北京盛博协同科技有限责任公司
770 27756 3515104608941 北京正旭会计师事务所有限公司
771 57755 7540104889610 北京徽源力达商贸有限公司
772 65658 8594104846900 北京中康建业工程管理有限公司
773 12337 1538104548894 北京八号温泉商务会馆有限公司
774 35791 4601104524061 北京吉敏科技有限公司
775 22878 2878104598417 北京万达广场商业管理有限公司
776 26432 3336104579227 北京安石房地产开发有限公司
777 35821 4605104578780 北京双榆树快捷宾馆（普通合伙）
778 18003 2251104920258 北京百儒燕园管理咨询有限公司
779 30316 3845104907161 北京权品餐饮管理有限公司
780 24011 3022104698790 北京道亨兴达科技有限公司
781 56619 7374104561860 北京岳洋通物资有限公司
782 35159 4512104481741 北京大董烤鸭店有限责任公司
783 71153 9316104565477 北京达文海开物业管理有限公司
784 15384 1917104765116 北京琦玉亦品装饰设计有限公司
785 33355 4253104556015 北京富邦建筑设备租赁有限公司
786 48409 6272104852029 诚通财务有限责任公司
787 45727 5926104629091 北京海联力捷汽车销售服务有限公司
788 5670 0705104798698 北京灵泽医药技术开发有限公司
789 53844 6993104836987 北京嘉寓门窗幕墙股份有限公司
790 60159 7857104787209 北京靛铕精细化工厂
791 47104 6098104636554 中船重工建筑工程设计研究院有限责任公司
792 26097 3292104535637 北京乾景园林股份有限公司
793 29370 3727104479953 北京长兴安科技发展有限公司
794 33486 4273104608080 北京华电云通电力技术有限公司
795 32580 4149104663700 北京通厦新奥物业管理有限公司
796 71484 9359104608633 北京魏创博讯广告有限公司
797 5568 0693104546879 北京荣盛清洁服务有限公司
798 42067 5462104505050 北京博兴基业农产品销售有限责任公司
799 36086 4640104878880 北京互联新网科技发展有限公司
800 52175 6779104691414 北京腔调广告有限公司
801 11489 1427104549370 北京地铁信息发展有限公司
802 53912 7002104581834 北京天马堂文化传播有限公司
803 72797 9547104862987 北京市昌平区新龙学校
804 1885 0230104715352 北京健尔马世纪国际贸易有限公司
805 69353 9081104556886 新华泰康投资控股（北京）有限公司
806 12482 1558104590409 中国疏浚协会
807 51008 6629104504267 北京利拓信通科技有限公司
808 74090 9711104654758 北京九九信通广告有限公司
809 64977 8504104532168 北京博大网通科技发展有限公司
810 5393 0673104531051 中国水电工程顾问集团有限公司
811 19201 2398104758682 北京泛华国金工程咨询有限公司
812 54348 7070104741926 北京大洋天空软件有限公司
813 53007 6888104803522 铭泰投资发展集团有限公司
814 34600 4431104566303 北京九方宏信交通装备有限公司
815 17674 2211104525821 东方大洋（北京)国际贸易有限公司
816 50168 6516104671267 嘉锐世新科技（北京）有限公司
817 36535 4701104628865 北京平行空间数码科技有限公司
818 13747 1714104857449 北京云航广告传媒有限公司
819 31479 3993104656608 北京国科诚泰农牧设备有限公司
820 20470 2572104506521 北京畅源平京科技有限公司
821 58095 7586104713519 星宇盈辉（北京）科技有限公司
822 656 0078104837193 应诺博睿（北京）科技有限公司
823 65217 8538104472414 北京佳明伟业科技发展有限公司
824 43917 5699104658174 北京万展宏亿文化传播有限公司
825 10652 1319104485111 北京中影物业管理有限公司
826 39561 5126104537654 北京阔博包装机械设备有限公司
827 59287 7746104714805 北京地大龙祥加固工程有限公司
828 2306 0286104912154 北京航空航天模型博物馆
829 66618 8720104871288 中国四海控股有限公司
830 31267 3965104810010 股文（北京）科技开发中心
831 30253 3838104481737 北京大董烤鸭店有限责任公司
832 52256 6792104515140 北京蓝天建设有限公司
833 70549 9233104586764 北京福润沣园林绿化工程有限公司
834 48155 6235104895306 北京润亚环宇建筑工程有限公司
835 45131 5846104739977 北京顺立鑫园保洁有限公司
836 57567 7515104672742 北京筑福建筑事务有限责任公司
837 74675 9788104504735 华高莱斯国际地产顾问（北京）有限公司
838 13499 1686104499463 北京康宏瑞普物业管理有限公司
839 40321 5222104764725 北京美迪天利医疗器械有限公司
840 35927 4620104480826 北京家有德顺文化发展有限公司
841 71039 9299104675182 北京碧水源膜科技有限公司
842 7900 0982104527392 茅台国酒（北京）商务会所有限公司
843 54489 7088104575430 北京星火德尔科技有限公司
844 48452 6279104574899 北京开卷信息技术有限公司
845 40958 5309104508413 北京源莱水处理设备有限公司
846 69075 9041104484715 北京市天铎律师事务所
847 49410 6407104488324 三利国际服装有限公司
848 71089 9306104739831 北京鼎昆房地产顾问有限公司
849 15813 1976104899531 北京森洪利装饰工程有限公司
850 58731 7667104612166 北京市海萍机械配件加工厂
851 34950 4482104670724 莱恩斯建材（北京）有限公司
852 68140 8917104663101 北京永泰安瑞科技发展有限公司
853 10588 1310104546079 北京三元桥丰田汽车销售服务有限公司
854 15617 1948104525293 北京华中盛达建筑装饰工程有限公司
855 70400 9212104579230 北京安石房地产开发有限公司
856 10833 1344104817982 信和汇金信息咨询（北京）有限公司
857 65014 8508104581379 北京恒力发科技有限公司
858 28880 3662104823054 雷尚（北京）科技有限公司
859 67553 8841104607875 凯文迪石油科技（北京）有限公司
860 29793 3780104559851 北京博瑞正华机电设备有限公司
861 29515 3746104586519 北京恒州博智国际信息咨询有限公司
862 48702 6315104491350 北京华金基金管理有限公司
863 7473 0928104711330 北京水木天成房地产开发有限责任公司
864 33710 4302104559611 北京中天演娱文化传媒有限公司
865 51459 6686104479990 河北建设集团有限公司北京丰台分公司
866 43265 5614104617083 北京福永万禄科技有限公司
867 60119 7852104579536 北京华垦南方石油制品有限公司
868 4852 0608104604084 北京瑞奇恩互感器设备有限公司
869 65789 8613104490699 宝马（中国）服务有限公司
870 36427 4686104491852 北京临源兴业建筑工程有限公司
871 51812 6732104559176 北京四季汇通医药有限公司
872 23036 2896104528797 北京格赛技术有限公司
873 49746 6453104654835 北京世经未来投资咨询有限公司
874 71871 9414104731415 北京美科芯科技有限公司
875 25750 3246104604834 北京云海祥阁餐饮管理有限责任公司
876 50196 6519104820707 北京群生世家餐饮管理有限公司
877 22487 2826104494259 北京福睿通建筑工程有限责任公司
878 16766 2096104800653 北京兴达永旺机械租赁有限公司
879 2959 0370104566508 北京益成佳源科技发展有限公司
880 17896 2237104672982 中特物流有限公司
881 66470 8700104527532 北京绿恒科技有限公司
882 64518 8436104829139 北京蓝凯信科技有限公司
883 62813 8217104526202 北京华鉴资料服务中心
884 7887 0979104807948 北京昊天星宇科技有限公司
885 72637 9523104678407 北京利德新创科技有限公司
886 38432 4977104837200 北京福禄财餐饮有限公司双井分店
887 41668 5402104698387 北京德姆森自控系统有限公司
888 54933 7147104563586 北京世纪寰亚建筑设计有限公司
889 54075 7031104483248 北京中教启星科技股份有限公司
890 34298 4386104733884 北京兴超宏扬建筑工程有限责任公司
891 68872 9013104577115 北京焕然一新保洁有限公司
892 45796 5935104617175 北京市昌平十三陵加油站
893 22266 2800104864067 北京华盛福源汽车销售服务有限公司
894 10528 1302104831105 北京中投视讯文化传媒股份有限公司
895 6413 0797104668004 北京英佳麦迪医疗用品有限公司
896 22337 2808104739674 北京中垦绿粮油有限公司
897 428 0052104862630 北京讯威安通无线通信技术有限公司
898 20779 2612104698543 澳亚电广国际广告（北京）有限公司
899 73312 9612104673614 北京祥云卉铎园林绿化工程有限公司
900 74013 9700104720877 爱科凯能科技（北京）股份有限公司
901 8957 1109104490685 北京铁城建设监理有限责任公司
902 44558 5777104584163 北京东方利剑防伪技术有限公司
903 5300 0663104483436 北京世纪瑞成信息咨询有限公司
904 55706 7250104500324 鸿洋鼎信（北京）物资有限公司
905 6919 0863104653160 中国国际航空股份有限公司
906 11914 1488104882969 北京展海航空服务有限公司
907 18395 2297104746788 北京悦成三际科技有限公司
908 15037 1876104506896 北京市金韵达速递有限公司
909 66186 8663104496168 北京瑞美森建筑工程有限责任公司
910 20205 2536104624081 北京中债信诚征信有限公司
911 64665 8460104574537 普莱斯（北京）科技有限公司
912 48249 6249104583868 北京科锐配电自动化股份有限公司
913 25921 3267104721879 北京志峰环保设备安装有限公司
914 49657 6440104581530 北京春晖园投资有限责任公司
915 39642 5138104663260 北京安顺捷快递有限公司
916 41316 5359104771961 北京世纪读秀技术有限公司
917 62209 8133104691764 北京九州鸿威木业有限公司
918 75905 9943104767626 北京京客隆商业集团股份有限公司
919 37393 4832104866387 北京忠兴惠利商贸有限公司
920 13027 1626104487926 中航工程集成设备有限公司
921 1597 0192104830780 北京华德润通科贸有限公司
922 5187 0650104856488 中关村国投县域科技经济发展促进会
923 27096 3423104607832 北京汇安鸿康生物技术有限公司
924 31491 3995104481307 云顶汉展国际展览（北京）有限公司
925 43874 5695104478668 北京锦安信达机电设备有限公司
926 6017 0752104659298 北京智德创辉网络科技有限公司
927 771 0091104576235 北京市东元律师事务所
928 39218 5082104514328 北京合信海达信息技术有限公司
929 65459 8570104680417 北京水盾流体设备有限公司
930 3414 0431104581814 北京首汽（集团）股份有限公司
931 49768 6457104490886 北京天围兴业文化发展有限公司
932 1708 0208104857614 北京华实海隆石油投资有限公司
933 19773 2484104776868 北京豪迈世纪医药科技发展有限公司
934 5266 0660104530077 北京开诚供热有限责任公司
935 8940 1107104516538 北京一捷安信物业管理有限公司
936 21913 2759104584920 北京嘉德福塑料制品有限公司
937 59218 7736104576037 北京雷泰格安全防范技术服务有限公司
938 7108 0884104504615 北京国盛企建材有限责任公司
939 969 0114104734728 北京冠城酒店物业管理有限公司
940 60723 7938104510455 北京京都苑宾馆
941 20037 2515104538999 北京普慧优信科技有限公司
942 26632 3361104662709 北京京申宝汽车销售服务有限公司
943 65066 8513104857865 北京泰科永兴空调制冷技术有限公司
944 33871 4327104475929 北京问天阁茶业有限责任公司
945 45952 5957104598564 北京威科翰文科技有限公司
946 20624 2591104528864 北京中佳宏威科技有限公司
947 19875 2496104663360 北京天兴燃气工程有限公司
948 48928 6343104711257 北京兆通源恒商贸有限公司
949 47205 6113104557245 北京博尚宾馆有限责任公司
950 41416 5372104783217 北京北平楼正源餐饮有限公司第二分店
951 36448 4688104516821 棋盛中泉(北京)石材有限公司
952 843 0098104756483 北京东管丽泽公寓物业管理有限公司
953 59706 7797104784417 奥维视音（北京）文化发展有限公司
954 72416 9495104649688 北京中视拓普信息技术有限公司
955 3771 0478104556752 北京地铁车辆装备有限公司
956 17462 2186104490405 北京三重华星电子科技有限公司
957 50128 6511104491218 北京易联至诚咨询服务有限公司
958 11832 1476104496387 北京睿智奥恒科技有限公司
959 902 0105104670046 华融证券股份有限公司
960 11143 1380104659424 国药集团联合医疗器械有限公司
961 55497 7222104577880 北京合东双科技有限公司
962 25898 3265104776478 北京四通搬家有限公司
963 62773 8211104698126 四川川中孙鲶鱼餐饮有限责任公司北京分公司
964 46756 6058104510874 恒信玺利实业股份有限公司
965 62958 8234104558784 北京新博智胜资产评估有限公司
966 28476 3608104592577 北京唐人世纪会馆有限公司
967 20656 2596104497874 北京中核四达工程设计咨询有限公司
968 40718 5276104532612 北京立宁达业科贸有限公司
969 17730 2218104592119 北京星辉荣盛流体设备有限公司
970 58418 7628104488332 北京合奥企隆医疗器械有限公司
971 55102 7169104657861 北京市圣雅诗进出口有限责任公司
972 74936 9819104829362 六安市人民政府驻北京联络处
973 52989 6886104628766 北京国科华智技术服务有限公司
974 69309 9076104481413 北京天神互动科技有限公司
975 51285 6664104561140 北京格瑞纳电子产品有限公司
976 16440 2054104539709 北京盛芬运输有限公司
977 69545 9106104755654 信合同盛国际贸易（北京）有限公司
978 61859 8088104559295 宁波银行股份有限公司北京分行
979 23250 2924104699834 北京黔贵餐饮有限公司
980 62462 8171104630687 北京阳光起跑线商业管理有限公司
981 28163 3569104521660 北京天蒙能源科技有限公司
982 68332 8943104553804 北京凯因科技股份有限公司
983 24043 3025104911004 北京吉祥好友装饰有限公司
984 43285 5618104488578 北京矢量装饰工程有限公司
985 48926 6343104662773 注射合金（天津）有限公司北京分公司
986 18322 2289104728933 北京奥立广告传媒有限公司
987 35807 4602104663322 北京长安汽车工程技术研究有限责任公司
988 9169 1134104826294 北京东方盛泽四惠桥建材市场有限公司
989 5170 0647104539268 神华销售集团华北能源贸易有限公司
990 4451 0561104560920 北京北方出租汽车有限责任公司
991 9091 1125104784383 华安财产保险股份有限公司北京分公司
992 71595 9377104526654 北京小松工程机械有限公司
993 67 0007104493275 阿姆斯壮机械（中国）有限公司
994 49581 6431104567786 北京海萌物业管理中心
995 40860 5294104776804 北京中电凯尔设施管理有限公司
996 735 0087104504304 北京蓝天多维科技有限公司
997 2294 0285104622636 北京雅川服装服饰有限公司
998 63435 8295104678908 北京京通大地机电设备有限公司
999 59314 7750104667772 北京融普星维管理咨询有限责任公司
1000 68467 8961104653460 北京三一公益基金会
1001 75538 9896104630677 泛华建设集团有限公司
1002 8211 1016104484152 中国烹饪协会
1003 29476 3741104603104 北京天道蓝图规划设计院有限公司
1004 59318 7751104631258 北京市交运旺泰加油站有限公司
1005 2226 0277104656463 北京中丽制机工程技术有限公司
1006 6718 0837104800607 北京东易致远文化传播有限公司
1007 67296 8808104818554 北京福满仓快餐有限公司
1008 21132 2655104709855 北京金雨星技贸有限公司
1009 63650 8323104852764 北京长和世纪资产管理有限公司
1010 24237 3053104654747 安泰赛斯国际项目管理咨询(北京)有限公司
1011 64589 8449104535191 北京众盛优视科技有限公司
1012 64901 8495104660015 北京华贸奥苑房地产开发有限公司
1013 14760 1845104768842 北京华凌建设有限公司
1014 59300 7749104495359 北京世纪博然技术有限公司
1015 63485 8302104552867 北京锋尚世纪文化艺术有限公司
1016 1855 0227104521610 通源汇（北京）贸易有限公司
1017 19488 2442104789967 北京唯美空间物业管理有限公司
1018 74149 9721104640131 北京金网络联行地产顾问有限公司
1019 44636 5787104501821 北京朗斯达国际进出口有限公司
1020 68989 9030104576364 北京广源嘉禾商贸有限公司
1021 11487 1427104531059 北京海程邦达国际工程物流有限公司
1022 35549 4567104589039 北京道原广告有限公司
1023 13279 1660104781928 北京旭茂建筑工程有限责任公司
1024 49327 6396104875921 北京银泰永辉智能科技有限公司
1025 59826 7814104621895 北京必创科技股份有限公司
1026 74870 9811104846872 北京蓝军电器设备有限公司
1027 3409 0430104670923 北京科拉斯科技有限公司西城分公司
1028 28450 3605104829854 北京富思特装饰有限责任公司
1029 50551 6568104554814 北京东方宾利文化传媒有限公司
1030 14147 1768104671748 北京万方互通科技发展有限公司
1031 6110 0761104548805 北京兴凯盛唐物流有限公司
1032 2545 0316104539876 北京兴华会计师事务所（特殊普通合伙）
1033 31103 3945104658401 北京青果灵动科技有限公司
1034 63244 8274104480122 北京泰德制药股份有限公司
1035 19953 2506104503546 北京三维直点科技有限公司
1036 38857 5034104828594 北京鑫益晖印刷有限公司
1037 41044 5321104786574 北京金鑫龙汽车配件制造有限公司
1038 61938 8099104790744 北京博达泓翼公关策划有限公司
1039 46701 6050104670166 北京业永兴装饰有限公司
1040 11605 1445104540249 北京恒源利通电力技术有限公司
1041 44830 5807104583132 广州市太平洋广告有限公司北京分公司
1042 64357 8413104502690 北京利文世纪科技有限公司
1043 17839 2230104721612 北京蓝雨龙保洁服务有限公司
1044 56534 7362104554667 北京智讯天成技术有限公司
1045 20821 2617104578081 北京通联交运汽车租赁有限公司
1046 6694 0835104570055 北京锄禾食品有限责任公司
1047 61627 8059104581428 冠群驰骋投资管理（北京）有限公司
1048 66601 8718104670026 北京欣安信达科贸有限公司
1049 53695 6975104846351 北京零点双维咨询有限公司
1050 75199 9852104530355 北京利市物业管理有限公司
1051 59125 7720104797569 北京恒盛宏业货架有限公司
1052 65605 8589104550833 北京精兴达制冷有限责任公司
1053 14679 1836104581201 软云（北京）计算技术有限公司
1054 75798 9929104548844 北京久其软件股份有限公司
1055 64051 8372104615107 中节能财务有限公司
1056 48981 6351104552767 云能投（北京）投资咨询有限公司
1057 16197 2023104482576 北京北大科技园建设开发有限公司北大博雅国际酒店管理分公司
1058 9991 1231104872553 北京百奥知信息科技有限公司
1059 74159 9722104663657 爱思帝（北京）汽车配件有限公司
1060 3675 0463104518654 北京奇诺软通科技有限公司
1061 3309 0417104602839 北京市普贤律师事务所
1062 38846 5033104685601 北京市顺义后沙峪建筑工程公司
1063 46900 6076104533236 北京众源诚文化传播有限公司
1064 49504 6420104752119 北京金隅砂浆有限公司
1065 18127 2265104692530 宾肯科技（北京）有限公司
1066 62045 8112104485575 北京怡安嘉物业管理有限公司
1067 33799 4316104673698 北京创意堂商贸有限公司
1068 27836 3526104490958 北京享赞国际贸易有限公司
1069 39347 5099104624497 北京华电瑞通电力工程技术有限公司
1070 24628 3102104874081 北京天兰奥特莱斯商贸有限公司
1071 37130 4792104689836 北京慧智传媒广告有限公司
1072 33869 4326104862735 北京科电航宇空间技术有限公司
1073 27449 3471104483953 中诚宝捷思货币经纪有限公司
1074 33032 4209104480010 北京现工汽车部件有限公司
1075 24159 3045104581459 铱格斯曼航空科技集团有限公司
1076 23450 2950104830514 北京鸣仁装饰工程有限责任公司
1077 17710 2215104801562 北京中铁天瑞机械设备有限公司
1078 33065 4213104658497 北京尼吉电子技术有限公司
1079 28507 3611104893404 北京方圆社会组织服务与评估中心
1080 53132 6902104549101 东方宝麟科技发展（北京）有限公司
1081 13243 1656104490687 北京铁城建设监理有限责任公司
1082 13127 1640104720366 北京红联顺商贸有限公司
1083 51075 6638104576055 北京亿达四方信息技术有限公司
1084 51671 6714104818445 北京城建五市政工程有限公司
1085 31341 3973104566916 北京鼎驰天地科技发展有限公司
1086 16825 2103104693807 北京万展华创科技有限公司
1087 64186 8389104690862 北京腾悦诚辉文化艺术交流有限公司
1088 31624 4011104576124 北京华星恒业电气设备有限公司
1089 75512 9892104735370 北京宇泰恒瑞科技有限公司
1090 47291 6124104662932 北京勤顺达工贸有限责任公司
1091 22660 2849104670953 北京金港建设股份有限公司
1092 31054 3938104817187 北京怀柔幼佳双语幼儿园
1093 64099 8379104599296 北京智联通达商贸有限公司
1094 43026 5584104497396 北京市华鼎畅达商贸有限公司
1095 8296 1026104489235 北京国彩印刷有限公司
1096 5984 0748104482435 北京维盛网域科技有限公司
1097 17457 2185104681608 北京方宇建筑有限公司
1098 44654 5788104595563 北京万奇亚讯科技有限公司
1099 38407 4974104895175 北京惠通华远国际会展中心有限公司
1100 35096 4503104492886 赛特国际物业管理有限公司北京赛特现代城分公司
1101 49215 6383104533158 北京龙迪鸿旺服装有限公司
1102 33792 4315104616961 北京鑫辉锐智商贸有限公司
1103 27254 3441104889714 台州经济开发区新荣记大酒店有限公司北京餐饮分公司
1104 29067 3685104807869 北京北排水务设计研究院有限公司
1105 38070 4928104694736 北京中消伟业安全技术工程有限公司
1106 25256 3183104486710 北京神州恒泰科技有限公司
1107 38157 4939104764567 北京浩源宏科技有限公司
1108 57966 7569104727290 北京城建集团有限责任公司怀柔分公司
1109 51639 6709104694287 北京银贝壳科技有限公司
1110 40602 5260104718209 北京中美伟康医疗器械有限公司
1111 31272 3966104730353 中工信融（北京）信息技术有限公司
1112 59451 7768104493383 北京思源润达医疗器械有限公司
1113 57804 7546104907767 北京爱尔沃特科技有限公司
1114 21028 2641104595091 北京宏艾瑞医药科技有限公司
1115 66752 8737104921928 北京吉光逸力科技有限公司
1116 64091 8378104556272 北京华海中谊工业炉有限公司
1117 71548 9369104659720 旭正元安（北京）科技有限公司
1118 18163 2269104759312 北京连华伟业装饰工程有限公司
1119 1303 0158104524239 北京永禄顺通物流有限公司
1120 74178 9725104592160 中元国信信用融资担保有限公司
1121 2175 0269104720535 北京国水江河科技发展有限公司
1122 28643 3630104589308 北京龙飞宏业商贸有限公司
1123 68376 8949104614113 阿尔卑斯电力研究（北京）有限公司
1124 1969 0240104549752 北京九州盛达贸易有限责任公司
1125 6077 0758104570221 北京航天伟业科技发展有限公司
1126 46090 5974104665206 MTI工程技术（北京）有限公司
1127 60742 7940104509406 中石化易捷销售有限公司
1128 24737 3116104575516 北京恒星天诚汽车销售有限公司
1129 18176 2270104826436 北京鄂尔多斯创展服装有限公司
1130 5993 0749104509492 北京赛尔奥特莱斯商业广场有限公司
1131 49375 6402104846866 北京放勋投资咨询有限公司
1132 70977 9291104484553 北京千秋智业图书发行有限公司
1133 69730 9130104862968 北京第吉尔电子科技有限公司
1134 3918 0498104630304 北京银行股份有限公司陶然支行
1135 55771 7260104660030 北京博亿智软件技术有限公司
1136 62193 8131104835024 北京兴泉昊达洗衣有限公司
1137 22009 2770104660393 北京长白山国际酒店
1138 13602 1698104525069 北京永明达商贸有限公司
1139 6086 0759104558723 北京市南行中仪器仪表有限公司
1140 54987 7154104628054 北大资源集团有限公司
1141 6220 0775104609890 北京市碧桂园房地产开发有限公司
1142 56305 7332104571350 北京铭视鸿途文化发展有限公司
1143 34911 4477104637129 北京口子商贸有限责任公司
1144 16020 2000104528827 北京四方兴业贸易有限公司
1145 39529 5121104704284 北京乾佳诚物业管理有限公司
1146 49569 6430104495102 北京中建华投资顾问有限公司
1147 43071 5589104830476 北京英才永益科技发展有限公司
1148 52594 6833104575495 海格曼锋锐特电气贸易有限公司
1149 18114 2264104563063 北京迈思奇科技有限公司
1150 18213 2275104731969 优森美奥国际会展（北京）有限公司
1151 22229 2797104611811 汇元银通（北京）在线支付技术有限公司
1152 26492 3342104690017 北京天行健汽车租赁有限公司
1153 37105 4789104572048 北京鼎盛华兴信息技术有限公司
1154 37237 4810104600174 国金黄金集团有限公司
1155 47040 6091104819256 北京勤和祥通汽车销售服务有限公司
1156 5149 0644104752954 北京国华神州能源科技有限公司
1157 35198 4517104668050 北京大津硅藻新材料股份有限公司
1158 27099 3423104693382 信通维创信息技术（北京）有限公司
1159 31993 4065104631099 博辞广告（北京）有限公司
1160 55485 7220104915042 中国北车集团财务有限公司
1161 53735 6979104658701 北京博联必成医药科技有限公司
1162 33230 4237104520954 北京雨润肉类加工有限公司
1163 33463 4270104706435 北京发茂凯特科贸有限公司
1164 34609 4432104830454 北京台台香服装有限公司
1165 58216 7602104556878 北京明仁开源包装材料有限公司
1166 64794 8481104565828 北京盛世卓杰广告传媒有限公司
1167 64394 8419104492197 北京光中装饰工程有限公司
1168 17111 2138104786607 北京显通环保工程技术有限公司
1169 10981 1362104790367 北京东视利通科技发展有限公司
1170 4309 0544104528048 正元地理信息有限责任公司
1171 42083 5464104556469 北京盛拓车之家广告有限公司
1172 57947 7566104606084 北京博思道文化发展有限公司
1173 12078 1507104768424 北京农业信息化学会
1174 22636 2846104720852 北京能动时代教育科技有限公司
1175 67959 8890104812886 北京天工印刷有限公司
1176 22189 2793104473748 北京鑫康沣朔物业管理有限责任公司
1177 70052 9171104747262 北京诺行天下书画院
1178 52356 6804104625751 北京华安众信汽车修理有限公司
1179 38759 5022104729232 北京云海天宸建材有限公司
1180 32827 4182104758273 北京平谷光明电力工程公司
1181 3020 0377104758299 北京国际广告传媒集团有限公司
1182 8148 1010104577397 北京筑巢家宜网络技术有限公司
1183 6623 0825104664243 万达百货有限公司
1184 76282 9994104566274 北京日嘉美威科技有限公司
1185 60084 7847104637370 北京城市捷运汽车贸易有限公司
1186 22884 2878104734566 北京中设建工教育咨询有限公司
1187 33873 4327104503966 北京文新创展工程造价咨询有限公司
1188 32493 4134104561324 北京市双丰建筑工程有限公司
1189 33197 4230104872768 北京温馨人家餐饮管理有限公司
1190 26995 3407104707429 北京奥迈思互动传媒咨询有限公司
1191 71229 9324104502494 北京冶自欧博科技发展有限公司
1192 57929 7563104765914 新中速通达物流（北京）有限公司
1193 26920 3397104600355 北京森泰伟业商贸有限公司
1194 1252 0151104480752 北京家有金元商贸有限公司
1195 49310 6394104574010 中交财务有限公司
1196 22842 2872104670750 北京东环鑫融投资管理有限公司
1197 302 0037104659807 天柏宽带网络技术（北京）有限公司
1198 34123 4360104675498 北京隆昌达电力工程有限公司
1199 51054 6635104827285 北京万家同福家政服务有限公司
1200 61495 8041104839941 北京和邦机械制造有限公司
