1 27009 6520104533012 北京怡江立庭酒店管理有限公司
2 34476 8381104552388 北京航天宇泰科技有限公司
3 20081 4823104522494 北京大原易安医疗器械有限公司
4 1910 0438104591703 北京华晟宏伟科贸有限公司
5 16390 3855104514905 北京瑞源文德科技有限公司
6 19330 4612104500170 瑞豪广联（北京）物业管理有限公司
7 20259 4874104531445 北京桂滨河投资担保有限公司
8 2925 0678104501626 北京德众汇达电子有限公司
9 39771 9675104557943 中国中信有限公司
10 11562 2684104533565 北京康众传媒广告有限公司
11 26482 6389104600739 天容盈科建筑工程设计（北京）有限公
司
12 21873 5280104535614 北京博泰佳业科技发展有限公司
13 27277 6584104535557 北京三信企业管理咨询有限公司
14 17169 4044104507946 北京金隅混凝土有限公司海淀分公司
15 16324 3840104588931 北京顺兴泰德医疗软件有限公司
16 26790 6459104610130 西马克技术（北京）有限公司
17 1385 0309104586681 北京市川东建筑工程劳务有限责任公司
18 35962 8748104546423 北京京以弘力工业品贸易有限公司
19 38246 9299104588050 北京兰亭汇酒店投资管理有限公司
20 7157 1650104602378 北京华福工程有限公司
-2-
21 28013 6769104542261 绿色日利（北京）科技发展有限公司
22 27531 6651104488613 北京康高特科技有限公司
23 22037 5322104482049 北京中技金谷集成房屋有限公司
24 15610 3673104513019 北京九花山烤鸭有限责任公司
25 26619 6419104547987 北京星网锐捷网络技术有限公司
26 13924 3266104489123 中国农业产业发展基金有限公司
27 29962 7257104527854 北京顶秀置业有限公司
28 39767 9675104479989 河北建设集团有限公司北京丰台分公司
29 1020 0229104527556 北京科曼达电子技术有限公司
30 18831 4483104494084 北京殷民科技有限公司
31 15597 3669104568753 北京益鑫合创商贸有限责任公司
32 35552 8659104599960 北京天鸿兴装饰工程有限公司
33 33341 8116104511683 北京海陵之光科技发展有限公司
34 15433 3628104549462 北京扶远清隆科贸有限公司
35 31023 7548104539304 北京精友时代信息技术发展有限公司
36 22545 5454104528067 北京智之师文化传媒有限公司
37 27709 6691104564864 北京亿丰嘉业电子科技有限公司
38 24860 6002104525952 北京泽新印材科技有限公司
39 1565 0357104581432 冠群驰骋投资管理（北京）有限公司
40 24966 6026104522096 北京润泽宏达科技发展有限公司
41 14774 3470104527134 北京北威航宇科技有限公司
42 32450 7893104489293 北京新京报传媒有限责任公司
43 3898 0894104523851 北京东浩盛德商贸有限公司
44 24985 6030104588650 北京道尔道振动控制技术有限公司
45 33329 8114104496583 北京百世德益教育咨询有限公司
46 21524 5195104544848 北京匹夫火锅餐饮有限公司公益西桥店
47 28686 6926104488757 北京欧亚博晟商贸有限公司
48 4512 1034104514751 北京宣联停车服务有限责任公司
49 2135 0496104555039 北京佳润餐饮管理有限公司
50 22299 5390104563330 迪思杰（北京）数据管理技术有限公司
51 21025 5069104526336 北京铭峰银保商贸有限公司
52 11648 2706104513032 北京中澜物流有限责任公司
53 8959 2063104561019 北京皮尔布莱尼软件有限公司
54 36166 8797104580299 时代嘉文文化传媒（北京）有限公司
55 1838 0425104530809 嘉实瑞沃德（北京）商贸有限公司
56 40593 9874104474898 北京北摩高科摩擦材料有限责任公司
57 12439 2898104525979 四川超宇建设集团有限公司北京装饰分
公司
-3-
58 4472 1026104505137 北京迈拓科技有限责任公司
59 16406 3857104563034 北京煲煲好餐饮服务有限公司
60 2466 0571104583574 定州市华润建设工程有限公司北京分公
司
61 30483 7396104564053 北京凯乐聚源科技有限公司
62 21607 5211104589093 北京山天置业有限公司
63 1905 0438104530326 北京路恒达公路养护有限公司
64 20940 5046104483281 北京越亘汽车配件有限公司
65 37080 9014104497842 北京永康隆达医药科技有限公司
66 32045 7792104522351 北京达华盛强装饰工程有限公司
67 29646 7178104566255 北京众和容智电子科技有限公司
68 11844 2758104523470 北京智信远景软件技术有限公司
69 27261 6580104540572 北京美高科技发展有限公司
70 34893 8496104598881 中庆贝德（北京）石油科技有限公司
71 40196 9779104553910 北京银行股份有限公司天宁支行
72 17639 4165104521645 北京美泰思捷贸易有限公司
73 34397 8364104592037 北京旭德宏昌建筑工程有限公司
74 13280 3102104506072 北京布鲁斯格环保科技有限公司
75 33497 8158104476272 北京燕艺鸿广告有限公司
76 36677 8920104523733 北京威卡威汽车零部件股份有限公司
77 23633 5715104604993 北京鑫博汇商贸有限公司
78 38167 9283104600373 北京天地和兴科技有限公司
79 23396 5659104534182 北京佰利恒源商贸有限责任公司
80 5095 1167104472672 北京臻文弘文化传媒有限公司
81 26353 6359104567909 北京北方华德尼奥普兰客车股份有限公
司
82 25450 6137104550522 北京华泰雅瀚文化发展有限公司
83 37632 9156104615150 北京实创鸿源建筑劳务有限公司
84 19836 4752104559488 北京纽堡科技有限公司
85 38920 9477104532615 利奥电子(北京)有限公司
86 3949 0908104530641 佩尔哲汽车内饰系统（太仓）有限公司
北京分公司
87 26593 6413104603790 北京空港明豪商务会馆有限公司
88 38289 9310104503412 北京康美特科技有限公司
89 13596 3180104580572 北京市盛丰小额贷款有限责任公司
90 31545 7671104485053 中国勘察设计协会人民防空与地下空间
分会
91 10107 2334104501769 北京京奥嘉业汽车租赁有限公司
-4-
92 23237 5621104573946 龙腾华业（北京）企业管理有限公司
93 8454 1938104527012 和桥商业设计（北京）有限公司
94 40214 9783104507628 北京易华录信息技术股份有限公司
95 35597 8668104528615 招商局物流集团北京有限公司
96 34282 8336104608077 北京华电云通电力技术有限公司
97 30545 7418104562892 北京市石景山区童年实验幼儿园
98 24073 5811104605181 北京强峰胜鑫水产有限责任公司
99 29020 7015104508514 北京晨洲装饰工程设计有限公司
100 1284 0291104484885 银捷尼科电子支付设备（北京）有限公
司
101 32993 8035104473889 北京中科众信科技有限公司
102 16842 3964104485775 中意资产管理有限责任公司
103 18366 4359104488991 北京通软明天科技有限公司
104 8357 1917104475307 北京春华家居装饰中心
105 23217 5616104586242 北京皮克彻时代文化传媒有限公司
106 3386 0779104490760 北京五千年酒店管理有限责任公司
107 36793 8948104539664 楦雅互联（北京）国际广告传播有限公
司
108 2669 0615104491161 北京恒嘉润科技有限公司
109 6275 1440104549633 中交汇通（北京）科技有限公司
110 16960 3992104587175 北京科仕控制系统有限公司
111 15387 3620104511105 北京庄森体育器材有限公司
112 22191 5363104537377 网之易信息技术（北京）有限公司
113 11311 2628104562181 北京世纪瑞尔软件有限公司
114 17227 4059104531198 北京东方海润装饰工程有限公司
115 5033 1154104508341 北京矿建建设集团有限公司
116 25090 6052104575645 北京市上品商业发展有限责任公司
117 23184 5609104548948 北京万维美思科技有限责任公司
118 23134 5597104546419 中金数据系统有限公司
119 33132 8068104620589 北京开元创世商贸有限公司
120 5453 1240104582470 中视漫城（北京）网络科技有限公司
121 32471 7899104607127 北京兴业达通装饰工程有限公司
122 39362 9582104524478 北京腾达瀚宇科技有限公司
123 36830 8956104574170 北京名朗世纪科技有限公司
124 24787 5985104608989 北京神鹰国际货运有限公司
125 16959 3992104550152 北京树贤瑞祥机电设备有限公司
126 9186 2119104581152 北京中海万泉科技有限公司
127 35298 8596104523988 北京大容恒昌经贸有限公司
-5-
128 18798 4472104577222 北京京华顺达园林绿化工程有限公司
129 40330 9811104504820 北京东方慧神科技有限公司
130 6132 1403104614303 北京企宜同创电气科技有限公司
131 40675 9890104554001 北京海天致远劳务服务有限公司
132 9148 2110104520882 北京金凯拓市政工程有限公司
133 22112 5340104585695 北京元成合贸易中心
134 13217 3088104611062 北京鸿源视讯科技有限公司
135 9512 2202104525646 北京禹神医疗器材有限责任公司
136 7084 1634104496146 北京盛百味餐饮有限公司
137 29275 7087104484241 北京逸贝正元科贸有限公司
138 37733 9175104619028 北京美成文化发展有限公司
139 35534 8655104492696 京铁物流有限公司
140 26698 6435104531918 北京元陆鸿远电子技术有限公司
141 30914 7521104598580 厦门国际银行股份有限公司北京朝阳支
行
142 35621 8673104575611 北京康盛宏达科技有限公司
143 7322 1687104510698 乐通（北京）化学有限公司
144 14585 3426104587351 北京博雅立方科技有限公司
145 35834 8722104591338 中国平安财产保险股份有限公司北京分
公司顺义营销服务部
146 1047 0235104491468 北京中经赛博科技有限公司
147 38258 9302104603510 北京美耐标识有限责任公司
148 22987 5560104557118 北京市鼎泽物业管理有限责任公司第二
分公司
149 30564 7426104558417 北京航天华世科技发展有限公司
150 9193 2120104583415 北京艺融民生艺术投资管理有限公司
151 7362 1695104519861 北京三合正道装饰工程有限公司
152 939 0210104559419 北京日报报业发行有限公司
153 37002 8996104485318 北京国鑫博泰贸易发展有限公司
154 36945 8981104611963 首安工业消防有限公司
155 522 0110104593260 北京禹润达科贸有限公司
156 18595 4420104534374 北京鑫莱市政工程有限公司
157 22651 5481104543081 北京创兴佳业商贸有限公司
158 24684 5958104581244 北京完美蓬瑞影视文化有限公司
159 6259 1436104552790 北汽融创汽车用品（北京）有限公司
160 35315 8598104583979 北京飞博来特科技有限公司
161 24182 5838104531682 绿田园丰（北京）生态科技有限公司
162 17996 4267104579435 中视鸿影（北京）文化传媒有限公司
-6-
163 3454 0793104488345 北京安恒洋科技发展有限公司
164 143 0031104580604 北京睿力恒一物流技术股份公司
165 17400 4109104512595 北京兴业源投资有限公司
166 6240 1430104471833 北京普智昊然科技有限公司
167 79 0017104606240 北京市华云分析仪器研究所有限公司
168 39208 9549104575197 北京博雅康通贸易有限公司
169 7716 1782104512829 中植企业集团有限公司
170 39063 9511104474867 北京亮晟升源科技发展有限公司
171 36929 8978104593215 北京尼嘉装饰有限公司
172 26566 6406104610880 北京世界通达航空信息服务有限公司
173 28714 6934104473289 北京钟聚源科技发展有限公司
174 6435 1480104564878 江河创建集团股份有限公司
175 15654 3685104515575 北京市大兴区新启蒙艺术幼儿园
176 37965 9228104588357 北京易特经纬科技有限公司
177 32041 7791104530494 北京德百利泰科技有限公司
178 22245 5376104521901 北京维多化工有限责任公司
179 30068 7287104507856 北京钴得暖业能源技术发展有限公司
180 15912 3749104614183 北京华域天元建筑工程有限责任公司
181 12042 2800104541360 北京印之好数码快印有限公司
182 12312 2867104548235 北京莱福世纪置业有限公司
183 29348 7103104488158 北京得领天沅科技有限公司
184 31138 7577104561979 北京中诚天下投资顾问有限公司
185 39885 9702104502403 北京京艺星河文化传媒有限公司
186 39737 9670104483567 北京开创同和科技发展有限公司
187 13260 3098104536563 北京市通州区宋庄镇总工会
188 26282 6339104568139 北京东风南方汽车销售服务有限公司
189 12696 2964104556144 北京北大先锋科技有限公司
190 32032 7789104587552 北京鑫旺盛物业管理有限公司
191 25548 6161104528645 北京奥尔思创科技有限公司
192 4592 1057104561351 普瑞奇科技（北京）股份有限公司
193 31475 7654104614087 北京铁血科技有限责任公司
194 220 0049104495996 北京物通博信国际贸易有限公司
195 2516 0582104486124 北京凯天捷通科技有限公司
196 12918 3013104480967 北京凯达印务有限公司
197 32167 7825104580976 北京乾元联合小额贷款有限公司
198 7179 1656104539953 北京宝得瑞食品有限公司
199 38300 9313104536127 北京帅成国际贸易有限公司
200 29595 7164104520752 北京盛开未来文化传播有限公司
-7-
201 969 0218104558058 宏盛高科（北京）商贸有限公司
202 40164 9772104522396 北京迈迪朗杰医疗器械股份有限公司
203 15271 3595104530080 北京开诚供热有限责任公司
204 32616 7938104561071 国药集团财务有限公司
205 13379 3125104613810 北京赛腾工业标识系统有限公司
206 21910 5289104606553 北京回声智讯网络科技有限公司
207 13339 3117104549295 北京华捷讯通科技有限公司
208 30568 7426104588172 北京华人巨擘投资有限责任公司
209 21291 5133104537371 北京卓冠盛世商贸有限公司
210 3671 0845104571986 北京市格瑞特沃营养配餐有限责任公司
211 27668 6682104581302 北京云盛新锋科技发展有限公司
212 406 0085104552753 北京中荣银利科技有限公司
213 35731 8700104599211 北京圣于兰科技有限公司
214 31461 7652104523430 北京市日盛达建筑企业集团有限公司
215 23273 5628104487607 国铁工建（北京）科技有限公司
216 11871 2763104515287 北京市永辉机电设备维修有限公司
217 29763 7205104598788 北京美然林园林绿化工程有限公司
218 13431 3138104612027 北京驰际建筑工程有限公司
219 1373 0307104512125 北京银建汽车修理有限公司
220 18778 4468104527665 中软信息系统工程有限公司
221 34095 8291104549445 卓思韦尔（北京）科技有限公司
222 14911 3506104491804 北京中研尚道咨询有限公司
223 26513 6395104584622 北京市中家鑫园温泉酒店
224 16799 3954104540027 北京淳中视讯科技有限公司
225 13516 3159104498551 北京东亚房地产开发有限公司
226 32337 7866104552870 北京金缘聚业商贸有限公司
227 36206 8807104496281 北京兰维志新科技发展有限公司
228 28495 6888104503458 北京中储世纪物流有限责任公司
229 3919 0899104523639 北京特倍福电子科技有限公司
230 2737 0629104539846 易智瑞（中国）信息技术有限公司
231 5799 1322104487710 北京合欣机电有限责任公司
232 24862 6002104584866 北京普天万隆投资有限公司
233 25060 6048104492346 北京协和建昊医药技术开发有限责任公
司
234 473 0099104495795 招商局航华科贸中心有限公司
235 14944 3515104565633 北京盛世欣兴格力贸易有限公司
236 12993 3032104490471 北京润景峰尚建筑装饰有限公司
237 38156 9281104578996 北京天启房地产开发有限公司
-8-
238 37847 9202104480450 北京华远高科电缆有限公司
239 17759 4196104540558 北京普瑞三思科技发展有限公司
240 17975 4260104526158 北京正略钧策管理顾问有限公司
241 26398 6368104552131 北京中拓辰和医疗器械有限公司
242 23806 5756104505203 奕霖四海（天津）置业有限公司北京物
业管理分公司
243 4991 1145104564790 北京永盛昌盛货物运输有限公司
244 9026 2081104508228 中传嘉和品牌顾问（北京）有限公司
245 4364 1002104592963 北京新辣道餐饮管理有限公司
246 25143 6066104591931 北京丰台宋庄惠民综合门诊部
247 9976 2306104501115 北京韩建河山管业股份有限公司
248 14 0002104558321 阿尔特汽车技术股份有限公司
249 18061 4285104522697 北京舜禹工贸有限责任公司
250 31760 7725104525851 北京红狮漆业有限公司
251 24269 5859104490921 北京小龟祺祺服装有限公司
252 18737 4458104530075 北京开诚供热有限责任公司
253 5807 1324104507905 北京吉隆利达出租汽车有限责任公司
254 19523 4665104510617 北京惠德混凝土有限公司
255 36615 8907104482408 北京合乐餐饮有限公司
256 27172 6560104551689 北京派瑞威行广告有限公司
257 13651 3192104610726 北京寅丰房地产开发有限责任公司
258 39586 9635104608692 中联畅想（北京）科技有限公司
259 19101 4556104598606 北京联创美景建筑装饰工程有限公司
260 22156 5351104576259 北京市朝阳田华建筑集团公司田五二队
261 26819 6467104484342 五洲贸发（北京）进出口有限公司
262 25958 6267104473628 北京豪越伟业科技有限公司
263 26649 6426104494911 北银消费金融有限公司
264 18555 4411104509539 华融致远投资管理有限责任公司
265 38987 9492104583578 定州市华润建设工程有限公司北京分公
司
266 2807 0648104547174 北京巨华建筑装饰工程有限公司
267 16461 3870104528741 北京世纪锦泰酒店管理有限公司
268 35258 8588104567046 北京亚奥弘博科技有限公司
269 16517 3882104474625 北京君悦医学科技有限公司
270 10281 2374104491557 北京首汽汽车修理有限公司
271 14830 3485104511073 北京硕祥嘉业科技有限公司
272 33031 8043104513956 北京源启龙华科技有限公司
273 36786 8947104489163 北京世纪鼎点软件有限公司
-9-
274 24512 5913104587671 北京樱花雪商贸有限公司
275 33494 8157104550998 北京友谊商店股份有限公司
276 10289 2376104577004 北京合峰创展膜建筑技术有限公司
277 9921 2295104575706 北京朗日发科技有限责任公司
278 17487 4129104501343 北京居佳祥和装饰工程有限公司
279 12436 2897104566348 中顺国天（北京）科技发展有限公司
280 29487 7139104509188 杭州瑞琦信息技术有限公司北京分公司
281 22362 5405104526119 北京先进数通信息技术股份公司
282 36192 8803104507471 瑞得思创科技（北京）有限公司
283 10435 2409104505171 北京恒安联盾安全防范技术有限公司
284 13274 3100104569553 北京运良顺达贸易有限公司
285 19582 4679104598950 北京中合联拓信息技术有限公司
286 28176 6808104525233 北京信弘旺建筑机械租赁有限公司
287 19055 4543104606319 北京嘉泽伟业工程设备有限公司
288 5537 1261104608284 北京恒富物业服务有限公司
289 4973 1140104488193 北京世纪宏润清洁服务有限公司
290 28886 6977104585393 中际联合（北京）科技股份有限公司
291 40456 9838104578691 奥迪（中国）企业管理有限公司
292 39684 9657104510360 北京正凯科技发展有限公司
293 18746 4459104581771 深圳历思联行物业管理有限公司北京分
公司
294 36718 8929104534999 北京思泰登高动力设备有限公司
295 32271 7850104549996 盛隆电气（北京）有限公司
296 441 0092104586854 中测新图（北京）遥感技术有限责任公
司
297 38272 9306104610318 北京捷特卡科技发展有限公司
298 27550 6655104481265 北京市鑫河律师事务所
299 11154 2593104532144 北京烽火联发宾馆
300 1557 0355104527487 华杰工程咨询有限公司
301 8682 1993104504159 北京森科医药有限公司
302 15832 3730104587874 北京庞大庆鸿雷克萨斯汽车销售服务有
限公司
303 24611 5936104549198 北京四季增益物流服务有限公司
304 7780 1795104581374 北京驰海方元传媒科技有限公司
305 16931 3983104547819 北京智翔恒信科贸有限公司
306 32353 7870104551716 北京环矿天业贸易有限公司
307 23066 5580104522200 北京嘉信翔宇货物运输有限公司
308 22410 5420104558435 北京电子城物业管理有限公司
-10-
309 27143 6555104481791 三垲源（北京）文化传媒有限公司
310 26326 6350104498063 北京博亚龙辉科技有限公司
311 17252 4066104509822 北京赛创化工有限责任公司
312 37278 9067104546080 北京三元桥丰田汽车销售服务有限公司
313 27151 6557104480654 永华美达（北京）商贸有限公司
314 30728 7475104496823 北京赫立达建筑装饰工程有限公司
315 40909 9950104504379 北京聚景轩园林古建工程有限公司
316 31741 7719104521283 北京中荣亚润科技有限公司
317 15524 3653104566856 北京壹品牛餐饮管理有限公司
318 13376 3125104579599 中泰创展控股有限公司
319 40088 9756104501424 北京路旺兴电气设备安装有限公司
320 10811 2510104571930 北京京深汇丰源商贸有限公司
321 24867 6004104579719 北京天下祥和科技有限公司
322 10924 2538104483218 思行致远（北京）信息技术有限公司
323 30285 7347104534198 北京和武诚信网络技术有限公司
324 28746 6941104580618 北京威锐达测控系统有限公司
325 10939 2541104548234 北京莱福世纪置业有限公司
326 16260 3829104482037 北京营天律师事务所
327 14285 3352104484100 上海市浦东新区人民政府驻北京联络处
328 68 0014104620572 北京文博轩图书有限公司
329 33355 8118104589001 众鼎博睿信息系统（北京）有限公司
330 33054 8049104537047 北京凯贝奇经贸发展有限公司
331 13132 3069104550989 北京真浩泰汽车销售有限公司
332 23485 5679104589687 海鸿达（北京）餐饮管理有限公司
333 6334 1456104516647 北京金诚凯星商贸有限公司
334 10880 2526104496267 北京华诚馨和房地产经纪有限公司
335 20805 5015104503838 青汉顺达（北京）科技有限公司
336 6530 1505104526993 北京三师汇文化传播有限公司
337 11581 2690104507875 中研国丹（北京）药业有限公司
338 2655 0611104573911 北京中融信担保有限公司
339 37458 9115104504306 北京蓝天多维科技有限公司
340 28344 6846104536978 北京双高志信人力资源有限公司
341 5111 1171104518820 北京万府恒盛汽车维修服务有限责任公
司
342 37759 9181104578484 中能互通（北京）国际会展有限公司
343 19508 4661104472149 北京市群海装饰有限公司
344 19761 4726104592325 科特贝德机电设备（北京）有限公司
345 11634 2700104575140 金台文院
-11-
346 3178 0733104538887 北京利福瑞达科贸有限公司
347 12533 2925104588742 北京业之峰诺创建筑装饰工程有限公司
348 29133 7049104530769 北京恒成伟业房地产开发有限公司
349 36924 8978104498043 倍适（北京）科技有限公司
350 530 0113104540144 北京华美家纺科技有限公司
351 26032 6283104483914 北京振宏世纪物业管理有限责任公司
352 24896 6009104615315 北京龙惠源装饰有限公司
353 28577 6901104530561 北京动视元科技有限公司
354 343 0073104489729 北京丰进建筑装饰设计有限公司
355 17804 4210104499483 北京龙翔华恒商贸有限公司
356 38873 9465104614866 北京帕克国际工程咨询有限公司
357 26661 6428104492614 北京尚桉国际装饰设计有限公司
358 36980 8991104526930 北京蓝昊环保设备有限公司
359 37956 9227104519053 北京金诚万通停车管理有限公司
360 671 0150104532289 北京佳恒时代房地产经纪有限公司
361 18068 4286104551288 北京英之杰天祥汽车技术服务有限公司
362 22998 5564104516546 北京锐远达科技有限公司
363 30169 7316104556947 北京广联和电力工程有限公司
364 35204 8575104549313 中融人寿保险股份有限公司
365 13195 3085104565710 北京运通博远房地产开发有限公司
366 34882 8494104567109 北京月湾湾科技有限公司
367 30945 7529104511524 北京太阳光影影视科技有限公司
368 16272 3831104475615 北京佳彩世纪印刷技术有限公司
369 9923 2295104603659 北京莱富特佰网络科技股份有限公司
370 34379 8360104552701 北京碧海长天科贸有限公司
371 20161 4846104527963 北京华夏创新科技有限公司
372 12869 3004104487937 北京万达祥和医疗设备有限公司
373 17032 4007104588420 北京科源恒盛科技有限公司
374 11745 2733104562732 北京天嘉伟业科贸有限公司
375 5701 1298104504372 北京英龙华辰科技有限公司
376 28222 6816104509533 中国书籍出版社
377 32530 7915104572741 北京如风达快递有限公司
378 10525 2434104525187 北京亿兴家茏建筑拆除工程有限公司
379 17113 4029104496163 北京唯信拓信息技术有限公司
380 7762 1791104508122 北京七星飞行电子有限公司
381 3728 0861104549138 京龙康盛（北京）文化传媒有限公司
382 26267 6335104581481 北京顺腾建筑工程有限责任公司
383 4259 0980104563094 北京信永达通信科技有限公司
-12-
384 32826 7990104592560 北京光宇在线科技有限责任公司
385 7023 1619104538816 瀚鑫阳光（北京）医疗投资管理有限公
司
386 29350 7103104523109 北京赛格斯科技有限公司
387 36023 8762104488234 中升（中国）企业管理有限公司
388 5992 1369104581430 冠群驰骋投资管理（北京）有限公司
389 34190 8316104583345 诗景画意隐泉之语餐饮管理（北京）有
限公司
390 23047 5576104490609 钢铁研究总院
391 20984 5058104532326 北京银行股份有限公司右安门支行
392 15716 3700104608535 中影巴可（北京）电子有限公司
393 5814 1325104550890 北京万泰恒通国际科贸有限公司
394 36788 8947104494710 北京洋威兴业商贸有限公司
395 10276 2373104501473 北京龙耀惠德信息咨询事务所
396 23227 5619104518871 北京前搏汽车贸易有限公司
397 7590 1749104531301 北京永想联信数码科技有限公司
398 25419 6130104551775 北京中集宏达房地产开发有限公司
399 6567 1513104482030 比泽尔压缩机（北京）有限公司
400 17866 4224104606782 北京华亘安邦科技有限公司
401 13348 3119104535854 北京百洁万恒环保设备有限公司
402 37376 9093104559233 北京北纬创新科技有限公司
403 19210 4583104576004 北京本草方源药业有限公司
404 2545 0587104553041 北京易动合联资讯有限公司
405 21484 5187104494797 北京景尚东方建筑装饰设计有限公司
406 13163 3077104580308 金秋商贸（北京）有限公司
407 7865 1815104534872 北京明宇赢联科技发展有限公司
408 16832 3962104491345 北京爱语吧科技有限公司
409 35757 8707104485547 北京万企基业企业信息咨询有限公司
410 30697 7466104586923 北京市铁源市政建筑有限公司
411 6343 1458104578929 顺天通房地产开发集团有限公司
412 16137 3799104551564 梅赛德斯-奔驰租赁有限公司
413 19867 4760104533285 北京市紫光园餐饮有限责任公司
414 30195 7325104501038 北京华宇浩瑞贸易有限公司
415 38058 9256104519456 北京金宸混凝土有限公司
416 32916 8010104501303 北京轩辕邑会计服务有限公司
417 18739 4458104602997 北京京泰投资管理中心
418 38458 9347104530137 北京鼎华建筑工程有限公司
419 28182 6809104484896 北京智恒谷信息咨询有限公司
-13-
420 24960 6025104550730 北京福润泰德科技有限公司
421 39974 9727104565612 北京蓝汛通信技术有限责任公司
422 24954 6024104573925 北京中德清源管道科技有限公司
423 23196 5611104589388 富荣华亿豪物流（北京）有限公司
424 27991 6763104481416 北京天神互动科技有限公司
425 13396 3129104583270 北京鸿盛东方装饰设计有限公司
426 4445 1021104518604 北京斯普莱无线科技有限公司
427 7056 1626104593337 北京智华天成科技有限公司
428 21359 5153104503522 北京鹏宇高新商贸有限公司
429 1469 0332104529332 北京市奥盛泽兴糖酒有限责任公司
430 23588 5703104547891 北京道丰总部基地物业管理有限公司
431 20632 4968104592279 北京博菲信诺装饰工程有限公司
432 7112 1640104521263 北京中地大工程勘察设计研究院有限责
任公司
433 3959 0910104521259 北京市海淀区文都培训学校
434 40361 9817104596276 北京中天弘力环保技术开发有限公司
435 35528 8652104488598 北京东南悦达医疗器械有限公司
436 7466 1715104566211 北京燕英捷汽车销售服务有限公司
437 7057 1627104557266 北京英科瑞丰科技有限公司
438 1715 0395104488894 北京承构建筑设计咨询有限公司
439 11342 2636104503617 复一冠体育科技（北京）有限公司
440 34974 8512104510463 北京实力源科技开发有限责任公司
441 21486 5188104502608 北京鸿屹丰彩装饰工程有限公司
442 19191 4578104575979 北京本草方源药业有限公司
443 11349 2638104481367 北京普彩科技有限公司
444 3494 0802104581614 德威兴业（北京）油气技术服务有限公
司
445 16704 3929104561159 北京瑞多科技发展有限公司
446 4847 1116104499481 北京龙翔华恒商贸有限公司
447 36963 8986104574040 北京铁菲特机电设备有限公司
448 16734 3938104504089 南方伟业（北京）工程机械有限公司
449 39845 9691104591265 北京中盛茂源科技发展有限公司
450 18475 4390104504666 北京巴瑞医疗器械有限公司
451 4488 1029104521854 北京优成弘润生物技术有限公司
452 10247 2366104483899 北京优仕汇人力资源有限公司
453 38352 9322104480490 北京信达广通传媒广告有限公司
454 22722 5501104576793 北京同邦筑建筑装饰工程有限公司
455 19007 4528104581594 北京鲁视领航文化传媒有限公司
-14-
456 29509 7143104587457 北京嘉厚房地产开发有限公司
457 14181 3331104514597 北京益利维斯商贸有限公司
458 32334 7865104602970 北京蓝线物流有限责任公司
459 30264 7343104504780 北京广纬兴业科技有限公司
460 17039 4009104482076 北京新联铁科技股份有限公司
461 6107 1396104557024 星际光通传媒技术（北京）有限公司
462 27620 6669104583516 北京鑫泽制衣有限公司
463 15363 3614104478177 北京铭阳林森科技有限公司
464 12169 2832104498859 北京京合商贸有限公司
465 10065 2325104536625 国广环球文化传媒（北京）有限公司
466 40346 9814104488720 北京世纪添彩包装制品有限公司
467 12179 2834104546811 北京捷易通科技有限公司
468 20621 4967104585328 北京匠心置业有限公司
469 35781 8712104615496 北京乾风劲杰科技发展有限公司
470 30592 7434104584416 北京中景橙石生态艺术地面科技股份有
限公司
471 25859 6237104539757 北京外附物业管理服务有限公司
472 17025 4007104474414 北京齐思创科贸有限公司
473 27116 6548104483666 北京斯博瑞饭店有限公司
474 34322 8347104497283 北京博达高科技有限公司
475 3474 0797104557235 资和信电子支付有限公司
476 20783 5009104615364 商务印书馆有限公司
477 13605 3181104606400 北京华夏聚龙自动化股份公司
478 19703 4710104485747 北京首都旅游集团财务有限公司
479 11287 2624104608503 奥瑞金包装股份有限公司
480 8549 1965104589470 北京强龙伟业科技有限公司
481 8597 1977104476153 北京浩瀚润泽建设工程有限公司
482 31437 7648104481886 北京建研佳康工程检测技术有限公司
483 22629 5478104472678 北京环宇辉煌科贸有限公司
484 24109 5820104495662 北京万博创业科技发展有限公司
485 10386 2397104599784 北京富卓创业房地产开发有限公司
486 9875 2285104539539 北京金惠利科技有限公司
487 22352 5402104529180 北京冠翔建筑装饰工程有限公司
488 21354 5150104563457 北京月新时代科技有限公司
489 6020 1376104490584 北京凯亿金科技有限责任公司
490 34400 8365104497231 学信咨询服务有限公司
491 15838 3731104532420 金吉列出国留学咨询服务有限公司
492 12566 2934104576766 北京天都博泰建筑工程有限公司
-15-
493 35418 8627104480289 北京蓝海红程商贸有限公司
494 28867 6974104482535 北京泓聚律师事务所
495 34980 8513104546288 北京科海利电气有限公司
496 3828 0881104524820 北京中建兴华机电有限公司
497 40295 9803104522027 北京富优迪机械设备有限公司
498 34543 8398104554352 北京艾维诺科技有限公司
499 17473 4125104539723 北京百合惠好购物中心有限责任公司
500 33783 8222104532023 彩宣世界贺美丽家（北京）建材市场有
限公司
501 16343 3844104485302 北京保盛航空服务有限公司
502 22067 5329104610923 北京神华中机能源环保科技有限公司
503 9253 2137104489607 北京恒鼎文化传播有限公司
504 33730 8210104501949 北京东创翔宇建筑工程有限公司
505 28578 6901104552467 北京德万隆经贸有限公司
506 24245 5854104481592 北京金征远出入境服务有限公司
507 4030 0927104554805 北京渝都仁和餐饮有限公司海淀第二分
公司
508 19248 4593104576367 培高（北京）文化传媒有限公司
509 39339 9576104563220 北京中天嘉华管理咨询有限公司
510 15904 3748104482445 北京瀚荣鸿远科技发展有限公司
511 35592 8667104497528 南车财务有限公司
512 21047 5074104495673 北京百富达物流有限责任公司
513 21715 5238104538954 北京裕越兴达科技发展有限公司
514 8442 1937104491493 北京蓝山科技股份有限公司
515 15785 3716104548644 梅赛德斯-奔驰汽车金融有限公司
516 4992 1145104580995 国付宝信息科技有限公司
517 32369 7875104567428 北京北方长福汽车销售有限责任公司
518 34183 8315104526211 北京兰塞包装制品有限公司
519 40793 9921104591053 北京瑞昆达贸易有限公司
520 30471 7392104604687 必联（北京）电子商务科技有限公司
521 30942 7528104501353 北京联通昊普汽车销售服务有限公司
522 40381 9822104491717 北京利星房地产开发有限公司
523 29762 7205104598553 中石油北京天然气管道有限公司
524 37307 9076104505773 北京政泉控股有限公司
525 10022 2315104586939 中机建筑工程有限公司
526 4460 1024104504483 北京隆庆祥服饰有限公司
527 32813 7988104485490 北京万通祥和机电设备工程有限公司
528 5455 1241104521781 北京爱克讯科技有限公司
-16-
529 9609 2224104490604 北京泓泰万盛科技有限公司
530 16955 3991104516551 北京尚艺墅餐饮娱乐有限公司
531 14425 3385104555958 北京亿盛宏德阀门设备有限公司
532 26274 6336104588260 北京盈频数码科技有限责任公司
533 34928 8503104547289 一铁（北京）金属制品有限公司
534 15881 3741104569935 北京特冶工贸有限责任公司
535 33369 8122104495842 灵光互动（北京）科技有限公司
536 9370 2167104490062 北京中元成石化有限公司
537 13377 3125104607310 北京凌阳爱普科技有限公司
538 31494 7659104577735 北京明亨伟业科技开发有限公司
539 31637 7696104504437 北京恒诚信工程咨询有限公司
540 27255 6579104487756 长源动力（北京）科技有限公司
541 5845 1334104613965 北京赛博兴安科技有限公司
542 3104 0715104494860 北京长京行汽车销售服务有限公司
543 23130 5596104567049 北京伏尔特技术有限公司
544 31230 7597104568073 北京静之湖度假酒店有限公司
545 39922 9713104574906 北京奇创优胜科技有限公司
546 35905 8737104552064 北京亨通达百货有限公司
547 31965 7777104503866 易图通科技（北京）有限公司
548 26976 6511104524306 恒赢中彩（北京）科技有限公司
549 13083 3059104503877 北京金银桥财富投资管理有限公司
550 29989 7265104606523 北京电广互联文化传播有限公司
551 12574 2936104592194 韩国（株）现代地图软件北京代表处
552 6112 1398104507684 北京瑞凯利医疗器械有限责任公司
553 34865 8491104488080 北京中仪联拓建材有限公司
554 28117 6794104575110 北京航天同创科技有限公司
555 2842 0658104562361 北京华源泰盟节能设备有限公司
556 17076 4018104495421 中信国际合作有限责任公司
557 33420 8134104575590 拉卡拉支付有限公司
558 13060 3053104578913 北京亿家老小科技有限公司
559 23708 5732104548797 北京金力达房地产开发有限公司
560 24118 5822104492059 北京联通鼎盛汽车销售服务有限公司
561 32547 7921104591978 北京金龙兴业房地产有限公司
562 39689 9657104548973 北京博略顺和科技有限公司
563 9639 2229104527508 北京国恒亚太医疗科技有限公司
564 22384 5412104546784 北京华富伟业装饰工程有限公司
565 1480 0334104524393 北京中电环宇电力设备有限责任公司
566 9319 2156104584806 北京拓达伟业科技有限公司
-17-
567 27234 6574104576551 北京宏海缘食品科技有限公司
568 5834 1332104481069 北京远大创途科技有限公司
569 16188 3813104483023 北京京捷恒大商贸有限公司
570 6415 1476104576496 北京市建筑设计研究院有限公司
571 32730 7966104554392 北京国电信达科技发展有限公司
572 876 0193104559327 和谐保险销售有限公司
573 2546 0587104583357 北京科震物流管理有限公司
574 13539 3165104553035 北京建友工程造价咨询有限公司
575 24626 5940104532092 北京金融街第一太平戴维斯物业管理有
限公司
576 27838 6725104562309 北京纳通医疗技术有限公司
577 17251 4066104498801 北京思睿易拓科技有限公司
578 39646 9649104554058 中电投物流有限责任公司
579 38500 9358104561873 北京华宏信达科技有限公司
580 15232 3581104574012 中交财务有限公司
581 13609 3183104482236 北京北汽九龙出租汽车股份有限公司
582 5837 1332104578779 福成肥牛餐饮管理有限公司北京通州梨
园店
583 33487 8155104546075 北京博瑞祥恒汽车销售有限公司
584 20735 4999104499808 北京瑞鹏昕阳科技有限公司
585 4382 1005104586761 希杰（中国）咨询有限公司
586 8313 1907104551236 北京世纪安捷伦医疗器械有限公司
587 32524 7913104482422 北京首融汇科技发展有限公司
588 6812 1570104547989 北京星网锐捷网络技术有限公司
589 13040 3048104520912 北京善思诚业科技有限公司
590 16293 3834104592653 北京快乐易教育科技有限公司
591 17065 4015104545114 北京市房山区崇青水库开发公司
592 317 0067104517438 北京黎明视景科技开发有限公司
593 7786 1797104598768 北京联合世纪商贸有限公司
594 7520 1728104539760 北京天信恒通科技有限公司
595 35823 8719104578666 北京华腾佳和科技有限公司
596 7270 1676104611208 北京马达斯燃气技术发展有限公司
597 34579 8407104536595 北铁快运（北京）有限公司
598 747 0165104495951 四川海底捞餐饮股份有限公司北京食品
分公司
599 29751 7203104513868 北京宏鑫双泰信息技术有限公司
600 30604 7438104569088 北京世欣资产管理中心
601 8671 1990104551556 北京秦韵伟业科贸有限公司
-18-
602 26132 6304104482774 北京凯百隆丰田汽车销售服务有限公司
603 10788 2505104590993 泰泽宏业（北京）科技有限公司
604 6668 1533104488842 北京融世杰机械设备有限公司
605 38373 9326104608502 奥瑞金包装股份有限公司
606 11698 2722104597989 北京东方帕尔广告有限责任公司
607 3567 0821104483222 北京永婷汽车租赁有限公司
608 21326 5144104518567 莱凯医疗器械（北京）有限公司
609 3491 0801104588740 北京业之峰诺创建筑装饰工程有限公司
610 16118 3795104522470 北京京禹达防水工程有限责任公司
611 40940 9955104584614 北京双子国际展示有限公司
612 34888 8496104487764 北京红海鸿易人力资源服务有限公司
613 15674 3689104588377 北京天利仁和财务管理中心
614 8476 1943104510570 北京市通州区宋庄镇后夏公庄村民委员
会
615 10509 2430104556295 中国中信集团有限公司
616 26710 6436104592636 北京天信时代信息科技有限公司
617 6203 1421104617505 北京爱美商通资讯科技有限公司
618 30019 7272104553197 中联煤炭销售有限责任公司
619 18002 4269104521340 诺纪通科技（北京）有限公司
620 17909 4240104497578 北京百思特康和房地产经纪有限公司
621 20422 4916104507798 北京道之道货架有限公司
622 33909 8251104495408 锤子科技（北京）有限公司
623 41010 9973104499293 北京新恒基房地产集团有限公司
624 30465 7390104592293 英国百能投资管理有限公司北京代表处
625 32413 7884104606528 北京市特艺达建筑装饰工程有限公司
626 34204 8320104583728 北京天时前程自动化工程技术有限公司
627 36140 8792104526181 沈阳新元建设集团有限公司北京顺义分
公司
628 18830 4483104472052 北京常盛发环境工程有限公司
629 17357 4093104546040 北京声望远播商贸有限公司
630 34373 8359104584721 北京圣康达健康科技发展有限公司
631 16504 3879104613910 北京弘高建筑装饰设计工程有限公司
632 9896 2290104574876 茂发国际旅行社
633 7897 1822104563759 北京柯迪斯软件开发有限公司
634 6561 1511104514236 北京成宇环艺机电有限公司
635 28592 6903104482450 北京银博创业化工产品有限公司
636 36163 8796104593401 北京贝迪嘉酒店管理有限公司
637 23476 5678104524485 北京澳瑞特世纪健身器材销售有限公司
-19-
638 33798 8226104516742 北京市大兴区安定镇佟家务村村民委员
会
639 4747 1093104532454 北京东方嘉诚文化产业发展有限公司
640 11198 2603104529023 北京八方盛建筑装饰工程有限公司
641 3322 0766104521524 北京上方建筑物拆除有限公司
642 38036 9250104503993 北京智通鑫科技发展有限公司
643 16467 3872104488849 中国电子信息行业联合会
644 23291 5632104510286 中铁物总国际招标有限公司
645 25758 6213104548477 戴姆勒东北亚零部件贸易服务有限公司
646 40425 9831104561768 北京市朝阳区巨人文化艺术培训学校
647 38125 9273104594411 北京富龙勋科贸有限公司
648 9113 2102104549457 北京扶远清隆科贸有限公司
649 1068 0238104549478 北京市恒隆房地产经纪有限公司
650 4561 1048104566359 北京汇杰信安技术有限公司
651 23859 5764104610597 北京市美丹食品有限公司
652 36584 8897104531140 北京瑞和翔达科技有限公司
653 12695 2964104554054 中电投物流有限责任公司
654 29364 7106104565620 东方夫人时装（北京）有限公司
655 33338 8115104509818 北京特斯拉科技有限公司
656 10892 2528104560722 北京长风远扬科技发展有限公司
657 17318 4084104501110 北京韩建河山管业股份有限公司
658 5960 1364104611639 竞技世界（北京）网络技术有限公司
659 18609 4423104509452 北京煜力建科技有限公司
660 8541 1963104499831 北京宇信易诚科技有限公司
661 2497 0578104547094 北京康迈世纪科技发展有限公司
662 27248 6576104592299 科特贝德机电设备（北京）有限公司
663 22860 5527104483563 华夏汇金资本管理有限公司
664 24436 5896104592483 北京中建华通建设发展有限公司
665 24993 6031104617158 北京重力诚成起重搬运有限公司
666 7778 1795104529018 丰益晟达矿业投资有限公司
667 1915 0439104549118 北京盛煜达工贸有限公司
668 23032 5571104509955 中信金属有限公司
669 31662 7700104606415 北京工美珠宝投资管理有限公司
670 20499 4934104546394 北京金田伟业物业管理有限公司
671 6544 1507104551158 北京人众创新工贸有限公司
672 25319 6108104591435 中国平安财产保险股份有限公司北京分
公司大兴营销服务部
673 29535 7148104608603 北京华浩源科技有限公司
-20-
674 6712 1544104556260 北京振兴亚北土地开发有限公司
675 17101 4026104535030 北京市西城区鑫宝贝科教培训学校
676 36987 8992104525923 北京康迈医疗器械有限公司
677 24544 5920104584119 北京智慧经纬科技发展有限公司
678 7174 1655104503183 紫罗兰（北京）印务有限公司
679 6656 1530104583291 北京德佰嘉科技有限公司
680 34894 8496104608067 第一物业服务（北京）有限公司万国城
摩码园分公司
681 39130 9528104615497 北京乾风劲杰科技发展有限公司
682 9717 2248104497818 北京泰润建筑装饰有限公司
683 16290 3833104598175 北京京电明光电力工程技术有限公司
684 29813 7219104523420 北京东方合力机电有限公司
685 33760 8217104507111 北京三奇拓达工控技术有限公司
686 14427 3385104600689 乾道投资基金管理（北京）有限公司
687 36317 8833104533987 北京荣盛达投资咨询有限公司
688 18312 4345104586458 北京第一纪信息技术有限公司
689 36369 8848104576706 北京金鼎峰瑞科技有限公司
690 25271 6094104567661 北京茂华聚氨酯建材有限公司
691 9502 2200104580238 北京福新锐商贸有限公司
692 17516 4133104498936 北京昌恒辉空气节能设备有限公司
693 15190 3573104561843 北京华星绿原生态绿化技术有限公司
694 37320 9079104494760 北京祥华商贸有限责任公司
695 8702 1999104504118 北京京鼎大厦有限公司
696 17188 4048104532491 北京智德英才企业管理咨询有限公司
697 15177 3570104610538 北京豪龙恺建设工程有限公司
698 33146 8072104526446 北京中盛国华工程技术有限公司
699 39413 9593104530743 北京恒成伟业房地产开发有限公司
700 17980 4261104590828 国都证券有限责任公司北京工体北路证
券营业部
701 38510 9362104562441 北京经济技术投资开发总公司
702 15094 3550104489956 北京人济置业发展有限公司
703 18566 4413104588045 华信财富（北京）资产管理有限公司
704 21683 5230104489114 中咨华科交通建设技术有限公司
705 39132 9529104567060 新晔电子（深圳）有限公司北京分公司
706 39655 9652104580411 北京同兴源测绘工程有限公司
707 7049 1625104602434 北京神州开元科技有限公司
708 5984 1369104474949 北京友联博兴工贸有限公司
709 12264 2856104553766 北京华思智文科技有限公司
-21-
710 37465 9117104501986 北京林源汇通工贸有限公司
711 27463 6631104595387 北京鸿睿思博科技有限公司
712 10145 2342104491523 北京钧源达建筑工程有限公司
713 40419 9829104552866 北京锋尚世纪文化艺术有限公司
714 24829 5995104592828 北京宝红运绿源商贸有限责任公司
715 10526 2434104553428 中国外运股份有限公司能源物流分公司
716 33894 8249104485759 北京云林网络科技有限公司
717 10959 2546104616543 北京明工机械制造有限公司
718 34161 8307104531768 北京联合维拓科技有限公司
719 31791 7735104592098 北京有朋酒店管理有限公司
720 10566 2447104612013 北京华富美印纸张销售有限公司
721 12575 2937104496807 富迪康（北京）餐饮管理有限公司
722 24718 5968104481719 布雷尔利（北京）金属家居用品股份有
限公司
723 27778 6708104559258 中鸿盛颉（北京）商贸有限公司
724 6391 1470104539157 北京国信桥通信工程有限公司
725 10998 2553104618452 北京强盛新业工贸有限公司
726 30142 7308104488834 北京铁五院工程试验检测有限公司
727 10130 2339104472509 焕燃（北京）化工科技有限公司
728 33330 8114104513579 北京睿合品尚建筑装饰工程设计有限公
司
729 39125 9528104496133 北京博艺行展示艺术有限公司
730 41027 9978104556811 北京沃特泰克环保科技发展有限公司
731 21810 5264104514463 北京万讯通达科技有限公司
732 32513 7910104576100 北京汇泰嘉商贸有限公司
733 8875 2045104535971 北京蓝箭汽车租赁有限公司
734 29790 7212104581137 北京信远置业有限公司
735 37499 9126104505766 北京政泉控股有限公司
736 24036 5803104612029 北京西都地产发展有限公司
737 32266 7848104482139 北京宏利明达市政工程有限公司
738 35721 8698104494459 北京京北兴达搬家有限公司
739 31796 7736104574461 北京光环新网科技股份有限公司
740 35220 8579104535499 北京盛通印刷股份有限公司
741 7379 1698104527909 和协兴业（北京）科技有限公司
742 30334 7355104567524 丽宇达（北京）科技发展有限责任公司
743 6049 1383104498124 北京春景生华物业管理有限公司
744 40018 9737104617463 北京精诚益德商贸有限公司
745 38923 9478104477706 北京蒙利莎制衣有限公司
-22-
746 40471 9841104551068 北京四合汽车修理有限公司
747 18212 4321104562224 北京世纪瑞尔软件有限公司
748 31476 7655104492842 北京弘洁建设集团有限公司
749 26795 6461104504478 北京华宇恒盛建筑装饰工程有限公司
750 15922 3752104541124 嘉华创盛国际贸易（北京）有限公司
751 6229 1427104522536 北京花乡联丰房地产开发中心
752 22130 5345104522796 北京京西阳光投资有限公司
753 1355 0304104590609 北京市地铁建筑安装工程公司
754 28847 6970104580044 北京港中源建筑装饰有限公司
755 5405 1230104532031 北京智立医学技术股份有限公司
756 13792 3229104493955 北京京创兴宇环保科技有限公司
757 28431 6875104496270 网峰科技有限公司
758 12176 2834104492893 北京玖旺数字传媒科技有限公司
759 10686 2480104551103 北京英华科瑞润滑油技术有限公司
760 8990 2070104514958 北京环亚信通信息科技有限公司
761 29525 7147104523578 北京锐安科技有限公司
762 14834 3485104612284 北京胜鸿都汽车销售服务有限公司
763 7973 1841104521600 北京金源世通工贸有限公司
764 12351 2878104565931 北京聚合影联文化传媒有限公司
765 15655 3685104528144 北京蒙多体育设施技术开发有限公司
766 36065 8774104507480 湘财证券股份有限公司北京首体南路证
券营业部
767 1270 0289104486185 驰誉投资（北京）有限公司
768 10629 2465104607615 北京仁和鼎盛科技有限公司
769 28444 6877104528812 北京玉渊潭物业管理集团有限公司第八
分公司
770 27604 6666104587553 北京鑫旺盛物业管理有限公司
771 1628 0370104599478 北京德威华泰设备制造有限公司
772 16353 3846104515195 杭州国新装饰工程有限公司北京分公司
773 2366 0550104521768 北京富来宫会议中心有限公司
774 37685 9166104510706 北京彤鑫装饰工程有限公司
775 3188 0736104503614 北京昊新达物流有限公司
776 23356 5648104561396 北京华盈易初科贸有限公司
777 18670 4441104501751 北京宸展科技有限公司
778 28874 6975104506748 北京宏信恒驰企业管理有限公司
779 8582 1971104577272 北京创新世烨科贸有限公司
780 11641 2704104531676 北京金都阿继继电器销售中心
781 11931 2779104530358 北京道尔道振动控制技术有限公司
-23-
782 19768 4730104481434 北京格雷时尚科技有限公司
783 6535 1506104504925 北京开兰永杰建筑劳务有限公司
784 23203 5612104552713 佳龙投资集团有限公司
785 34798 8473104526518 北京文斌运输有限公司
786 40795 9922104502370 北京中瑞阳光信息技术有限公司
787 31158 7583104492857 中国民生银行股份有限公司
788 21142 5096104580930 北京泰和华旭运输有限公司
789 24385 5884104525971 北京金泰达投资管理公司
790 23707 5732104491127 北京腾达利家具有限公司
791 36720 8930104588929 北京格安利斯气体管道工程技术有限公
司
792 20090 4825104610259 北京市龙源科创石油技术有限公司
793 25035 6042104521411 北京红太阳药业有限公司
794 22806 5518104542624 北京柔远影视文化有限公司
795 5695 1297104491415 北京华路驰汽车技术有限公司
796 33659 8195104566012 北京天正华特房地产开发有限公司
797 22361 5405104497442 北京启能万维科技有限公司
798 34812 8477104548601 北京前程永泰安全防范技术服务有限公
司
799 24363 5880104498166 北京安泰永盛金属材料有限公司
800 2858 0662104547932 中铁六局集团物资工贸有限公司
801 39201 9548104508793 北京交大思诺科技有限公司
802 7583 1746104548244 哈保保险经纪（北京）有限公司
803 3032 0698104548419 北京万兴建筑集团有限公司庞各庄分公
司
804 40306 9805104553402 北京北广传媒移动电视有限公司
805 14294 3354104562303 北京中海奥亿新技术有限公司
806 30991 7540104585145 中铁工程设计院有限公司
807 19765 4728104536205 北京千业达生物科技有限公司
808 4785 1101104578689 奥迪（中国）企业管理有限公司
809 25659 6189104563528 北京金科世纪科技有限公司
810 23164 5605104540412 北京嘉禾瑞丽科贸有限公司
811 36237 8813104518782 北京智伟杰装饰工程有限公司
812 40671 9889104604418 北京富华互成科技有限公司
813 3594 0827104542110 北京辉煌伟业机械租赁有限公司
814 40160 9770104558016 北京易海人龙文化艺术中心
815 38174 9285104546764 北京全美汇科技有限公司
816 9758 2259104532649 中国华电集团物资有限公司
-24-
817 8299 1903104521990 完美世界（北京）网络技术有限公司
818 25885 6245104502778 中国国际贸易促进委员会（中国国际商
会）培训中心
819 18667 4441104494627 北京市房山区良乡医院
820 15975 3764104562938 北京新石田储运有限责任公司
821 4908 1126104590839 北京瑞卓行商贸有限公司
822 21242 5120104495705 北京嘉安国际酒店物业管理有限公司
823 27359 6606104509013 塞尼特（北京）汽车技术服务有限公司
824 4737 1090104508855 北京思诺信安科技有限公司
825 31998 7782104572544 北京世纪新星服装有限公司
826 22653 5482104484049 北京天路恒基市政工程有限公司
827 32433 7888104561210 北京中普罗科技有限公司
828 20674 4978104578980 北京鼎晟祥宇商贸有限公司
829 31991 7781104582742 北京川琦恒邦润滑油有限公司
830 10643 2469104490795 北京联合映像国际影音科技发展有限公
司
831 996 0223104584155 北京龙山兴达科技有限公司
832 24972 6027104492429 北京中环碧洋科技有限公司
833 4511 1034104482328 红惠医药有限公司
834 5725 1304104614057 铁血君客（北京）电子商务有限公司
835 13554 3169104524292 北京宏图三胞科技发展有限公司
836 4348 1000104506889 北京京龙昌商贸有限公司
837 16737 3939104526284 北京东安华业国际经贸有限公司
838 7344 1691104546777 新奥（中国）燃气投资有限公司
839 8909 2051104494547 北京荣埔裕隆科技发展有限公司
840 3808 0879104538831 北京东舟软件有限公司
841 21030 5070104606766 北京瑞平通信技术有限公司
842 26374 6364104539847 易智瑞（中国）信息技术有限公司
843 36598 8900104579587 北京中加伟业房地产开发有限公司
844 1222 0278104574763 北京奥尔斯科技股份有限公司
845 28584 6902104539630 北京万章盈科科技有限公司
846 37163 9036104587227 北京易派特科技发展有限公司
847 16497 3878104539377 北京深秋宏业科贸有限公司
848 25990 6275104510074 北京正华锐博科技有限公司
849 25747 6209104603456 北京瑞星信息技术有限公司
850 37052 9008104522203 北京航连达运输有限公司
851 25361 6119104510464 北京实力源科技开发有限责任公司
852 37590 9145104538285 北京正合永续传媒文化有限公司
-25-
853 16146 3801104542842 北京杰凯物流管理有限公司
854 8388 1923104536185 北京中宇鹏辉服饰有限公司
855 39064 9511104482495 北京市胜方建筑工程公司
856 17960 4255104585821 北京龙成维尔咨询有限公司
857 21339 5147104579523 北京来特威数码科技有限公司
858 39409 9592104604461 北京壹方水环境工程有限公司
859 8308 1905104515013 北京方向标信息科技有限公司
860 32756 7972104491354 北京学府园宾馆
861 39673 9655104555447 新桦宝（北京）文化传媒有限公司
862 40205 9781104492433 北京优购文化发展有限公司
863 13908 3262104549108 北京泰利恒友科技开发有限公司
864 15016 3531104557660 北京南都昊诚电源设备有限责任公司
865 22168 5354104576244 北京万吉鑫鑫商贸有限公司
866 11266 2620104586901 北京医保全新大药房有限责任公司
867 36160 8796104564138 山东威高集团医用高分子制品股份有限
公司北京医疗器械销售分公司
868 38984 9492104550714 北京朝来天陆商业投资管理有限公司
869 26606 6416104608368 北京北奥物业管理有限公司
870 33826 8232104496374 北京对对对科技有限公司
871 34135 8301104491667 北京天华星航科技有限公司
872 956 0215104507811 北京雅林士博建筑工程有限公司
873 16976 3996104514993 大众汽车金融（中国）有限公司
874 14859 3493104507077 国机资产管理公司
875 36060 8773104479009 北京浩溪达工业技术有限公司
876 19649 4694104591046 北京鑫大禹水利建筑工程有限公司
877 25759 6213104567636 北京明航科技发展有限公司
878 26137 6305104539772 北京京威汽车设备有限公司
879 17267 4068104602305 北京云波通达停车管理服务有限公司
880 35949 8746104546279 力行中天投资有限公司
881 6156 1410104510660 北京欣晨汽车维修服务有限公司
882 6443 1485104474885 北京京兴广源商贸有限责任公司
883 36042 8767104525819 东方大洋（北京)国际贸易有限公司
884 36054 8771104494486 北京建平东方不锈钢有限公司
885 26397 6368104540993 北京嘉艺全景文化传媒有限公司
886 4520 1036104548259 北京市好朋友搬家有限公司
887 8826 2030104576423 北京红都世纪休闲服装有限公司
888 37237 9056104565583 柏林伟业（北京）轴承有限责任公司
889 7775 1795104498485 北京北方利创科技有限公司
-26-
890 36709 8926104556047 北京爱维凯闻技术有限责任公司
891 24124 5822104564593 北京思睿捷聪科技发展有限公司
892 18442 4379104601971 万达电影院线股份有限公司
893 40151 9767104574431 北京安成国际贸易有限公司
894 17268 4068104613972 北京赛博兴安科技有限公司
895 5250 1198104521268 北京东森柏茂科技有限公司
896 21940 5297104602114 中国黑色金属材料北京公司
897 12466 2908104602322 北京天合丰石油科技有限公司
898 21582 5206104528032 北京宝辰欧雅汽车销售服务有限公司
899 20169 4849104502100 北京沃华中科技术服务有限公司
900 17319 4085104496031 北京凤飞芳铭酒店管理有限公司
901 1004 0226104532911 北京盛福慧达物业服务有限公司
902 18627 4429104503251 北京安达维尔机械维修技术有限公司
903 40498 9846104541041 北京联合拓扑人力资源咨询有限公司
904 33036 8043104610026 北京四汇建筑工程有限责任公司
905 2917 0676104539253 中国民生银行股份有限公司信用卡中心
906 24406 5889104503377 北京昆仑在线网络科技有限公司
907 20615 4966104522136 北京电影电视艺术家协会
908 1287 0291104598991 北京市正和华海科贸有限公司
909 13443 3142104483496 北京赛诚工控科技有限责任公司
910 19416 4635104604810 北京知行慧科教育科技有限公司
911 33315 8110104568178 北京东港嘉华安全信息技术有限公司
912 22142 5347104584684 北京易诚优科机电设备有限公司
913 13473 3152104539570 北京建筑机械化研究院
914 26600 6415104566447 北京宇轩天欣投资咨询有限公司
915 33230 8090104524081 北京润永新太阳投资有限公司
916 4164 0961104502304 北京国电天昱电力工程有限公司
917 18968 4520104508118 北京七星飞行电子有限公司
918 29734 7199104524230 北京诚邦通科贸有限公司
919 17648 4167104502625 北京金丰鸿达物流中心
920 2440 0566104480499 北京泓博信息技术有限公司
921 40038 9742104581225 北京天利流程技术有限公司
922 31209 7593104552305 中联国贸（北京）铝业有限公司
923 31012 7544104587601 北京豫龙天成建筑工程有限公司
924 9703 2243104608407 北京大唐华夏电力燃料有限公司
925 15693 3695104601251 北京鑫展望物流有限公司
926 1919 0441104484179 北京宝翔瑞达科技有限公司
927 40822 9928104496786 北京秦唐兴盛酒店投资管理有限公司
-27-
928 9610 2224104518631 北京国泰世纪科技发展有限公司
929 14121 3316104572384 北京五高传媒广告有限责任公司
930 7183 1656104584901 北京铭启会计服务有限责任公司
931 4178 0964104495663 北京美瑞绿康生物科技有限公司
932 5969 1366104585390 中际联合（北京）科技股份有限公司
933 41063 9988104604086 北京瑞奇恩互感器设备有限公司
934 34946 8506104592162 中元国信信用融资担保有限公司
935 28643 6916104603564 北京京云威龙机械厂
936 7060 1628104504960 北京天峰华昊建材有限公司
937 3006 0693104527608 优视科技有限公司
938 33137 8070104522295 北京优鼎优餐饮管理有限公司第一分公
司
939 1991 0460104542380 北京芝麻花餐饮有限公司
940 25020 6039104561065 国药集团财务有限公司
941 7540 1734104509697 北京市旧机动车交易市场有限公司
942 23795 5754104583055 北京闼闼饰佳工贸有限公司
943 29474 7135104514231 北京爱普特科技发展有限公司
944 3394 0779104586634 博大时代（北京）印刷有限公司
945 28922 6987104483735 思博赛尔（北京）国际贸易有限公司
946 37414 9103104603867 北京铭和京创贸易有限公司
947 26678 6431104485068 北京诚益通控制工程科技股份有限公司
948 31782 7733104552154 北京都宇设备安装工程有限公司
949 13135 3070104536465 北京麦迪海药业有限责任公司
950 17776 4201104510088 北京德鸿增瑞投资咨询有限公司
951 34612 8416104563695 北京丽波服装服饰有限公司
952 32962 8021104579005 北京赛邦包装有限公司
953 2521 0583104482802 北京盛智康达科技发展有限公司
954 14879 3497104558625 中国投资有限责任公司
955 2080 0485104500491 北京博信瑞意科技有限公司
956 28533 6894104567624 北京友融润达科技发展有限公司
957 9487 2198104493579 北京航天卫通测控设备研究所
958 23333 5642104492862 中国民生银行股份有限公司
959 28338 6845104483333 鳌智顾问（北京）有限公司
960 22487 5440104553608 北京艾普克斯科技发展有限公司
961 20907 5039104615556 北京深蓝融通科技有限公司
962 32791 7981104489196 北京海森林会展服务有限公司
963 40437 9835104507582 北京迅迪安业科技发展有限公司
964 12233 2849104497315 北京联创瑞思教育科技有限公司
-28-
965 29138 7050104540570 北京金红晨科技有限公司
966 30348 7359104607021 道达国际包装运输（北京）有限公司
967 22194 5364104527577 北京朗晏科技有限公司
968 19641 4691104510606 北京向阳宏达建筑工程有限公司
969 39071 9513104614219 北京冰河大地文化传播有限公司
970 26170 6314104497902 北京碧瑞能科技发展有限公司
971 1158 0262104556568 北京美德泰克科技发展有限公司
972 26946 6504104523575 禾银投资基金管理（北京）有限公司
973 27743 6699104540848 北京绘事后素展览展示有限公司
974 33742 8213104552944 北京科瑞明软件有限公司
975 36015 8761104482313 北京嘉昱祥和科技有限公司
976 16243 3824104603071 北京星网卫通科技开发有限公司
977 1736 0400104568071 北京静之湖度假酒店有限公司
978 27618 6669104502927 北京超世博亚商贸中心
979 21895 5286104576354 北京动力源科技股份有限公司
980 19393 4629104554281 魔利互通（北京）信息技术有限公司
981 16356 3847104564095 北京韦斯潘科技发展有限公司
982 9041 2083104579595 中泰创展控股有限公司
983 37459 9115104536776 北京市八仙房地产开发有限责任公司
984 13686 3201104492064 中国国储能源化工集团股份公司销售分
公司
985 12330 2871104514497 北京市延庆县绿十字生态文化传播中心
986 3448 0791104530022 北京市汉衡律师事务所
987 26185 6317104554533 北京艺堂印刷有限公司
988 32866 7999104606540 北京世纪支点科技发展有限责任公司
989 111 0026104561234 北京华宇航昕金属材料有限公司
990 38688 9413104501687 北京芙蓉源园林绿化有限公司
991 20788 5010104575942 中铁十六局集团有限公司
992 4799 1105104485123 北京金润达物业管理有限公司
993 20619 4967104501501 中节能咨询有限公司
994 4113 0949104540411 北京家美迪克浴室设备有限公司
995 15863 3736104607516 北京东昆佳业科技发展有限公司
996 24472 5904104606824 北京泰达恒科技发展有限公司
997 17241 4062104611141 北京峰尚圣宴餐饮有限公司
998 15371 3615104575559 北京优贝百祺儿童用品有限公司
999 39688 9657104531558 北京寰宇恒通汽车有限公司
1000 15221 3580104540894 北京赛思信安技术有限公司
1001 7038 1623104493093 美卓时代润滑油（北京）有限公司
-29-
1002 33825 8231104508880 北京浩晨志远电子技术有限公司
1003 28079 6784104536198 北京中科伏瑞电气技术有限公司
1004 16618 3907104600180 国金黄金集团有限公司
1005 7667 1770104483812 北京艾特博科技有限公司
1006 5220 1191104578112 北京艺鸿博雅装饰工程有限公司
1007 9893 2290104552148 北京圣特尔科技发展有限公司
1008 19979 4794104507791 青创海业环保科技（北京）有限公司
1009 26952 6505104545498 隆泰昌祥商贸（北京）有限公司
1010 26797 6461104532970 北京世德威特科技发展有限公司
1011 22983 5559104490147 北京嘉林药业股份有限公司
1012 1438 0323104505076 北京祥福永佳投资管理有限公司
1013 8946 2059104608558 北京金奥恒华制冷设备有限公司
1014 11867 2762104613611 北京邺泰建筑工程有限公司
1015 36316 8833104512897 洛娃科技实业集团有限公司
1016 2979 0688104490053 北京怡海晨清洁服务有限责任公司
1017 39662 9653104574381 北京市好家庭体育发展有限公司
1018 16809 3956104553901 北京荣华兴业印刷技术有限公司
1019 26901 6491104582926 北京奥特邦润生物科技有限公司
1020 37124 9025104552351 北京翔飞科技有限公司
1021 27889 6737104551597 北京中都格罗唯视物流有限公司
1022 38961 9486104528653 中铁房地产集团北京金达世纪房地产开
发有限公司
1023 28597 6905104604153 北京华盛贵金属材料有限公司
1024 21485 5187104567666 东方时尚驾驶学校股份有限公司
1025 22147 5348104587332 朗润元教育科技（北京）有限责任公司
1026 7125 1644104477960 北京市八方资源科技有限责任公司
1027 29630 7174104550838 北京禹翼嘉华科技有限公司
1028 20152 4844104488604 北京三维新动力医疗科技有限公司
1029 32886 8004104583893 北京美世得汽车零部件制造有限公司
1030 25609 6174104548485 北京万兴建筑集团有限公司
1031 12248 2851104599694 光大国际建设工程总公司
1032 23322 5638104602832 北京七星天河物业管理有限公司
1033 4173 0963104563112 北京綦齿机电有限公司
1034 9318 2155104612168 北京大众在线网络技术有限公司
1035 16330 3842104487706 北京华威柯隆电气科技发展有限公司
1036 9511 2202104515494 北京立兴伟业科技有限公司
1037 20842 5023104592461 北京东方国汇环境技术有限公司
1038 6019 1376104486010 北京经投伟业资产管理有限公司
-30-
1039 7111 1640104477992 北京天勤基业科贸有限公司
1040 34669 8433104553272 北京东云创达科技有限公司
1041 6206 1423104481509 北京天天印艺科技发展有限公司
1042 5915 1356104483786 北京东方华脉工程设计有限公司
1043 14429 3386104509503 北京德懋威投资有限公司
1044 15706 3698104472545 北京古可文化传播有限公司
1045 19350 4617104547742 北京金鸿基物业管理有限责任公司
1046 36968 8987104615863 北京睿智思通营销顾问有限公司
1047 14487 3399104471873 北京耐特兴业科技有限公司
1048 33361 8120104551687 北京派瑞威行广告有限公司
1049 20662 4976104540989 北京博朗金盛科贸有限公司
1050 21494 5189104569598 北京锦宏盛祥装饰有限公司
1051 18694 4447104601951 北京光华欣锐贸易发展有限公司
1052 39677 9656104508806 北京中科国信科技股份有限公司
1053 12787 2986104611209 北京马达斯燃气技术发展有限公司
1054 19212 4584104496972 北京兆兴纸制品有限责任公司
1055 20263 4875104500077 北京景泰隆园林绿化有限公司
1056 35979 8752104505190 北京中源国财绩效管理与评估服务中心
1057 40597 9874104615059 北京中嘉恒通物业管理有限公司
1058 36247 8815104491558 北京首汽汽车修理有限公司
1059 26635 6422104534449 北京宏安力创科技有限公司
1060 39209 9549104576260 北京市朝阳田华建筑集团公司田五二队
1061 21378 5159104512930 北京华宇启梦科技有限公司
1062 40941 9955104595677 北京瑞展国际展览展示有限公司
1063 35180 8568104557111 北京弘富伟业科技有限公司
1064 1188 0271104532603 北京澜陵鸿佳工贸有限公司
1065 10735 2491104509287 北京瑞尚华明电气设备有限公司
1066 19231 4589104527612 优视科技有限公司
1067 4773 1099104577675 北京中兴宏远经贸有限公司
1068 37928 9219104488724 北京兴通盛达科技有限公司
1069 36651 8914104514591 优世信达（北京）国际商务有限公司
1070 26805 6462104615237 北京泽全广告有限公司
1071 23251 5624104579976 北京中创整合文化发展有限公司
1072 33643 8191104488082 北京厚德天赢科技有限公司
1073 9698 2243104547483 北京华宇天奴科贸有限公司
1074 33347 8116104606448 耐特康赛网络技术（北京）有限公司
1075 30918 7523104493085 北京金安盛翔科技有限公司
1076 21974 5306104589525 北京易霖基业科技发展有限公司
-31-
1077 24532 5917104584017 北京高盛传智营销顾问有限公司
1078 12892 3008104513410 北京中铁诚业工程建设监理有限公司
1079 2136 0496104607243 北京南银物业管理有限公司
1080 26293 6343104583796 北京飞天文化艺术有限公司
1081 33752 8215104487812 通号国际控股有限公司
1082 37383 9096104492013 北京安士达电信技术有限责任公司
1083 40605 9876104486881 景德镇普天凯特通信设备有限公司北京
分公司
1084 11393 2650104553702 华铁工程咨询有限责任公司
1085 6916 1595104501066 北京科旭威尔科技有限公司
1086 10535 2436104523583 北京锐安科技有限公司
1087 26075 6292104537195 博亚微睿(北京)电子有限公司
1088 21466 5183104523525 北京万厦装饰设计工程有限公司
1089 10029 2316104530779 北京国能日新系统控制技术有限公司
1090 25709 6200104577157 北京信安世纪科技有限公司
1091 9016 2076104544741 北京峰跃强联商贸有限公司
1092 13291 3104104592710 北京博瑞恩特科技有限公司
1093 6379 1468104489827 北京金橙子科技有限公司
1094 11850 2759104550906 北京中海技创科技发展有限公司
1095 13241 3093104550981 河北绿城园林绿化工程有限公司北京杨
镇分公司
1096 4971 1139104602272 中国铁建电气化局集团有限公司
1097 119 0028104490779 北京水星投资管理有限责任公司
1098 32195 7829104626462 北京航天万达高科技有限公司
1099 17674 4174104528156 北京北方汽车租赁有限公司
1100 37825 9197104522062 北京久恒送变电工程安装有限公司第一
分公司
1101 34971 8511104557267 北京华美明天房地产经纪有限公司
1102 39357 9581104504166 北京东鼎服装商品批发市场有限公司
1103 26165 6313104531522 经纬纺织机械股份有限公司
1104 29979 7263104531864 北京中科金辰科技发展有限公司
1105 20555 4951104589281 北京燕山多元汽车修理厂
1106 29408 7116104562744 中石油铁工油品销售有限公司
1107 39404 9592104525688 北京轩宇建筑工程有限公司第四分公司
1108 11448 2662104539401 北京国建海成劳务服务有限公司
1109 27705 6690104534826 北京德神动力体育发展有限公司
1110 34112 8294104561263 北京奥思得建筑设计有限公司
1111 342 0072104574236 中国富莱德实业公司
-32-
1112 5458 1242104483998 北京丽景恒贸易有限公司
1113 25110 6057104492342 速得尔科技（北京）有限公司
1114 337 0071104606769 北京科力博桑食品有限责任公司
1115 23787 5752104563466 中联正安消防工程有限公司
1116 35387 8619104481580 天津欧神诺置业有限公司北京物业管理
分公司
1117 38164 9283104574030 北京南大电缆有限公司
1118 8696 1997104481241 银谷制药有限责任公司
1119 19812 4745104563747 北京安控科技股份有限公司
1120 7759 1790104574919 北京企诚行房地产经纪有限公司
1121 15186 3573104487740 北京圣怡德自动化设备有限公司
1122 16777 3949104556874 北京仁通永盛机械设备有限公司
1123 38657 9402104590753 中信物业服务有限公司北京分公司
1124 13145 3072104591628 北京达世行汽车销售有限公司
1125 683 0151104551280 北京乐彩网科技有限公司
1126 20056 4817104575704 北京金至泰克科技有限公司
1127 24539 5919104563129 北京胜信商务服务有限公司
1128 10124 2337104576869 福成肥牛餐饮管理有限公司北京顺义仁
和分店
1129 11291 2625104553542 北京雷蒙赛博机电技术有限公司
1130 7921 1829104533559 北京远大信通建设工程有限公司
1131 2017 0466104546415 中金数据系统有限公司
1132 35212 8577104501209 北京中科智达科技有限公司
1133 16079 3788104538491 北京银天装饰工程有限公司
1134 40672 9889104618754 北京环周永兴商贸有限公司
1135 5634 1284104598588 万达商业规划研究院有限公司
1136 13151 3075104472045 北京中起圣达起重吊索具有限公司
1137 21865 5278104527067 中安（北京）保安服务有限公司
1138 24822 5994104486341 北京思诺兴业测控技术有限公司
1139 31095 7565104599699 光大国际建设工程总公司
1140 37782 9189104558839 北京万兴建筑集团有限公司二分公司
1141 31880 7760104538419 北京金桐瑞源园林绿化工程有限公司
1142 10018 2314104573943 北京世纪二千网络资讯有限公司
1143 23438 5668104578854 北京京谷友好医院
1144 32711 7963104537022 北京力天拿石材有限公司
1145 20157 4845104596382 北京车谷汽车销售有限公司
1146 3558 0818104559335 北京瑞泰达机械设备有限责任公司
1147 29295 7090104599633 海丰通航科技有限公司
-33-
1148 6043 1381104566253 富通九州（北京）科技有限公司
1149 29178 7062104550599 北京望湖公园经营管理有限公司
1150 18969 4520104527071 北京红冶嘉盛弹簧科技有限公司
1151 7922 1829104617038 北京美通新港汽车销售服务有限公司
1152 32538 7917104573983 中广建（北京）设计咨询有限公司
1153 12384 2887104507782 北京宝利捷货物运输有限公司
1154 9915 2295104491851 北京临源兴业建筑工程有限公司
1155 22639 5479104522766 北京正有网络通信技术股份有限公司
1156 18195 4316104572241 北京海运启明国际酒店有限公司
1157 700 0156104480462 北京高盟新材料股份有限公司
1158 13021 3044104481438 北京格雷时尚科技有限公司
1159 29296 7090104607967 中鼎天机械设备（北京）有限公司
1160 499 0106104526879 北京阳光美景园林绿化工程有限公司
1161 4869 1119104537739 老房子（北京）投资顾问有限公司
1162 29280 7088104528940 北京煜能电仪自动化技术有限公司
1163 157 0035104530617 中华少年儿童慈善救助基金会
1164 19785 4736104514171 北京帆悦信息技术有限公司
1165 32095 7804104490926 北京百宜味餐饮管理有限公司望京分公
司
1166 6245 1431104562658 北京恒泰鸿达科技有限责任公司
1167 30493 7399104495828 北京梧桐雨世纪商贸有限公司
1168 25552 6162104503216 北京安达维尔科技有限公司
1169 35818 8718104555982 北京威创科印图文设计有限公司
1170 10637 2468104484574 北京沃得通达重工机械设备有限公司
1171 13522 3160104573133 北京昌联印刷有限公司
1172 13342 3118104508188 北京十亿久科自动化科技有限公司
1173 18716 4453104584955 北京宏阳建设工程有限公司
1174 23145 5599104560974 河北建设集团有限公司北京八分公司
1175 16993 4000104535261 北京费森尤斯卡比医药有限公司
1176 5168 1181104515328 北京瑞源亦德科技有限公司
1177 34453 8375104554769 葛洲坝能源重工有限公司
1178 5946 1362104532927 国核保险经纪有限公司
1179 34103 8293104524484 北京澳瑞特世纪健身器材销售有限公司
1180 38239 9298104524167 北京华隆机电工程有限公司
1181 31876 7760104477575 北京安创世纪电子技术有限公司
1182 18497 4396104483832 量子创新（北京）信息技术有限公司
1183 22061 5327104530014 北京元垣建华建筑科技有限公司
1184 33437 8138104561315 北京利祥制药有限公司
-34-
1185 41114 9999104548016 北京博源粉末冶金有限公司
1186 10594 2456104588685 北京市北成建业检测科技有限公司
1187 22829 5521104547901 北京普泰丰医疗器械有限公司
1188 6165 1413104604654 北京科园信海医药经营有限公司
1189 18033 4279104575867 北京天通好爱佳社区服务有限公司
1190 28554 6898104544143 北京华清艺境工程设计咨询有限公司
1191 12451 2903104588596 北京云基物宇科技有限公司
1192 8845 2036104530291 北京锦和添恒房地产经纪有限公司
1193 36640 8911104612111 北京易通宏达科技有限公司
1194 30596 7436104473042 北京祥瑞龙源商贸有限公司
1195 32913 8009104599111 北京市同安科技开发公司
1196 2601 0598104540533 北京华成智云软件有限公司
1197 9862 2281104592447 天风期货有限公司北京营业部
1198 3654 0840104613789 北京世纪超星信息技术发展有限责任公
司
1199 617 0135104538762 中国国际贸易中心有限公司
1200 13912 3263104557479 华浩信通信息技术（北京）有限公司
