
         1                 1      0006104727350      中冀斯巴鲁（北京）汽车销售有限公司 

         2                 2      0020104753056      北京闻泰蓝月商贸有限公司 

         3                 3      0035104786097      交银康联人寿保险有限公司北京市分公司 

         4                 4      0036104631669      北京掌上众游信息技术有限公司 

         5                 5      0037104779318      北京欣然洁净保洁服务中心 

         6                 6      0045104757309      北京新凤凰城房地产开发有限公司 

         7                 7      0060104627603      北京有色金属研究总院 

         8                 8      0060104713948      中青旅国际会议展览有限公司 

         9                 9      0063104639869      柒一拾壹（北京）有限公司 

        10                10      0067104774594      北京利盛源建筑物拆除有限公司 

        11                11      0077104670147      利星行天竺之星汽车有限公司 

        12                12      0081104626090      北京畅游天下网络技术有限公司 

        13                13      0085104624685      北京松果电子有限公司 

        14                14      0090104706926      北京宁好红映商贸有限公司 

        15                15      0096104690797      北京国信创新科技有限公司 

        16                16      0105104727349      中冀斯巴鲁（北京）汽车销售有限公司 

        17                17      0115104665168      北京北方创业出租汽车有限公司 

        18                18      0126104667360      北京市城德建设工程有限公司 

        19                19      0144104706298      北京德宝恒泰商贸有限公司 

        20                20      0150104639932      北京万象信息技术有限公司 

        21                21      0160104673775      北京央广联合传媒投资有限公司 

                                     -1- 

----------------------- Page 2-----------------------

        22                22      0163104628337      北京页川斯达汽车销售服务有限公司 

        23                23      0176104768250      重庆长安汽车股份有限公司北京长安汽车公司 

        24                24      0182104625973      维特瑞控制工程技术（北京）有限公司 

        25                25      0185104729843      北京科荣达新技术有限公司 

        26                26      0188104713922      中青旅国际会议展览有限公司 

        27                27      0193104680558      北京欧尚建筑工程有限公司 

        28                28      0202104755219      北京伟业联合房地产顾问有限公司 

        29                29      0232104728581      北京首都国际机场股份有限公司 

        30                30      0242104653048      北京秀水街房地产开发有限责任公司 

        31                31      0252104682256      鹤岗市人民政府驻北京联络处 

        32                32      0256104815326      北京市龙鼎华源房地产开发有限责任公司 

        33                33      0276104776098      北京根德科贸集团 

        34                34      0280104784077      北京北信源软件股份有限公司 

        35                35      0287104659833      北京新通惠捷区域电动小客车出租有限公司 

        36                36      0289104624521      北京瑞和新能电气技术有限公司 

        37                37      0290104677936      北京市朝阳区黑庄户乡大鲁店一村经济合作社 

        38                38      0292104759273      北京京华文轩图书有限公司 

        39                39      0325104784499      北京骏马客运有限公司 

        40                40      0327104784498      北京骏马客运有限公司 

        41                41      0333104698590      北京京宝行汽车销售服务有限公司 

        42                42      0337104684376      贝壳网际（北京）安全技术有限公司 

        43                43      0352104658355      北京东润环能科技股份有限公司 

        44                44      0355104664564      北京瑞博赛工贸有限公司 

        45                45      0356104773951      北京市欧陆佳艺商贸有限公司 

        46                46      0379104786104      交银康联人寿保险有限公司北京市分公司 

        47                47      0386104667820      乐普（北京）医疗器械股份有限公司 

        48                48      0392104670138      利星行天竺之星汽车有限公司 

        49                49      0402104630116      北京中税律师事务所 

        50                50      0404104673661      海湾环境科技（北京）股份有限公司 

        51                51      0415104786082      交银康联人寿保险有限公司北京市分公司 

        52                52      0416104627611      北京有色金属研究总院 

        53                53      0430104660254      北京乐动卓越科技有限公司 

                                       -2- 

----------------------- Page 3-----------------------

        54                54      0432104658059      北京大东创意展览展示有限公司 

        55                55      0437104784075      北京北信源软件股份有限公司 

        56                56      0444104682032      北京环耀汽车服务有限公司 

        57                57      0458104641863      北京中润发汽车销售有限公司 

        58                58      0463104727337      中冀斯巴鲁（北京）汽车销售有限公司 

        59                59      0465104656315      北京九州迅驰传媒文化有限公司 

        60                60      0470104682230      北京同仁堂京北企业管理有限公司 

        61                61      0471104624539      北京辰源创新电气工程有限公司 

        62                62      0482104653179      中国国际航空股份有限公司 

        63                63      0487104652388      荣盛泰发（北京）投资基金管理股份有限公司 

        64                64      0489104705482      清投视讯（北京）科技有限公司 

        65                65      0493104785188      北京市金元子商贸有限公司 

        66                66      0525104625966      维特瑞控制工程技术（北京）有限公司 

        67                67      0542104773458      北京阳光大河国际商务会馆有限公司 

        68                68      0545104639878      柒一拾壹（北京）有限公司 

        69                69      0557104653941      中国黄金集团黄金珠宝有限公司 

        70                70      0559104660232      北京乐动卓越科技有限公司 

        71                71      0568104728582      北京首都国际机场股份有限公司 

        72                72      0576104625972      维特瑞控制工程技术（北京）有限公司 

        73                73      0590104627604      北京有色金属研究总院 

        74                74      0594104656563      北京神州灵山叶腊石有限公司 

        75                75      0614104756001      北京市平谷区天伦老年公寓 

        76                76      0620104731928      北京展辰新材料有限公司 

        77                77      0629104751707      北京义翘神州生物技术有限公司 

        78                78      0630104673256      北京独峰科技发展有限公司 

        79                79      0631104656567      北京神州灵山叶腊石有限公司 

        80                80      0637104727351      中冀斯巴鲁（北京）汽车销售有限公司 

        81                81      0649104697257      北京路旺兴电气设备安装有限公司 

        82                82      0649104719840      北京未来科技城开发建设有限公司 

        83                83      0657104625967      维特瑞控制工程技术（北京）有限公司 

        84                84      0659104627594      北京有色金属研究总院 

        85                85      0669104784082      北京北信源软件股份有限公司 

        86                86      0671104639874      柒一拾壹（北京）有限公司 

        87                87      0677104706601      爱丽国际广告（北京）有限公司 

        88                88      0689104696985      北京汉威大厦物业有限公司 

        89                89      0694104786730      北京市警视达机电设备研究所有限公司 

        90                90      0712104681911      农业部食物与营养发展研究所 

                                          -3- 

----------------------- Page 4-----------------------

        91                91      0713104696984      北京汉威大厦物业有限公司 

        92                92      0717104625977      维特瑞控制工程技术（北京）有限公司 

        93                93      0722104673463      北京华生伟业工贸有限公司 

        94                94      0735104727355      中冀斯巴鲁（北京）汽车销售有限公司 

        95                95      0735104733701      北京天时恒生商贸有限公司 

        96                96      0735104775708      俄罗斯铁路北京代表处 

        97                97      0740104658500      北京尼吉电子技术有限公司 

        98                98      0750104639822      柒一拾壹（北京）有限公司 

        99                99      0768104708314      北京傲威卓越虚拟技术服务有限责任公司 

       100               100      0770104684861      易企达（北京）科技有限公司 

       101               101      0774104705858      北京平安力合科技发展股份有限公司 

       102               102      0777104682225      北京同仁堂京北企业管理有限公司 

       103               103      0780104660251      北京乐动卓越科技有限公司 

       104               104      0801104783110      北京军友诚信质量认证有限公司 

       105               105      0801104789217      阳光壹佰置业集团有限公司 

       106               106      0830104660239      北京乐动卓越科技有限公司 

       107               107      0831104786100      交银康联人寿保险有限公司北京市分公司 

       108               108      0832104657428      北京豪鼎兄弟商贸有限公司 

       109               109      0832104787171      北京市格瑞特建筑装饰工程有限责任公司 

       110               110      0836104670146      利星行天竺之星汽车有限公司 

       111               111      0864104670142      利星行天竺之星汽车有限公司 

       112               112      0869104727341      中冀斯巴鲁（北京）汽车销售有限公司 

       113               113      0896104731295      北京市首都公路发展集团有限公司 

       114               114      0912104781376      中国太平洋经济合作全国委员会粮农资源开发工作委员会 

       115               115      0914104784935      北京讯诚律师事务所 

       116               116      0914104815327      北京市龙鼎华源房地产开发有限责任公司 

       117               117      0935104653945      中国黄金集团黄金珠宝有限公司 

       118               118      0940104755215      北京伟业联合房地产顾问有限公司 

       119               119      0956104719834      北京未来科技城开发建设有限公司 

       120               120      0961104758931      北京安邦电子技术研究所 

       121               121      0962104720628      北京嘉园秋实科技有限公司 

       122               122      0987104640630      北京招金颐和文化投资有限公司 

       123               123      0995104719839      北京未来科技城开发建设有限公司 

                                        -4- 

----------------------- Page 5-----------------------

       124               124      0997104657532      北京格林吉能源科技有限公司 

       125               125      1009104626095      北京畅游天下网络技术有限公司 

       126               126      1037104679656      北京市群英印刷有限公司 

       127               127      1040104693143      北京网库互通信息技术有限公司 

       128               128      1051104626076      北京畅游天下网络技术有限公司 

       129               129      1053104746720      北京能源协会 

       130               130      1061104678589      北京国电电力工程有限公司东明分公司 

       131               131      1065104685336      北京天通瑞汽车贸易有限公司 

       132               132      1075104694680      北京国电恒通电力工程有限公司 

       133               133      1093104653953      中国黄金集团黄金珠宝有限公司 

       134               134      1126104676087      北京硕人时代科技股份有限公司 

       135               135      1134104653183      中国国际航空股份有限公司 

       136               136      1151104667253      北京聚利科技股份有限公司 

       137               137      1154104660241      北京乐动卓越科技有限公司 

       138               138      1159104625976      维特瑞控制工程技术（北京）有限公司 

       139               139      1168104693469      北京浙澳文仪家具有限公司 

       140               140      1171104653952      中国黄金集团黄金珠宝有限公司 

       141               141      1177104754909      燕南国创科技（北京）有限公司 

       142               142      1186104678587      北京国电电力工程有限公司东明分公司 

       143               143      1187104653170      中国国际航空股份有限公司 

       144               144      1212104628335      北京页川斯达汽车销售服务有限公司 

       145               145      1226104657384      北京市卓英律师事务所 

       146               146      1231104664610      河北佳泰商务发展有限公司北京朝阳分公司 

       147               147      1231104670892      重庆元炳律师事务所北京分所 

       148               148      1232104654963      北京锐豪天宇科技有限公司 

       149               149      1233104680213      北京能安建设工程有限公司 

       150               150      1235104626075      北京畅游天下网络技术有限公司 

       151               151      1241104662835      东华软件股份公司 

       152               152      1258104653968      中国黄金集团黄金珠宝有限公司 

       153               153      1262104752601      北京黄村诚意顺达汽车修理厂 

       154               154      1266104628336      北京页川斯达汽车销售服务有限公司 

       155               155      1266104660258      北京乐动卓越科技有限公司 

       156               156      1271104624070      北京市密云县青春榜样残疾人社会工作事务所 

       157               157      1276104641871      北京中润发汽车销售有限公司 

       158               158      1283104628361      北京联众互动网络股份有限公司 

       159               159      1285104653044      北京秀水街房地产开发有限责任公司 

                                         -5- 

----------------------- Page 6-----------------------

       160               160      1296104641885      北京中润发汽车销售有限公司 

       161               161      1328104627585      北京有色金属研究总院 

       162               162      1328104714558      北京市广渡律师事务所 

       163               163      1352104767336      北京海融天宇科技有限公司 

       164               164      1354104653178      中国国际航空股份有限公司 

       165               165      1358104653959      中国黄金集团黄金珠宝有限公司 

       166               166      1370104805087      北京市平谷区绿都林科技示范园 

       167               167      1387104698906      北京市海淀区同仁财会培训学校 

       168               168      1398104620850      北京市美林嘉怡标牌制作中心 

       169               169      1400104758430      盛景网联科技股份有限公司 

       170               170      1410104626086      北京畅游天下网络技术有限公司 

       171               171      1414104768248      重庆长安汽车股份有限公司北京长安汽车公司 

       172               172      1424104783638      北京房修一物业管理有限公司 

       173               173      1429104684374      贝壳网际（北京）安全技术有限公司 

       174               174      1434104626582      北京避风塘餐饮管理有限公司 

       175               175      1434104693265      北京林大林业科技股份有限公司 

       176               176      1456104660021      北京华贸奥苑房地产开发有限公司 

       177               177      1462104692875      北京莆田企业商会 

       178               178      1465104728110      北京中青旅业汽车销售服务有限公司 

       179               179      1493104713949      中青旅国际会议展览有限公司 

       180               180      1503104641874      北京中润发汽车销售有限公司 

       181               181      1523104625974      维特瑞控制工程技术（北京）有限公司 

       182               182      1523104682229      北京同仁堂京北企业管理有限公司 

       183               183      1530104627587      北京有色金属研究总院 

       184               184      1542104653957      中国黄金集团黄金珠宝有限公司 

       185               185      1545104653173      中国国际航空股份有限公司 

       186               186      1546104626091      北京畅游天下网络技术有限公司 

       187               187      1546104774172      江苏尧塘园林绿化集团有限公司北京分公司 

       188               188      1562104625964      维特瑞控制工程技术（北京）有限公司 

       189               189      1568104637375      北京城市捷运汽车贸易有限公司 

       190               190      1569104694620      北京玻钢院复合材料有限公司 

       191               191      1576104750025      北京义宝诚汽车维修有限公司 

       192               192      1578104628147      北京扩世科技有限公司 

       193               193      1584104639873      柒一拾壹（北京）有限公司 

       194               194      1586104784083      北京北信源软件股份有限公司 

       195               195      1595104628339      北京页川斯达汽车销售服务有限公司 

                                         -6- 

----------------------- Page 7-----------------------

       196               196      1595104705915      精诚创信电器设备制造（北京）有限公司 

       197               197      1607104785189      北京市金元子商贸有限公司 

       198               198      1619104694681      北京国电恒通电力工程有限公司 

       199               199      1625104697305      北京世纪星空影业投资有限公司丰台分公司 

       200               200      1635104768736      视界环球（北京）文化传媒有限公司 

       201               201      1637104705850      北京平安力合科技发展股份有限公司 

       202               202      1649104815337      北京市龙鼎华源房地产开发有限责任公司 

       203               203      1660104680487      北京叶工建筑装饰工程设计有限公司 

       204               204      1660104775913      北京华顺德电力工程有限公司 

       205               205      1666104656304      北京市丰台区东铁营街道法律服务所 

       206               206      1673104624733      北京北星行汽车销售有限公司 

       207               207      1677104785190      北京市金元子商贸有限公司 

       208               208      1682104750396      北京天山红贸易有限公司 

       209               209      1694104653950      中国黄金集团黄金珠宝有限公司 

       210               210      1707104626083      北京畅游天下网络技术有限公司 

       211               211      1717104624518      北京瑞和新能电气技术有限公司 

       212               212      1724104653172      中国国际航空股份有限公司 

       213               213      1736104681171      北京睿博美佳商贸有限公司 

       214               214      1747104786110      交银康联人寿保险有限公司北京市分公司 

       215               215      1758104764440      北京爱义行汽车服务有限责任公司 

       216               216      1769104678590      北京国电电力工程有限公司东明分公司 

       217               217      1775104768357      北京北恒建筑装饰工程有限公司 

       218               218      1777104656836      农银国际企业管理有限公司 

       219               219      1781104710778      北京永联伟业电气设备安装有限公司 

       220               220      1787104694629      北京玻钢院复合材料有限公司 

       221               221      1801104783111      北京军友诚信质量认证有限公司 

       222               222      1814104678591      北京国电电力工程有限公司东明分公司 

       223               223      1829104784956      北京雅信诚商务服务有限公司 

       224               224      1862104670220      北京北斗星通导航技术股份有限公司 

       225               225      1863104670143      利星行天竺之星汽车有限公司 

       226               226      1879104745883      北京市保安服务总公司 

       227               227      1884104707952      森特士兴集团股份有限公司 

       228               228      1893104665169      北京北方创业出租汽车有限公司 

       229               229      1901104747852      北京融和创科技有限公司 

                                         -7- 

----------------------- Page 8-----------------------

       230               230      1919104785191      北京市金元子商贸有限公司 

       231               231      1930104703644      北京华盛捷通公路养护有限公司 

       232               232      1931104713260      北京东方富力建筑安装工程有限公司 

       233               233      1942104694368      北京汇智冠捷国际广告有限公司 

       234               234      1945104641878      北京中润发汽车销售有限公司 

       235               235      1946104705854      北京平安力合科技发展股份有限公司 

       236               236      1947104726698      北京北铃专用汽车有限公司 

       237               237      1949104660238      北京乐动卓越科技有限公司 

       238               238      1956104758965      汇龙森欧洲科技（北京）有限公司 

       239               239      1958104751482      金莱福（加拿大）投资集团有限公司北京代表处 

       240               240      1960104763797      北京市朝阳区明圆学校 

       241               241      1961104660256      北京乐动卓越科技有限公司 

       242               242      1979104653171      中国国际航空股份有限公司 

       243               243      1983104752248      北京东方藏素餐饮有限公司 

       244               244      2006104627445      中交一公局第五工程有限公司 

       245               245      2016104657448      金鼎租赁有限公司 

       246               246      2024104786489      北京美星华通汽车有限公司 

       247               247      2041104641872      北京中润发汽车销售有限公司 

       248               248      2045104737858      风尚季（北京）服装设计有限公司 

       249               249      2049104688575      广兆人天投资控股（北京）有限公司 

       250               250      2051104694613      北京玻钢院复合材料有限公司 

       251               251      2061104653955      中国黄金集团黄金珠宝有限公司 

       252               252      2062104673287      北京市亚奥律师事务所 

       253               253      2069104686377      北京汉诺斯科贸有限公司 

       254               254      2073104758425      盛景网联科技股份有限公司 

       255               255      2074104694993      北京卫星信息工程研究所 

       256               256      2076104786087      交银康联人寿保险有限公司北京市分公司 

       257               257      2079104641886      北京中润发汽车销售有限公司 

       258               258      2080104663427      北京市大瀚律师事务所 

       259               259      2088104770393      北京活跃传媒广告有限公司 

       260               260      2092104658358      北京东润环能科技股份有限公司 

       261               261      2100104653181      中国国际航空股份有限公司 

       262               262      2100104673885      北京腾飞高科医学技术有限公司 

       263               263      2105104653059      北京秀水街房地产开发有限责任公司 

       264               264      2106104690806      北京国信创新科技有限公司 

       265               265      2106104786109      交银康联人寿保险有限公司北京市分公司 

                                         -8- 

----------------------- Page 9-----------------------

       266               266      2109104698586      北京京宝行汽车销售服务有限公司 

       267               267      2111104774221      中国私用航空器拥有者及驾驶员协会 

       268               268      2114104739073      北京长润发材料科技有限公司 

       269               269      2124104680902      北京亿兆华盛有限公司 

       270               270      2130104626098      北京畅游天下网络技术有限公司 

       271               271      2155104778372      延庆县八达岭镇石峡村民委员会 

       272               272      2166104630336      中国大唐集团公司 

       273               273      2166104662857      北京迅安网络系统有限责任公司 

       274               274      2167104759878      北京毓秀博雅翻译有限公司 

       275               275      2183104624515      北京瑞和新能电气技术有限公司 

       276               276      2187104660250      北京乐动卓越科技有限公司 

       277               277      2194104673686      海湾环境科技（北京）股份有限公司 

       278               278      2204104706632      通航新立机械制造（北京）有限公司 

       279               279      2205104631747      北京勤邦生物技术有限公司 

       280               280      2207104670129      翰道融隆（北京）能源科技有限公司 

       281               281      2212104786102      交银康联人寿保险有限公司北京市分公司 

       282               282      2214104771802      丰源生（北京）商贸有限公司 

       283               283      2218104641868      北京中润发汽车销售有限公司 

       284               284      2221104658444      北京天士安国际经济技术合作有限公司 

       285               285      2222104698592      北京京宝行汽车销售服务有限公司 

       286               286      2240104653176      中国国际航空股份有限公司 

       287               287      2265104724924      北京星光影美影视器材有限公司 

       288               288      2278104626071      北京畅游天下网络技术有限公司 

       289               289      2309104694622      北京玻钢院复合材料有限公司 

       290               290      2342104667254      北京聚利科技股份有限公司 

       291               291      2373104653951      中国黄金集团黄金珠宝有限公司 

       292               292      2376104733364      北京长安兴业房地产开发有限公司 

       293               293      2387104652538      民航数据通信有限责任公司 

       294               294      2389104786094      交银康联人寿保险有限公司北京市分公司 

       295               295      2392104660255      北京乐动卓越科技有限公司 

       296               296      2398104695335      北京春盎然图文设计制作中心 

       297               297      2399104626084      北京畅游天下网络技术有限公司 

       298               298      2403104670217      北京北斗星通导航技术股份有限公司 

       299               299      2408104797920      北京市朝阳区根姆赞蒂双语幼儿园 

       300               300      2417104680901      北京亿兆华盛有限公司 

       301               301      2426104682647      北京市房山区石楼镇老年社会福利院 

                                         -9- 

----------------------- Page 10-----------------------

       302               302      2436104653958      中国黄金集团黄金珠宝有限公司 

       303               303      2439104694616      北京玻钢院复合材料有限公司 

       304               304      2458104713258      北京东方富力建筑安装工程有限公司 

       305               305      2466104673779      北京央广联合传媒投资有限公司 

       306               306      2471104686348      北京川豫湘餐饮有限公司 

       307               307      2474104660253      北京乐动卓越科技有限公司 

       308               308      2493104653942      中国黄金集团黄金珠宝有限公司 

       309               309      2493104681169      北京睿博美佳商贸有限公司 

       310               310      2505104682231      北京同仁堂京北企业管理有限公司 

       311               311      2508104660246      北京乐动卓越科技有限公司 

       312               312      2509104801466      北京市东权律师事务所 

       313               313      2522104710218      北京凯罗天下科技有限公司 

       314               314      2523104656568      北京神州灵山叶腊石有限公司 

       315               315      2524104682089      北京科发源医疗投资管理有限责任公司 

       316               316      2538104783494      北京硕通世纪科贸有限公司 

       317               317      2539104739074      北京长润发材料科技有限公司 

       318               318      2541104690803      北京国信创新科技有限公司 

       319               319      2548104768359      北京北恒建筑装饰工程有限公司 

       320               320      2554104678517      北京瑞福临科技有限公司 

       321               321      2555104653963      中国黄金集团黄金珠宝有限公司 

       322               322      2556104671500      北京思迈莱福医疗器械有限责任公司 

       323               323      2557104714865      北京现代海斯克钢材有限公司 

       324               324      2562104815348      北京倍杰特国际环境技术有限公司 

       325               325      2564104707953      森特士兴集团股份有限公司 

       326               326      2565104654972      北京锐豪天宇科技有限公司 

       327               327      2586104627599      北京有色金属研究总院 

       328               328      2601104783637      北京房修一物业管理有限公司 

       329               329      2644104727338      中冀斯巴鲁（北京）汽车销售有限公司 

       330               330      2659104804936      京瑞恒诚电气（北京）有限公司 

       331               331      2660104660249      北京乐动卓越科技有限公司 

       332               332      2662104758427      盛景网联科技股份有限公司 

       333               333      2676104640632      北京招金颐和文化投资有限公司 

       334               334      2697104780055      北京无线天利移动信息技术股份有限公 

司 

       335               335      2702104728577      北京首都国际机场股份有限公司 

       336               336      2709104624512      北京瑞和新能电气技术有限公司 

       337               337      2712104757299      北京新凤凰城房地产开发有限公司 

       338               338      2722104707951      森特士兴集团股份有限公司 

                                         -10- 

----------------------- Page 11-----------------------

       339               339      2734104713257      北京东方富力建筑安装工程有限公司 

       340               340      2738104639883      柒一拾壹（北京）有限公司 

       341               341      2738104673777      北京央广联合传媒投资有限公司 

       342               342      2751104759120      北京市丹顿律师事务所 

       343               343      2752104624520      北京瑞和新能电气技术有限公司 

       344               344      2753104719835      北京未来科技城开发建设有限公司 

       345               345      2756104784072      北京北信源软件股份有限公司 

       346               346      2757104671211      北京浩源奔宝利商贸有限公司 

       347               347      2764104787818      北京中海视点广告有限公司 

       348               348      2766104777811      北京东港通达仓储有限公司 

       349               349      2771104653186      中国国际航空股份有限公司 

       350               350      2772104625971      维特瑞控制工程技术（北京）有限公司 

       351               351      2774104662524      北京圣世文苑科技发展有限公司 

       352               352      2774104694611      北京玻钢院复合材料有限公司 

       353               353      2790104735201      北京英博电气股份有限公司 

       354               354      2803104786098      交银康联人寿保险有限公司北京市分公司 

       355               355      2821104627600      北京有色金属研究总院 

       356               356      2823104630337      中国大唐集团公司 

       357               357      2826104776486      北京疏水阀门厂 

       358               358      2855104693695      北京云峰广告有限公司 

       359               359      2912104624513      北京瑞和新能电气技术有限公司 

       360               360      2914104662854      北京迅安网络系统有限责任公司 

       361               361      2921104705856      北京平安力合科技发展股份有限公司 

       362               362      2930104700428      中铁电气化局集团第一工程有限公司 

       363               363      2937104672744      北京筑福建筑事务有限责任公司 

       364               364      2942104727334      中冀斯巴鲁（北京）汽车销售有限公司 

       365               365      2946104652799      汇龙森欧洲科技（北京）有限公司 

       366               366      2947104767557      北京硕泽建筑装饰工程有限公司 

       367               367      2953104720505      晟合天行（北京）影视文化传媒有限公司 

       368               368      2969104654003      北京依科曼生物技术股份有限公司 

       369               369      2974104773952      北京市欧陆佳艺商贸有限公司 

       370               370      2980104670148      利星行天竺之星汽车有限公司 

       371               371      3003104627399      北京阿科普机电工程有限公司 

       372               372      3017104627401      北京阿科普机电工程有限公司 

       373               373      3018104698588      北京京宝行汽车销售服务有限公司 

       374               374      3025104714868      北京现代海斯克钢材有限公司 

                                         -11- 

----------------------- Page 12-----------------------

       375               375      3027104779851      北京无线天利移动信息技术股份有限公司 

       376               376      3040104624519      北京瑞和新能电气技术有限公司 

       377               377      3044104771390      北京伟联物业管理有限公司 

       378               378      3084104653049      北京秀水街房地产开发有限责任公司 

       379               379      3101104627591      北京有色金属研究总院 

       380               380      3102104654777      北京捷亚泰中兴汽车销售有限公司 

       381               381      3113104729899      北京凯胜百克商贸有限公司 

       382               382      3116104658855      当代书法篆刻院 

       383               383      3127104784388      北京清大光远科技发展有限公司 

       384               384      3129104776088      中节能绿洲（北京）太阳能科技有限公司 

       385               385      3131104755221      北京伟业联合房地产顾问有限公司 

       386               386      3132104764438      北京爱义行汽车服务有限责任公司 

       387               387      3134104680900      北京亿兆华盛有限公司 

       388               388      3145104653961      中国黄金集团黄金珠宝有限公司 

       389               389      3151104653180      中国国际航空股份有限公司 

       390               390      3159104690799      北京国信创新科技有限公司 

       391               391      3162104639929      北京万象信息技术有限公司 

       392               392      3165104730553      北京鼎开互联信息技术有限公司 

       393               393      3173104714460      北京博苑未来管理顾问有限公司 

       394               394      3174104755213      北京伟业联合房地产顾问有限公司 

       395               395      3175104768735      视界环球（北京）文化传媒有限公司 

       396               396      3177104653055      北京秀水街房地产开发有限责任公司 

       397               397      3208104706734      学成世纪（北京）信息技术有限公司 

       398               398      3211104662853      北京迅安网络系统有限责任公司 

       399               399      3225104697304      北京世纪星空影业投资有限公司丰台分公司 

       400               400      3243104641864      北京中润发汽车销售有限公司 

       401               401      3245104689276      北京国信灵通网络科技有限公司 

       402               402      3254104675956      北京瀚明欣商贸有限公司 

       403               403      3285104758967      汇龙森欧洲科技（北京）有限公司 

       404               404      3293104658058      北京大东创意展览展示有限公司 

       405               405      3295104624800      北京市岳星机械厂 

       406               406      3300104626074      北京畅游天下网络技术有限公司 

       407               407      3352104786088      交银康联人寿保险有限公司北京市分公司 

       408               408      3353104694612      北京玻钢院复合材料有限公司 

                                        -12- 

----------------------- Page 13-----------------------

       409               409      3354104654980      北京锐豪天宇科技有限公司 

       410               410      3357104782440      北京安辉建设工程有限公司 

       411               411      3362104653043      北京秀水街房地产开发有限责任公司 

       412               412      3363104637838      北京爱迪科森教育科技股份有限公司 

       413               413      3375104660243      北京乐动卓越科技有限公司 

       414               414      3393104728578      北京首都国际机场股份有限公司 

       415               415      3403104768704      中广文博电视节目服务中心 

       416               416      3429104727357      中冀斯巴鲁（北京）汽车销售有限公司 

       417               417      3436104804937      京瑞恒诚电气（北京）有限公司 

       418               418      3459104718447      北京国电拓锋科技股份有限公司 

       419               419      3462104737981      北京兰天大诚新型建材有限责任公司 

       420               420      3462104757298      北京新凤凰城房地产开发有限公司 

       421               421      3463104625969      维特瑞控制工程技术（北京）有限公司 

       422               422      3474104753641      北京中太投资管理有限公司 

       423               423      3478104784085      北京北信源软件股份有限公司 

       424               424      3489104641865      北京中润发汽车销售有限公司 

       425               425      3496104758428      盛景网联科技股份有限公司 

       426               426      3502104736468      中青旅联科(北京)公关顾问有限公司 

       427               427      3507104733366      北京长安兴业房地产开发有限公司 

       428               428      3519104778308      北京金都府宾馆有限责任公司 

       429               429      3520104653174      中国国际航空股份有限公司 

       430               430      3522104660245      北京乐动卓越科技有限公司 

       431               431      3542104684377      贝壳网际（北京）安全技术有限公司 

       432               432      3549104685862      合众时代（北京）会议服务有限公司 

       433               433      3550104628362      北京联众互动网络股份有限公司 

       434               434      3550104727345      中冀斯巴鲁（北京）汽车销售有限公司 

       435               435      3554104660248      北京乐动卓越科技有限公司 

       436               436      3557104693350      北京中友基业科技有限公司 

       437               437      3560104653046      北京秀水街房地产开发有限责任公司 

       438               438      3560104657444      金鼎租赁有限公司 

       439               439      3561104698589      北京京宝行汽车销售服务有限公司 

       440               440      3568104627588      北京有色金属研究总院 

       441               441      3570104627602      北京有色金属研究总院 

       442               442      3586104779555      北京市门头沟区戒台寺 

       443               443      3592104657445      金鼎租赁有限公司 

       444               444      3593104666169      北京市庞大乐悦汽车销售服务有限公司 

       445               445      3594104796539      北京君太太平洋百货有限公司 

       446               446      3595104660236      北京乐动卓越科技有限公司 

                                          -13- 

----------------------- Page 14-----------------------

       447               447      3601104626087      北京畅游天下网络技术有限公司 

       448               448      3607104786103      交银康联人寿保险有限公司北京市分公司 

       449               449      3622104714387      北京全德兴隆家具有限公司 

       450               450      3623104699079      北京上地四方汽车销售服务有限公司 

       451               451      3624104660260      北京乐动卓越科技有限公司 

       452               452      3630104641866      北京中润发汽车销售有限公司 

       453               453      3638104731296      北京市首都公路发展集团有限公司 

       454               454      3650104626082      北京畅游天下网络技术有限公司 

       455               455      3650104657454      金鼎租赁有限公司 

       456               456      3652104679253      北京寺库商贸有限公司 

       457               457      3677104653964      中国黄金集团黄金珠宝有限公司 

       458               458      3698104718200      北京通源宏达商贸有限公司 

       459               459      3702104758392      北京联袂义齿技术有限公司 

       460               460      3714104633218      北京辰源创新电气工程有限公司 

       461               461      3737104728028      中明科技(北京)有限公司 

       462               462      3740104768360      北京北恒建筑装饰工程有限公司 

       463               463      3754104652389      荣盛泰发（北京）投资基金管理股份有限公司 

       464               464      3774104639880      柒一拾壹（北京）有限公司 

       465               465      3790104641873      北京中润发汽车销售有限公司 

       466               466      3800104678588      北京国电电力工程有限公司东明分公司 

       467               467      3801104768252      重庆长安汽车股份有限公司北京长安汽车公司 

       468               468      3805104756645      北京智达世通装饰工程有限公司 

       469               469      3812104730556      北京鼎开互联信息技术有限公司 

       470               470      3817104768255      重庆长安汽车股份有限公司北京长安汽车公司 

       471               471      3817104815331      北京市龙鼎华源房地产开发有限责任公司 

       472               472      3827104653437      北京市大嘉律师事务所 

       473               473      3837104757308      北京新凤凰城房地产开发有限公司 

       474               474      3840104773928      北京信泽金理财顾问有限公司 

       475               475      3851104653185      中国国际航空股份有限公司 

       476               476      3852104673253      北京蒙牛乳业商贸有限公司 

       477               477      3854104694838      北京微智信业科技有限公司 

       478               478      3858104639870      柒一拾壹（北京）有限公司 

       479               479      3867104670145      利星行天竺之星汽车有限公司 

                                       -14- 

----------------------- Page 15-----------------------

       480               480      3867104698530      北京品恩科技股份有限公司 

       481               481      3889104755999      北京和海鸿信医药有限公司 

       482               482      3904104657450      金鼎租赁有限公司 

       483               483      3905104758396      盛景网联科技股份有限公司 

       484               484      3910104641861      北京中润发汽车销售有限公司 

       485               485      3919104779683      北京微巨网络科技有限公司 

       486               486      3925104735633      北京金亿超物流有限公司 

       487               487      3933104625978      维特瑞控制工程技术（北京）有限公司 

       488               488      3937104630146      中电长欣（北京）科技有限责任公司 

       489               489      3938104653168      中国国际航空股份有限公司 

       490               490      3950104627590      北京有色金属研究总院 

       491               491      3952104653254      北京兴旺林贸易有限公司汽车维修分公司 

       492               492      3955104768358      北京北恒建筑装饰工程有限公司 

       493               493      3965104783215      中国法制出版社 

       494               494      3971104627398      北京阿科普机电工程有限公司 

       495               495      3973104670140      利星行天竺之星汽车有限公司 

       496               496      3976104637836      北京爱迪科森教育科技股份有限公司 

       497               497      3987104658499      北京尼吉电子技术有限公司 

       498               498      3998104659072      北京宇丰房地产开发有限责任公司 

       499               499      4002104714864      北京现代海斯克钢材有限公司 

       500               500      4023104729866      北京科荣达新技术有限公司 

       501               501      4026104729865      北京科荣达新技术有限公司 

       502               502      4034104641880      北京中润发汽车销售有限公司 

       503               503      4047104654962      北京锐豪天宇科技有限公司 

       504               504      4058104693164      北京网库互通信息技术有限公司 

       505               505      4058104752634      北京怀柔北宅村龙泉养老照料中心 

       506               506      4068104673685      海湾环境科技（北京）股份有限公司 

       507               507      4079104657451      金鼎租赁有限公司 

       508               508      4089104653954      中国黄金集团黄金珠宝有限公司 

       509               509      4091104657449      金鼎租赁有限公司 

       510               510      4093104690794      北京国信创新科技有限公司 

       511               511      4103104660259      北京乐动卓越科技有限公司 

       512               512      4104104730555      北京鼎开互联信息技术有限公司 

       513               513      4117104694630      北京玻钢院复合材料有限公司 

       514               514      4120104625923      维特瑞控制工程技术（北京）有限公司 

       515               515      4124104628338      北京页川斯达汽车销售服务有限公司 

       516               516      4126104689285      北京中油华远油运有限公司 

                                         -15- 

----------------------- Page 16-----------------------

       517               517      4126104719837      北京未来科技城开发建设有限公司 

       518               518      4131104768249      重庆长安汽车股份有限公司北京长安汽车公司 

       519               519      4133104682314      北京市丰台区丰台街道丰益花园社区卫生服务站 

       520               520      4147104698529      北京品恩科技股份有限公司 

       521               521      4149104796541      北京君太太平洋百货有限公司 

       522               522      4160104654968      北京锐豪天宇科技有限公司 

       523               523      4168104730358      北京国电阳光新能源发展有限公司 

       524               524      4171104626094      北京畅游天下网络技术有限公司 

       525               525      4175104640625      北京招金颐和文化投资有限公司 

       526               526      4175104694420      领先印务（北京）有限公司 

       527               527      4189104681888      北京新吉泰软件有限公司 

       528               528      4192104639881      柒一拾壹（北京）有限公司 

       529               529      4207104660324      北京太平盛世影视广告有限公司 

       530               530      4207104775615      北京华风宾馆 

       531               531      4210104727340      中冀斯巴鲁（北京）汽车销售有限公司 

       532               532      4220104634084      北京天元汇交通设备有限公司 

       533               533      4222104727346      中冀斯巴鲁（北京）汽车销售有限公司 

       534               534      4234104654547      北京突破·雪花电器设备有限公司 

       535               535      4242104656564      北京神州灵山叶腊石有限公司 

       536               536      4260104658356      北京东润环能科技股份有限公司 

       537               537      4273104667730      北京比仕达建筑工程设备有限公司 

       538               538      4286104727348      中冀斯巴鲁（北京）汽车销售有限公司 

       539               539      4288104662036      北京米尺建筑设计咨询有限公司 

       540               540      4294104768254      重庆长安汽车股份有限公司北京长安汽车公司 

       541               541      4309104757300      北京新凤凰城房地产开发有限公司 

       542               542      4316104625968      维特瑞控制工程技术（北京）有限公司 

       543               543      4318104727347      中冀斯巴鲁（北京）汽车销售有限公司 

       544               544      4323104656562      北京神州灵山叶腊石有限公司 

       545               545      4326104736469      中青旅联科(北京)公关顾问有限公司 

       546               546      4327104641879      北京中润发汽车销售有限公司 

       547               547      4334104796540      北京君太太平洋百货有限公司 

       548               548      4342104653949      中国黄金集团黄金珠宝有限公司 

       549               549      4355104740597      北京晴乐新能源管理有限公司 

       550               550      4360104673780      北京央广联合传媒投资有限公司 

       551               551      4377104659417      中关村人居环境工程与材料研究院 

                                        -16- 

----------------------- Page 17-----------------------

       552               552      4382104641875      北京中润发汽车销售有限公司 

       553               553      4399104627395      北京阿科普机电工程有限公司 

       554               554      4409104786093      交银康联人寿保险有限公司北京市分公司 

       555               555      4429104654978      北京锐豪天宇科技有限公司 

       556               556      4453104764441      北京爱义行汽车服务有限责任公司 

       557               557      4463104673774      北京央广联合传媒投资有限公司 

       558               558      4463104689144      北京市大兴区众合社会工作事务所 

       559               559      4471104716794      北京仁和艺杰装饰工程有限公司 

       560               560      4497104653131      北京秀水街市场有限公司 

       561               561      4522104680942      北京市海淀区教育改革发展研究会 

       562               562      4550104784079      北京北信源软件股份有限公司 

       563               563      4560104641877      北京中润发汽车销售有限公司 

       564               564      4576104641881      北京中润发汽车销售有限公司 

       565               565      4577104779829      北京惠海联合国际广告有限公司 

       566               566      4597104624510      北京瑞和新能电气技术有限公司 

       567               567      4598104633056      北京市西城区广外老年公寓 

       568               568      4631104644628      钮扣（北京）文化传媒有限公司 

       569               569      4645104640626      北京招金颐和文化投资有限公司 

       570               570      4649104773161      北京金和路桥养护有限公司 

       571               571      4650104641876      北京中润发汽车销售有限公司 

       572               572      4682104779558      北京市门头沟区佛教协会 

       573               573      4683104747851      北京融和创科技有限公司 

       574               574      4688104787484      北京市朝阳区摄影协会 

       575               575      4708104822707      中国林场协会 

       576               576      4715104631748      北京勤邦生物技术有限公司 

       577               577      4720104728109      北京中青旅业汽车销售服务有限公司 

       578               578      4720104730371      北京九洲科瑞科技有限公司 

       579               579      4729104728108      北京中青旅业汽车销售服务有限公司 

       580               580      4736104627596      北京有色金属研究总院 

       581               581      4743104668562      北京市平谷区博阳社会工作事务所 

       582               582      4755104684535      中科德瑞（北京）商贸有限公司 

       583               583      4764104624540      北京辰源创新电气工程有限公司 

       584               584      4767104672967      华信仪表（北京）有限公司 

       585               585      4770104639876      柒一拾壹（北京）有限公司 

       586               586      4781104655969      北京市大禹律师事务所 

       587               587      4786104626079      北京畅游天下网络技术有限公司 

       588               588      4797104815336      北京市龙鼎华源房地产开发有限责任公司 

                                         -17- 

----------------------- Page 18-----------------------

       589               589      4807104786084      交银康联人寿保险有限公司北京市分公司 

       590               590      4828104757303      北京新凤凰城房地产开发有限公司 

       591               591      4834104653134      北京秀水街市场有限公司 

       592               592      4843104631746      北京勤邦生物技术有限公司 

       593               593      4864104713945      中青旅国际会议展览有限公司 

       594               594      4885104673770      北京央广联合传媒投资有限公司 

       595               595      4889104784872      北京私享商品经营有限公司 

       596               596      4889104820240      北京市西城区瑞智培训学校 

       597               597      4896104697480      北京桀亚莱福生物技术有限责任公司 

       598               598      4911104759010      沈阳现代交通设施有限公司北京分公司 

       599               599      4917104637393      星云文化教育公益基金会 

       600               600      4927104624684      北京松果电子有限公司 

       601               601      4930104629111      北京海联力通经贸有限公司 

       602               602      4947104733369      北京长安兴业房地产开发有限公司 

       603               603      4954104719841      北京未来科技城开发建设有限公司 

       604               604      4967104654974      北京锐豪天宇科技有限公司 

       605               605      4976104706214      北京荣盛景元建筑装饰工程有限公司 

       606               606      4983104748143      德塔贝斯科技（北京）有限公司 

       607               607      4992104694626      北京玻钢院复合材料有限公司 

       608               608      5002104659071      北京宇丰房地产开发有限责任公司 

       609               609      5044104786096      交银康联人寿保险有限公司北京市分公司 

       610               610      5080104757169      北京耐科斯特国际建筑设计咨询有限公司 

       611               611      5084104673773      北京央广联合传媒投资有限公司 

       612               612      5086104654971      北京锐豪天宇科技有限公司 

       613               613      5088104682227      北京同仁堂京北企业管理有限公司 

       614               614      5096104626080      北京畅游天下网络技术有限公司 

       615               615      5106104666260      北京高视远望科技有限责任公司 

       616               616      5107104694839      北京微智信业科技有限公司 

       617               617      5109104660244      北京乐动卓越科技有限公司 

       618               618      5109104775108      北京福运星月宾馆 

       619               619      5112104706732      学成世纪（北京）信息技术有限公司 

       620               620      5135104693142      北京网库互通信息技术有限公司 

       621               621      5135104764953      北京红燃阳建设工程有限公司 

       622               622      5152104653188      中国国际航空股份有限公司 

       623               623      5158104659613      北京福瑞安达物流有限公司 

                                        -18- 

----------------------- Page 19-----------------------

       624               624      5158104700303      北京法旺律师事务所 

       625               625      5184104786108      交银康联人寿保险有限公司北京市分公司 

       626               626      5212104754910      燕南国创科技（北京）有限公司 

       627               627      5212104784871      北京私享商品经营有限公司 

       628               628      5223104696942      北京云翰投资管理有限公司 

       629               629      5240104685771      北京施莱文科贸有限公司 

       630               630      5255104753296      北京中材国建建筑工程有限责任公司 

       631               631      5259104757306      北京新凤凰城房地产开发有限公司 

       632               632      5275104627592      北京有色金属研究总院 

       633               633      5298104745633      北京市海淀区众合培训学校 

       634               634      5300104768247      重庆长安汽车股份有限公司北京长安汽车公司 

       635               635      5304104748354      北京久安建设投资集团有限公司 

       636               636      5330104694624      北京玻钢院复合材料有限公司 

       637               637      5338104750016      努奥罗（中国）有限公司北京分公司 

       638               638      5342104658445      北京天士安国际经济技术合作有限公司 

       639               639      5343104730557      北京鼎开互联信息技术有限公司 

       640               640      5345104702869      北京江南投资集团有限公司 

       641               641      5363104784074      北京北信源软件股份有限公司 

       642               642      5364104694628      北京玻钢院复合材料有限公司 

       643               643      5368104670139      利星行天竺之星汽车有限公司 

       644               644      5374104653967      中国黄金集团黄金珠宝有限公司 

       645               645      5381104654975      北京锐豪天宇科技有限公司 

       646               646      5385104768251      重庆长安汽车股份有限公司北京长安汽车公司 

       647               647      5395104623968      北京正时国际航空服务有限公司 

       648               648      5395104641860      北京中润发汽车销售有限公司 

       649               649      5407104690248      北京新光景永业商贸有限公司 

       650               650      5437104784078      北京北信源软件股份有限公司 

       651               651      5449104653962      中国黄金集团黄金珠宝有限公司 

       652               652      5456104624734      北京北星行汽车销售有限公司 

       653               653      5457104668341      寰球博瑞林特广告（北京）有限公司 

       654               654      5466104658446      北京天士安国际经济技术合作有限公司 

       655               655      5486104776089      中节能绿洲（北京）太阳能科技有限公司 

       656               656      5499104654979      北京锐豪天宇科技有限公司 

       657               657      5500104690796      北京国信创新科技有限公司 

                                        -19- 

----------------------- Page 20-----------------------

       658               658      5507104719966      北京瑞昌兆业停车管理有限公司 

       659               659      5531104640631      北京招金颐和文化投资有限公司 

       660               660      5535104670219      北京北斗星通导航技术股份有限公司 

       661               661      5535104705853      北京平安力合科技发展股份有限公司 

       662               662      5537104690019      北京力农园林绿化有限责任公司 

       663               663      5554104641867      北京中润发汽车销售有限公司 

       664               664      5573104653054      北京秀水街房地产开发有限责任公司 

       665               665      5578104670149      利星行天竺之星汽车有限公司 

       666               666      5599104666248      北京布宜诺科技有限公司 

       667               667      5605104694625      北京玻钢院复合材料有限公司 

       668               668      5619104735199      北京英博电气股份有限公司 

       669               669      5620104693263      北京林大林业科技股份有限公司 

       670               670      5628104626097      北京畅游天下网络技术有限公司 

       671               671      5634104694617      北京玻钢院复合材料有限公司 

       672               672      5644104673663      海湾环境科技（北京）股份有限公司 

       673               673      5675104626081      北京畅游天下网络技术有限公司 

       674               674      5689104653165      中国国际航空股份有限公司 

       675               675      5689104786090      交银康联人寿保险有限公司北京市分公司 

       676               676      5697104633223      北京辰源创新电气工程有限公司 

       677               677      5697104657282      北京嘉禾远东置业有限公司 

       678               678      5702104660240      北京乐动卓越科技有限公司 

       679               679      5722104627608      北京有色金属研究总院 

       680               680      5727104657258      北京巴赫曼成套木作系统有限公司 

       681               681      5737104653192      中国国际航空股份有限公司 

       682               682      5748104639866      柒一拾壹（北京）有限公司 

       683               683      5755104622020      北京劲峰优品信息技术有限公司 

       684               684      5761104654964      北京锐豪天宇科技有限公司 

       685               685      5767104639871      柒一拾壹（北京）有限公司 

       686               686      5768104776029      北京诺成清水科技发展有限公司 

       687               687      5772104639864      柒一拾壹（北京）有限公司 

       688               688      5778104705855      北京平安力合科技发展股份有限公司 

       689               689      5783104758401      盛景网联科技股份有限公司 

       690               690      5789104719836      北京未来科技城开发建设有限公司 

       691               691      5796104653187      中国国际航空股份有限公司 

       692               692      5802104708060      北京京喜酒典商贸有限责任公司 

       693               693      5805104684375      贝壳网际（北京）安全技术有限公司 

       694               694      5817104665550      北京文房文化发展有限公司 

                                         -20- 

----------------------- Page 21-----------------------

       695               695      5824104682226      北京同仁堂京北企业管理有限公司 

       696               696      5829104704021      北京汇盛信达房地产土地评估有限公司 

       697               697      5831104624542      北京辰源创新电气工程有限公司 

       698               698      5833104677961      北京市朝阳区黑庄户乡大鲁店一村村民委员会 

       699               699      5837104755220      北京伟业联合房地产顾问有限公司 

       700               700      5845104694623      北京玻钢院复合材料有限公司 

       701               701      5851104653182      中国国际航空股份有限公司 

       702               702      5853104676086      北京硕人时代科技股份有限公司 

       703               703      5870104626073      北京畅游天下网络技术有限公司 

       704               704      5872104746614      北京裕景众和国际建筑设计有限公司 

       705               705      5890104653581      北京市同一源律师事务所 

       706               706      5901104633221      北京辰源创新电气工程有限公司 

       707               707      5923104685398      北京合众君达汽车销售服务有限公司 

       708               708      5946104736199      北京海淀育新养老服务中心 

       709               709      5952104637840      北京爱迪科森教育科技股份有限公司 

       710               710      5964104675049      北京厚坤律师事务所 

       711               711      5965104757296      北京新凤凰城房地产开发有限公司 

       712               712      5977104681170      北京睿博美佳商贸有限公司 

       713               713      5978104653133      北京秀水街市场有限公司 

       714               714      5993104719838      北京未来科技城开发建设有限公司 

       715               715      6001104672228      北京东兴通医疗器材有限公司 

       716               716      6002104691106      中国兵器工业导航与控制技术研究所 

       717               717      6009104653946      中国黄金集团黄金珠宝有限公司 

       718               718      6016104796542      北京君太太平洋百货有限公司 

       719               719      6019104653163      中国国际航空股份有限公司 

       720               720      6029104774242      北京远东清洗有限公司 

       721               721      6033104657969      北京天一指航商贸有限公司 

       722               722      6043104626085      北京畅游天下网络技术有限公司 

       723               723      6044104733368      北京长安兴业房地产开发有限公司 

       724               724      6045104727343      中冀斯巴鲁（北京）汽车销售有限公司 

       725               725      6045104734429      北京华清元泰新能源技术开发有限公司 

       726               726      6069104698528      北京品恩科技股份有限公司 

       727               727      6080104705857      北京平安力合科技发展股份有限公司 

       728               728      6081104714342      北京金荣达电力建设有限公司 

       729               729      6086104758397      盛景网联科技股份有限公司 

       730               730      6092104727333      中冀斯巴鲁（北京）汽车销售有限公司 

       731               731      6106104653167      中国国际航空股份有限公司 

                                         -21- 

----------------------- Page 22-----------------------

       732               732      6115104624833      北京家永兴装饰有限公司 

       733               733      6121104694841      北京微智信业科技有限公司 

       734               734      6139104653943      中国黄金集团黄金珠宝有限公司 

       735               735      6143104746173      亿源动力（北京）科技有限公司 

       736               736      6145104690802      北京国信创新科技有限公司 

       737               737      6151104706733      学成世纪（北京）信息技术有限公司 

       738               738      6158104631124      北京三合嘉信广告有限公司 

       739               739      6161104641882      北京中润发汽车销售有限公司 

       740               740      6163104723344      北京鹏海物业管理有限公司 

       741               741      6164104653058      北京秀水街房地产开发有限责任公司 

       742               742      6182104653570      北京市京大律师事务所 

       743               743      6184104786086      交银康联人寿保险有限公司北京市分公司 

       744               744      6187104639931      北京万象信息技术有限公司 

       745               745      6192104653191      中国国际航空股份有限公司 

       746               746      6217104733127      北京长安汽车工程技术研究有限责任公司 

       747               747      6225104757310      北京新凤凰城房地产开发有限公司 

       748               748      6259104626099      北京畅游天下网络技术有限公司 

       749               749      6263104676089      北京硕人时代科技股份有限公司 

       750               750      6279104656565      北京神州灵山叶腊石有限公司 

       751               751      6284104685271      北京银华嘉和科技有限公司 

       752               752      6285104680137      北京第一生物化学药业有限公司 

       753               753      6289104660247      北京乐动卓越科技有限公司 

       754               754      6298104776090      中节能绿洲（北京）太阳能科技有限公司 

       755               755      6299104698591      北京京宝行汽车销售服务有限公司 

       756               756      6306104694621      北京玻钢院复合材料有限公司 

       757               757      6309104654976      北京锐豪天宇科技有限公司 

       758               758      6312104639928      北京万象信息技术有限公司 

       759               759      6317104727332      中冀斯巴鲁（北京）汽车销售有限公司 

       760               760      6320104639868      柒一拾壹（北京）有限公司 

       761               761      6334104784870      北京私享商品经营有限公司 

       762               762      6335104626070      北京畅游天下网络技术有限公司 

       763               763      6351104754911      燕南国创科技（北京）有限公司 

       764               764      6352104653052      北京秀水街房地产开发有限责任公司 

       765               765      6361104727353      中冀斯巴鲁（北京）汽车销售有限公司 

       766               766      6366104665551      北京文房文化发展有限公司 

                                        -22- 

----------------------- Page 23-----------------------

       767               767      6368104774173      江苏尧塘园林绿化集团有限公司北京分公司 

       768               768      6373104673684      海湾环境科技（北京）股份有限公司 

       769               769      6382104668101      北京寰球通达会展有限公司 

       770               770      6386104695721      北京安凯华北汽车销售有限公司 

       771               771      6401104815330      北京市龙鼎华源房地产开发有限责任公司 

       772               772      6412104714869      北京现代海斯克钢材有限公司 

       773               773      6428104672966      华信仪表（北京）有限公司 

       774               774      6460104627584      北京有色金属研究总院 

       775               775      6483104767076      北京新思玛庆文化发展有限公司 

       776               776      6484104774556      北京鼎电全安警用装备器材有限公司 

       777               777      6496104673687      海湾环境科技（北京）股份有限公司 

       778               778      6511104640633      北京招金颐和文化投资有限公司 

       779               779      6527104728026      中明科技(北京)有限公司 

       780               780      6532104657660      北京盛世开元餐饮有限公司 

       781               781      6532104753562      北京乐乐嘉医学技术有限公司 

       782               782      6552104710560      北京丰大国际大酒店有限责任公司 

       783               783      6565104733370      北京长安兴业房地产开发有限公司 

       784               784      6565104757297      北京新凤凰城房地产开发有限公司 

       785               785      6599104786095      交银康联人寿保险有限公司北京市分公司 

       786               786      6605104706600      爱丽国际广告（北京）有限公司 

       787               787      6606104779621      北京怀仁前景工程技术有限公司 

       788               788      6608104660231      北京乐动卓越科技有限公司 

       789               789      6618104627397      北京阿科普机电工程有限公司 

       790               790      6619104653175      中国国际航空股份有限公司 

       791               791      6619104658359      北京东润环能科技股份有限公司 

       792               792      6627104783354      北京金冠鸿远科技有限公司 

       793               793      6636104667252      北京聚利科技股份有限公司 

       794               794      6639104666259      北京高视远望科技有限责任公司 

       795               795      6642104653966      中国黄金集团黄金珠宝有限公司 

       796               796      6648104772868      北京琦越康丰商贸有限公司 

       797               797      6656104784080      北京北信源软件股份有限公司 

       798               798      6657104713946      中青旅国际会议展览有限公司 

       799               799      6667104775642      北京曼肯自动化机械有限公司 

       800               800      6676104637837      北京爱迪科森教育科技股份有限公司 

       801               801      6688104640629      北京招金颐和文化投资有限公司 

                                        -23- 

----------------------- Page 24-----------------------

       802               802      6702104758966      汇龙森欧洲科技（北京）有限公司 

       803               803      6721104653177      中国国际航空股份有限公司 

       804               804      6721104660325      北京太平盛世影视广告有限公司 

       805               805      6771104658932      北京波士山汽车销售服务有限公司 

       806               806      6772104784073      北京北信源软件股份有限公司 

       807               807      6777104653948      中国黄金集团黄金珠宝有限公司 

       808               808      6779104746205      北京博瑞祥程汽车销售服务有限公司 

       809               809      6781104629110      北京海联力通经贸有限公司 

       810               810      6807104757302      北京新凤凰城房地产开发有限公司 

       811               811      6815104718634      北京流金岁月文化传播有限公司 

       812               812      6829104653050      北京秀水街房地产开发有限责任公司 

       813               813      6845104658443      北京天士安国际经济技术合作有限公司 

       814               814      6847104670100      中国乳制品工业协会 

       815               815      6850104815335      北京市龙鼎华源房地产开发有限责任公司 

       816               816      6852104713947      中青旅国际会议展览有限公司 

       817               817      6868104758957      北京绿华环保设备有限公司 

       818               818      6914104764439      北京爱义行汽车服务有限责任公司 

       819               819      6915104786085      交银康联人寿保险有限公司北京市分公司 

       820               820      6928104736470      中青旅联科(北京)公关顾问有限公司 

       821               821      6953104670144      利星行天竺之星汽车有限公司 

       822               822      6962104663259      北京京芝堂润丰药店 

       823               823      6970104676088      北京硕人时代科技股份有限公司 

       824               824      6980104679306      北京经典视美商贸有限公司 

       825               825      6985104770391      北京活跃传媒广告有限公司 

       826               826      6986104776498      北京京华山花地毯销售有限公司 

       827               827      6991104653047      北京秀水街房地产开发有限责任公司 

       828               828      7002104626096      北京畅游天下网络技术有限公司 

       829               829      7006104779849      北京无线天利移动信息技术股份有限公司 

       830               830      7007104779850      北京无线天利移动信息技术股份有限公司 

       831               831      7017104776134      北京华夏众成科技发展有限公司 

       832               832      7021104776091      中节能绿洲（北京）太阳能科技有限公司 

       833               833      7025104639877      柒一拾壹（北京）有限公司 

       834               834      7025104693264      北京林大林业科技股份有限公司 

                                       -24- 

----------------------- Page 25-----------------------

       835               835      7027104783639      北京房修一物业管理有限公司 

       836               836      7028104777597      北京华影环艺文化传媒有限公司 

       837               837      7037104758403      盛景网联科技股份有限公司 

       838               838      7041104681583      北京虹信北方通信技术有限公司 

       839               839      7044104626093      北京畅游天下网络技术有限公司 

       840               840      7055104657533      北京格林吉能源科技有限公司 

       841               841      7065104786081      交银康联人寿保险有限公司北京市分公司 

       842               842      7067104676957      北京艾力欧电子科技有限公司 

       843               843      7074104753531      曙光防盲和低视力康复研究院 

       844               844      7077104694619      北京玻钢院复合材料有限公司 

       845               845      7079104713923      中青旅国际会议展览有限公司 

       846               846      7081104667255      北京聚利科技股份有限公司 

       847               847      7085104628360      北京联众互动网络股份有限公司 

       848               848      7088104653944      中国黄金集团黄金珠宝有限公司 

       849               849      7102104626077      北京畅游天下网络技术有限公司 

       850               850      7109104755217      北京伟业联合房地产顾问有限公司 

       851               851      7116104784076      北京北信源软件股份有限公司 

       852               852      7122104730552      北京鼎开互联信息技术有限公司 

       853               853      7158104627610      北京有色金属研究总院 

       854               854      7183104730554      北京鼎开互联信息技术有限公司 

       855               855      7186104775645      北京安联国科科技咨询有限公司 

       856               856      7187104653190      中国国际航空股份有限公司 

       857               857      7212104653969      中国黄金集团黄金珠宝有限公司 

       858               858      7218104694627      北京玻钢院复合材料有限公司 

       859               859      7222104637839      北京爱迪科森教育科技股份有限公司 

       860               860      7236104682224      北京同仁堂京北企业管理有限公司 

       861               861      7244104639882      柒一拾壹（北京）有限公司 

       862               862      7247104673778      北京央广联合传媒投资有限公司 

       863               863      7251104660071      北京国华置业有限公司 

       864               864      7256104733967      京瑞恒诚电气（北京）有限公司 

       865               865      7258104627586      北京有色金属研究总院 

       866               866      7259104726784      北京华圣恒投资有限公司 

       867               867      7287104633220      北京辰源创新电气工程有限公司 

       868               868      7302104728579      北京首都国际机场股份有限公司 

       869               869      7322104755218      北京伟业联合房地产顾问有限公司 

       870               870      7326104659073      北京宇丰房地产开发有限责任公司 

       871               871      7333104765527      北京市环亚青年交流发展基金会 

                                         -25- 

----------------------- Page 26-----------------------

       872               872      7334104657951      北京福兰德餐饮有限公司 

       873               873      7345104662363      北京金百图片社 

       874               874      7346104696983      北京汉威大厦物业有限公司 

       875               875      7352104652537      民航数据通信有限责任公司 

       876               876      7352104705859      北京平安力合科技发展股份有限公司 

       877               877      7353104627606      北京有色金属研究总院 

       878               878      7353104757304      北京新凤凰城房地产开发有限公司 

       879               879      7358104657727      北京市通州区潞城镇留庄村村民委员会工会联合会 

       880               880      7392104753077      北京市优环再生资源回收市场有限公司 

       881               881      7397104690521      北京曙光时尚网球俱乐部有限公司 

       882               882      7405104727358      中冀斯巴鲁（北京）汽车销售有限公司 

       883               883      7421104671175      北京康诚世纪投资有限公司 

       884               884      7423104683817      空军装备研究院装备总体论证研究所招待所 

       885               885      7423104771545      北京盛世光明软件股份有限公司 

       886               886      7432104670128      翰道融隆（北京）能源科技有限公司 

       887               887      7438104730550      北京鼎开互联信息技术有限公司 

       888               888      7440104714866      北京现代海斯克钢材有限公司 

       889               889      7441104626078      北京畅游天下网络技术有限公司 

       890               890      7457104692920      北京妈祖仁爱慈善基金会 

       891               891      7458104815334      北京市龙鼎华源房地产开发有限责任公司 

       892               892      7464104653164      中国国际航空股份有限公司 

       893               893      7475104639872      柒一拾壹（北京）有限公司 

       894               894      7475104745882      北京市保安服务总公司 

       895               895      7483104758402      盛景网联科技股份有限公司 

       896               896      7484104719833      北京未来科技城开发建设有限公司 

       897               897      7485104728027      中明科技(北京)有限公司 

       898               898      7489104713261      北京东方富力建筑安装工程有限公司 

       899               899      7492104784084      北京北信源软件股份有限公司 

       900               900      7496104631745      北京勤邦生物技术有限公司 

       901               901      7498104778020      北京益航天宇科技有限公司 

       902               902      7504104815329      北京市龙鼎华源房地产开发有限责任公司 

       903               903      7515104713950      中青旅国际会议展览有限公司 

       904               904      7519104660242      北京乐动卓越科技有限公司 

       905               905      7530104759166      安诺优达基因科技（北京）有限公司 

                                        -26- 

----------------------- Page 27-----------------------

       906               906      7555104665549      北京文房文化发展有限公司 

       907               907      7560104683794      京安汇通机电设备安装工程（北京）有限公司 

       908               908      7563104727336      中冀斯巴鲁（北京）汽车销售有限公司 

       909               909      7595104756644      北京智达世通装饰工程有限公司 

       910               910      7596104657257      北京巴赫曼成套木作系统有限公司 

       911               911      7600104727342      中冀斯巴鲁（北京）汽车销售有限公司 

       912               912      7605104786107      交银康联人寿保险有限公司北京市分公司 

       913               913      7608104758424      盛景网联科技股份有限公司 

       914               914      7609104768246      重庆长安汽车股份有限公司北京长安汽车公司 

       915               915      7616104752891      北京尚合佳物业管理有限公司 

       916               916      7624104690800      北京国信创新科技有限公司 

       917               917      7643104679413      北京众华朗臣生物科技有限公司 

       918               918      7644104627593      北京有色金属研究总院 

       919               919      7656104694180      北京天润伟业体育用品有限公司 

       920               920      7668104653060      北京秀水街房地产开发有限责任公司 

       921               921      7685104770392      北京活跃传媒广告有限公司 

       922               922      7687104627396      北京阿科普机电工程有限公司 

       923               923      7694104624517      北京瑞和新能电气技术有限公司 

       924               924      7699104660252      北京乐动卓越科技有限公司 

       925               925      7733104740645      大篷车（北京）家居装饰有限公司 

       926               926      7740104625970      维特瑞控制工程技术（北京）有限公司 

       927               927      7757104694618      北京玻钢院复合材料有限公司 

       928               928      7758104694610      北京玻钢院复合材料有限公司 

       929               929      7769104626088      北京畅游天下网络技术有限公司 

       930               930      7772104713259      北京东方富力建筑安装工程有限公司 

       931               931      7781104784440      北京凯尔新时代汽车租赁有限公司 

       932               932      7793104665170      北京北方创业出租汽车有限公司 

       933               933      7794104657255      北京巴赫曼成套木作系统有限公司 

       934               934      7806104705851      北京平安力合科技发展股份有限公司 

       935               935      7826104786105      交银康联人寿保险有限公司北京市分公司 

       936               936      7860104627595      北京有色金属研究总院 

       937               937      7860104713944      中青旅国际会议展览有限公司 

       938               938      7860104714394      北京中化通达质量审核中心 

       939               939      7894104624514      北京瑞和新能电气技术有限公司 

                                       -27- 

----------------------- Page 28-----------------------

       940               940      7895104625975      维特瑞控制工程技术（北京）有限公司 

       941               941      7903104633219      北京辰源创新电气工程有限公司 

       942               942      7903104709087      北京实地律师事务所 

       943               943      7926104654977      北京锐豪天宇科技有限公司 

       944               944      7938104784081      北京北信源软件股份有限公司 

       945               945      7943104690804      北京国信创新科技有限公司 

       946               946      7945104640603      北京招金颐和文化投资有限公司 

       947               947      7946104786091      交银康联人寿保险有限公司北京市分公司 

       948               948      7951104728580      北京首都国际机场股份有限公司 

       949               949      7959104670377      顺义区杨镇地区大曹庄村村民委员会 

       950               950      7984104786099      交银康联人寿保险有限公司北京市分公司 

       951               951      7995104641862      北京中润发汽车销售有限公司 

       952               952      8000104727359      中冀斯巴鲁（北京）汽车销售有限公司 

       953               953      8001104747263      北京诺行天下书画院 

       954               954      8004104690018      北京力农园林绿化有限责任公司 

       955               955      8004104773476      北京爱佳卫生保健品厂 

       956               956      8005104698587      北京京宝行汽车销售服务有限公司 

       957               957      8010104653189      中国国际航空股份有限公司 

       958               958      8019104733128      北京长安汽车工程技术研究有限责任公司 

       959               959      8020104653053      北京秀水街房地产开发有限责任公司 

       960               960      8022104728576      北京首都国际机场股份有限公司 

       961               961      8028104686527      北京日月星玩具制造有限责任公司 

       962               962      8037104746909      北京智诚昆泰咨询有限公司 

       963               963      8054104653166      中国国际航空股份有限公司 

       964               964      8081104654969      北京锐豪天宇科技有限公司 

       965               965      8087104729864      北京科荣达新技术有限公司 

       966               966      8094104630333      中国大唐集团公司 

       967               967      8094104718005      北京云鼎嘉业科技有限公司 

       968               968      8105104815328      北京市龙鼎华源房地产开发有限责任公司 

       969               969      8110104755216      北京伟业联合房地产顾问有限公司 

       970               970      8112104663518      华远达电力工程有限公司 

       971               971      8113104654973      北京锐豪天宇科技有限公司 

       972               972      8118104750600      北京市海淀区本真双语艺术幼稚园 

       973               973      8120104730219      北京东方美食研究院 

                                        -28- 

----------------------- Page 29-----------------------

       974               974      8121104690798      北京国信创新科技有限公司 

       975               975      8135104796543      北京君太太平洋百货有限公司 

       976               976      8139104633217      北京辰源创新电气工程有限公司 

       977               977      8153104727335      中冀斯巴鲁（北京）汽车销售有限公司 

       978               978      8176104667819      乐普（北京）医疗器械股份有限公司 

       979               979      8176104760127      北京企商在线数据通信科技有限公司 

       980               980      8190104686812      北京市顺和北方塑钢门窗有限公司 

       981               981      8198104733371      北京长安兴业房地产开发有限公司 

       982               982      8205104697256      北京路旺兴电气设备安装有限公司 

       983               983      8230104727354      中冀斯巴鲁（北京）汽车销售有限公司 

       984               984      8230104736471      中青旅联科(北京)公关顾问有限公司 

       985               985      8233104639930      北京万象信息技术有限公司 

       986               986      8240104698527      北京品恩科技股份有限公司 

       987               987      8248104757305      北京新凤凰城房地产开发有限公司 

       988               988      8251104775489      北京凯威信达科技有限公司 

       989               989      8258104783214      中国法制出版社 

       990               990      8259104786101      交银康联人寿保险有限公司北京市分公司 

       991               991      8263104664083      北京农业产业化龙头企业协会 

       992               992      8268104673772      北京央广联合传媒投资有限公司 

       993               993      8273104665880      北京航天联志科技有限公司 

       994               994      8282104627400      北京阿科普机电工程有限公司 

       995               995      8288104653045      北京秀水街房地产开发有限责任公司 

       996               996      8290104639879      柒一拾壹（北京）有限公司 

       997               997      8294104721716      北京中电盛世电力建设有限公司 

       998               998      8295104683141      北京凯因科技股份有限公司 

       999               999      8326104624541      北京辰源创新电气工程有限公司 

      1000              1000      8337104639865      柒一拾壹（北京）有限公司 

      1001              1001      8341104628359      北京联众互动网络股份有限公司 

      1002              1002      8341104654778      北京捷亚泰中兴汽车销售有限公司 

      1003              1003      8347104653169      中国国际航空股份有限公司 

      1004              1004      8350104673662      海湾环境科技（北京）股份有限公司 

      1005              1005      8352104665167      北京北方创业出租汽车有限公司 

      1006              1006      8366104652539      民航数据通信有限责任公司 

      1007              1007      8370104627605      北京有色金属研究总院 

      1008              1008      8372104815349      北京倍杰特国际环境技术有限公司 

      1009              1009      8380104787246      北京赛德氏广告有限公司 

      1010              1010      8388104755214      北京伟业联合房地产顾问有限公司 

                                         -29- 

----------------------- Page 30-----------------------

      1011              1011      8418104771679      英国汇丰实业国际投资集团有限公司北京代表处 

      1012              1012      8419104710559      北京丰大国际大酒店有限责任公司 

      1013              1013      8420104641884      北京中润发汽车销售有限公司 

      1014              1014      8421104698526      北京品恩科技股份有限公司 

      1015              1015      8432104684378      贝壳网际（北京）安全技术有限公司 

      1016              1016      8438104633222      北京辰源创新电气工程有限公司 

      1017              1017      8438104694609      北京玻钢院复合材料有限公司 

      1018              1018      8442104733367      北京长安兴业房地产开发有限公司 

      1019              1019      8459104657041      北京融德人才咨询服务有限责任公司 

      1020              1020      8461104786092      交银康联人寿保险有限公司北京市分公司 

      1021              1021      8469104640627      北京招金颐和文化投资有限公司 

      1022              1022      8472104693266      北京林大林业科技股份有限公司 

      1023              1023      8483104721266      北京至朋佳音数码科技有限公司 

      1024              1024      8487104624511      北京瑞和新能电气技术有限公司 

      1025              1025      8505104735200      北京英博电气股份有限公司 

      1026              1026      8508104653965      中国黄金集团黄金珠宝有限公司 

      1027              1027      8514104653042      北京秀水街房地产开发有限责任公司 

      1028              1028      8522104784438      北京畅行无忧咨询有限公司 

      1029              1029      8529104625965      维特瑞控制工程技术（北京）有限公司 

      1030              1030      8533104688451      锦州市人民政府驻北京联络处 

      1031              1031      8547104690805      北京国信创新科技有限公司 

      1032              1032      8547104784086      北京北信源软件股份有限公司 

      1033              1033      8555104665106      北京德元九和酒店物业管理有限公司 

      1034              1034      8565104656566      北京神州灵山叶腊石有限公司 

      1035              1035      8581104640624      北京招金颐和文化投资有限公司 

      1036              1036      8582104758400      盛景网联科技股份有限公司 

      1037              1037      8587104685847      北京德义泉商贸有限公司 

      1038              1038      8594104727356      中冀斯巴鲁（北京）汽车销售有限公司 

      1039              1039      8604104673776      北京央广联合传媒投资有限公司 

      1040              1040      8608104641869      北京中润发汽车销售有限公司 

      1041              1041      8611104660233      北京乐动卓越科技有限公司 

      1042              1042      8634104693262      北京林大林业科技股份有限公司 

      1043              1043      8638104728711      北京讴歌广告有限公司 

      1044              1044      8644104658331      新晨科技股份有限公司 

      1045              1045      8646104626089      北京畅游天下网络技术有限公司 

      1046              1046      8660104727344      中冀斯巴鲁（北京）汽车销售有限公司 

                                         -30- 

----------------------- Page 31-----------------------

      1047              1047      8663104653057      北京秀水街房地产开发有限责任公司 

      1048              1048      8689104757307      北京新凤凰城房地产开发有限公司 

      1049              1049      8701104662856      北京迅安网络系统有限责任公司 

      1050              1050      8701104775616      北京华风宾馆 

      1051              1051      8705104640628      北京招金颐和文化投资有限公司 

      1052              1052      8710104676090      北京硕人时代科技股份有限公司 

      1053              1053      8714104775914      北京华顺德电力工程有限公司 

      1054              1054      8729104694682      北京国电恒通电力工程有限公司 

      1055              1055      8732104655081      北京京宛宾馆 

      1056              1056      8734104665881      北京航天联志科技有限公司 

      1057              1057      8740104748355      北京久安建设投资集团有限公司 

      1058              1058      8748104658649      北京诚易精食商贸有限责任公司 

      1059              1059      8751104694846      北京航天蓝宇科技有限公司 

      1060              1060      8761104657443      北京得加利环保设备有限公司 

      1061              1061      8764104737950      北京绿地京城商业管理有限公司 

      1062              1062      8784104653132      北京秀水街市场有限公司 

      1063              1063      8801104664611      河北佳泰商务发展有限公司北京朝阳分公司 

      1064              1064      8805104746178      北京市奥东律师事务所 

      1065              1065      8819104641870      北京中润发汽车销售有限公司 

      1066              1066      8821104745571      北京经济技术职业学院 

      1067              1067      8822104737980      北京兰天大诚新型建材有限责任公司 

      1068              1068      8826104627612      北京有色金属研究总院 

      1069              1069      8827104654967      北京锐豪天宇科技有限公司 

      1070              1070      8843104626092      北京畅游天下网络技术有限公司 

      1071              1071      8858104815333      北京市龙鼎华源房地产开发有限责任公司 

      1072              1072      8880104662502      北京腾速通信科技有限公司 

      1073              1073      8884104652540      民航数据通信有限责任公司 

      1074              1074      8889104786083      交银康联人寿保险有限公司北京市分公司 

      1075              1075      8891104626072      北京畅游天下网络技术有限公司 

      1076              1076      8894104753452      天津大元永泰建筑工程有限公司北京分公司 

      1077              1077      8895104670141      利星行天竺之星汽车有限公司 

      1078              1078      8895104774994      平顶山市人民政府驻北京联络处 

      1079              1079      8903104653184      中国国际航空股份有限公司 

      1080              1080      8915104768253      重庆长安汽车股份有限公司北京长安汽车公司 

                                       -31- 

----------------------- Page 32-----------------------

      1081              1081      8925104621985      北京橄榄树园林绿化有限公司 

      1082              1082      8932104714886      北京胜兴伟业物流有限公司 

      1083              1083      8934104653960      中国黄金集团黄金珠宝有限公司 

      1084              1084      8959104694840      北京微智信业科技有限公司 

      1085              1085      8965104624538      北京辰源创新电气工程有限公司 

      1086              1086      8992104654970      北京锐豪天宇科技有限公司 

      1087              1087      8992104733966      北京江西企业商会木业家具行业分会 

      1088              1088      8998104654961      北京锐豪天宇科技有限公司 

      1089              1089      9010104653947      中国黄金集团黄金珠宝有限公司 

      1090              1090      9033104660234      北京乐动卓越科技有限公司 

      1091              1091      9043104800466      北京市朝阳区彩虹村庄养老院 

      1092              1092      9051104653940      中国黄金集团黄金珠宝有限公司 

      1093              1093      9054104690795      北京国信创新科技有限公司 

      1094              1094      9062104653061      北京秀水街房地产开发有限责任公司 

      1095              1095      9093104639823      柒一拾壹（北京）有限公司 

      1096              1096      9094104812286      北京市海淀区尚丽外国语学校 

      1097              1097      9099104731935      玖零互生投资（北京）股份有限公司 

      1098              1098      9102104627563      北京有色金属研究总院 

      1099              1099      9115104665171      北京北方创业出租汽车有限公司 

      1100              1100      9118104733365      北京长安兴业房地产开发有限公司 

      1101              1101      9149104715321      北京天地和同科技有限责任公司 

      1102              1102      9155104656559      北京神州灵山叶腊石有限公司 

      1103              1103      9157104630334      中国大唐集团公司 

      1104              1104      9161104730551      北京鼎开互联信息技术有限公司 

      1105              1105      9175104721117      北京建河世纪数码技术服务有限责任公司 

      1106              1106      9175104722480      新视线杂志社 

      1107              1107      9180104654965      北京锐豪天宇科技有限公司 

      1108              1108      9187104758399      盛景网联科技股份有限公司 

      1109              1109      9190104639875      柒一拾壹（北京）有限公司 

      1110              1110      9206104654966      北京锐豪天宇科技有限公司 

      1111              1111      9206104683142      北京凯因科技股份有限公司 

      1112              1112      9207104694614      北京玻钢院复合材料有限公司 

      1113              1113      9215104627607      北京有色金属研究总院 

      1114              1114      9217104624516      北京瑞和新能电气技术有限公司 

      1115              1115      9217104786106      交银康联人寿保险有限公司北京市分公司 

      1116              1116      9227104758609      北京芸露源商贸有限公司 

                                         -32- 

----------------------- Page 33-----------------------

      1117              1117      9227104786089      交银康联人寿保险有限公司北京市分公司 

      1118              1118      9235104666937      北京美顿配餐有限责任公司 

      1119              1119      9243104652447      北京品源专利代理有限公司 

      1120              1120      9269104719832      北京未来科技城开发建设有限公司 

      1121              1121      9283104714867      北京现代海斯克钢材有限公司 

      1122              1122      9302104628866      北京洋溢视听文化传播有限公司 

      1123              1123      9302104657452      金鼎租赁有限公司 

      1124              1124      9313104694615      北京玻钢院复合材料有限公司 

      1125              1125      9315104658354      北京东润环能科技股份有限公司 

      1126              1126      9328104683610      阿尔特汽车技术股份有限公司 

      1127              1127      9335104633907      北京市兴胜山鹰线缆有限公司 

      1128              1128      9352104660257      北京乐动卓越科技有限公司 

      1129              1129      9369104652536      民航数据通信有限责任公司 

      1130              1130      9369104768369      北京华清能源科技有限公司 

      1131              1131      9376104693381      传神联合（北京）信息技术有限公司 

      1132              1132      9393104628363      北京联众互动网络股份有限公司 

      1133              1133      9401104673771      北京央广联合传媒投资有限公司 

      1134              1134      9404104630335      中国大唐集团公司 

      1135              1135      9408104684008      非凡空间（北京）建筑设计顾问有限责任公司 

      1136              1136      9410104734319      北京重能鼎鑫科技有限公司 

      1137              1137      9414104783213      中国法制出版社 

      1138              1138      9440104673769      北京央广联合传媒投资有限公司 

      1139              1139      9457104654581      北京中工东方电气有限公司 

      1140              1140      9468104698593      北京京宝行汽车销售服务有限公司 

      1141              1141      9472104815332      北京市龙鼎华源房地产开发有限责任公司 

      1142              1142      9480104670218      北京北斗星通导航技术股份有限公司 

      1143              1143      9486104690329      北京德诺康贸易有限公司 

      1144              1144      9493104784071      北京北信源软件股份有限公司 

      1145              1145      9500104727339      中冀斯巴鲁（北京）汽车销售有限公司 

      1146              1146      9506104653956      中国黄金集团黄金珠宝有限公司 

      1147              1147      9532104660237      北京乐动卓越科技有限公司 

      1148              1148      9538104628340      北京页川斯达汽车销售服务有限公司 

      1149              1149      9550104736966      北京极地冰湖制冷设备有限公司 

      1150              1150      9553104653051      北京秀水街房地产开发有限责任公司 

      1151              1151      9556104656560      北京神州灵山叶腊石有限公司 

                                        -33- 

----------------------- Page 34-----------------------

      1152              1152      9575104686197      北京市昌平区京北新世纪妇科医院 

      1153              1153      9576104758398      盛景网联科技股份有限公司 

      1154              1154      9582104740710      北京爱朗格瑞科技有限公司 

      1155              1155      9602104775811      北京本邦科技有限公司 

      1156              1156      9603104637413      北京庆华兴汽车销售服务有限公司 

      1157              1157      9607104713921      中青旅国际会议展览有限公司 

      1158              1158      9608104733129      北京长安汽车工程技术研究有限责任公司 

      1159              1159      9614104624686      北京松果电子有限公司 

      1160              1160      9620104726697      北京北铃专用汽车有限公司 

      1161              1161      9630104715585      巴基斯坦艾尔哈比银行有限公司北京代表处 

      1162              1162      9633104659070      北京宇丰房地产开发有限责任公司 

      1163              1163      9642104639933      北京万象信息技术有限公司 

      1164              1164      9643104705852      北京平安力合科技发展股份有限公司 

      1165              1165      9646104660235      北京乐动卓越科技有限公司 

      1166              1166      9655104682228      北京同仁堂京北企业管理有限公司 

      1167              1167      9655104792300      北京市海淀区大外综合培训学校 

      1168              1168      9656104627609      北京有色金属研究总院 

      1169              1169      9656104657447      金鼎租赁有限公司 

      1170              1170      9665104768356      北京北恒建筑装饰工程有限公司 

      1171              1171      9670104627601      北京有色金属研究总院 

      1172              1172      9682104664972      北京市实验外国语学校 

      1173              1173      9698104657446      金鼎租赁有限公司 

      1174              1174      9702104693694      北京云峰广告有限公司 

      1175              1175      9716104620968      北京声驰律师事务所 

      1176              1176      9730104627597      北京有色金属研究总院 

      1177              1177      9735104657256      北京巴赫曼成套木作系统有限公司 

      1178              1178      9746104639867      柒一拾壹（北京）有限公司 

      1179              1179      9750104633473      北京睿博兴科生物技术有限公司 

      1180              1180      9766104662855      北京迅安网络系统有限责任公司 

      1181              1181      9793104653056      北京秀水街房地产开发有限责任公司 

      1182              1182      9809104757301      北京新凤凰城房地产开发有限公司 

      1183              1183      9816104727352      中冀斯巴鲁（北京）汽车销售有限公司 

      1184              1184      9835104690801      北京国信创新科技有限公司 

      1185              1185      9851104715157      北京大爱乾坤环卫设备有限公司 

      1186              1186      9852104627598      北京有色金属研究总院 

      1187              1187      9854104758426      盛景网联科技股份有限公司 

                                         -34- 

----------------------- Page 35-----------------------

      1188              1188      9867104641883      北京中润发汽车销售有限公司 

      1189              1189      9878104689284      北京市朝阳区庆丰公园 

      1190              1190      9883104627589      北京有色金属研究总院 

      1191              1191      9902104666258      北京高视远望科技有限责任公司 

      1192              1192      9922104726866      北京天渺园林绿化工程有限公司 

      1193              1193      9951104656561      北京神州灵山叶腊石有限公司 

      1194              1194      9966104624543      北京辰源创新电气工程有限公司 

      1195              1195      9966104657453      金鼎租赁有限公司 

      1196              1196      9979104705408      北京碧海怡景园林绿化有限公司 

      1197              1197      9982104775932      北京筑基兴业建设工程有限公司 

      1198              1198      9983104758429      盛景网联科技股份有限公司 

      1199              1199      9991104670216      北京北斗星通导航技术股份有限公司 
