1 2391 9431103702743 北京巴瑞医疗器械有限公司
2 950 3661103593911 北京仪能科思科技发展有限公司
3 2002 7926103624423 北京德奥达汽车销售有限公司
4 1606 6286103597631 中国黄金集团黄金珠宝有限公司
5 988 3761103647183 中国平安财产保险股份有限公司北京分
公司
6 1416 5634103628921 北京市西城区瑞德培训学校
7 1213 4706103674940 北京北星行汽车销售有限公司
8 383 1484103675609 北京天海顺达科技有限公司
9 1082 4148103647161 中国平安财产保险股份有限公司北京分
公司
10 1579 6184103664216 北京维通利电气有限公司
11 1912 7536103695125 北京华恩房地产开发有限公司
12 1904 7521103682674 中科软科技股份有限公司
13 256 0994103630879 北京京港地铁有限公司
14 2178 8638103693071 北京升华电梯有限公司
15 453 1738103695956 北京天越门窗制造有限公司
16 356 1377103647089 中国平安财产保险股份有限公司北京市
崇文支公司
17 893 3447103699528 北京中盾安民分析技术有限公司
18 1128 4339103627591 北京以岭药业有限公司
-2-19 283 1115103672116 北京有色金属研究总院
20 2092 8292103695531 北京英龙华辰科技有限公司
21 1494 5882103595434 中国能源研究会
22 848 3260103629036 建峰建设集团股份有限公司
23 158 0633103626512 北京华滨投资有限公司华滨国际大酒店
24 2340 9215103597633 中国黄金集团黄金珠宝有限公司
25 2097 8320103634222 北京睿力恒一物流技术股份公司
26 1521 5976103592219 北京先韬科技发展有限公司
27 2220 8776103627723 中投发展有限责任公司
28 1192 4630103622816 人民网股份有限公司
29 1920 7552103656783 森特士兴集团股份有限公司
30 869 3350103614179 北京利尔高温材料股份有限公司
31 1631 6382103682680 中科软科技股份有限公司
32 1726 6775103687336 北京西军庄加油站
33 336 1288103654247 北京讯奇连城商务服务有限公司
34 1095 4219103647101 中国平安财产保险股份有限公司北京市
崇文支公司
35 924 3558103776877 北京市怀柔区雁栖镇玉成肉鸡养殖协会
36 1659 6508103602483 北京鑫万佳科技发展有限公司
37 70 0261103644926 北京华信通电讯有限公司
38 2033 8059103687283 北京光影梦幻城市文化发展有限公司
39 1501 5910103614109 北京利尔高温材料股份有限公司
40 228 0910103634826 北京兴华会计师事务所有限责任公司
41 2032 8056103678924 北京欣天燃气设备安装工程有限公司
42 1517 5970103650131 北京基恒通信技术有限公司
43 2159 8575103687239 北京小米移动软件有限公司
44 1373 5455103646694 中铁电气化局集团第一工程有限公司
45 234 0931103656795 森特士兴集团股份有限公司
46 302 1176103611701 北京天地玛珂电液控制系统有限公司
47 117 0412103629551 北京华盛昌百旺汽车贸易有限公司
48 815 3142103644880 北京怀柔联建老年公寓
49 863 3325103644697 盛隆电气（北京）有限公司
50 1541 6043103622728 北京建银资产管理有限公司
51 833 3199103658180 北京金宝房地产开发有限公司
52 411 1572103614103 北京利尔高温材料股份有限公司
53 889 3436103637840 北京安宝房地产开发有限公司
54 1126 4335103614165 北京利尔高温材料股份有限公司
55 2419 9566103697357 北京金港展览展示有限公司
-3-56 1544 6059103617134 北京政泉控股有限公司
57 793 3049103632236 北京亚奥之星汽车服务有限公司
58 2200 8705103661121 北京瑞源文德科技有限公司
59 2047 8116103623012 北京市自来水集团有限责任公司
60 2005 7954103685846 北京市建筑设计研究院有限公司
61 1734 6835103597995 北京通利达汽车租赁有限责任公司
62 22 0093103596122 北京融世杰机械设备有限公司
63 1001 3839103702715 北京巴瑞医疗器械有限公司
64 213 0861103628906 山东鲁花集团商贸有限公司北京分公司
65 2486 9777103702739 北京巴瑞医疗器械有限公司
66 186 0761103595910 北京海顺德钛催化剂有限公司
67 1568 6154103614226 北京嘉林药业股份有限公司
68 1698 6639103651992 北京东风南方亮马汽车销售服务有限公
司
69 1254 4915103685543 北京凯迪克格兰云天大酒店有限公司
70 1332 5301103652195 北京北方出租汽车有限责任公司
71 286 1118103630905 北京京港地铁有限公司
72 1398 5541103627722 中投发展有限责任公司
73 2165 8599103635658 北京昌平奕青华乐艺术培训学校
74 55 0211103645393 江河创建集团股份有限公司
75 61 0223103635669 北京昌平奕青音乐幼儿园
76 2514 9885103652198 北京北方出租汽车有限责任公司
77 1226 4763103614094 北京利尔高温材料股份有限公司
78 1322 5238103618631 北京英之杰天祥汽车技术服务有限公司
79 2106 8360103596705 北京福泉投资有限公司
80 1796 7072103629016 建峰建设集团股份有限公司
81 1404 5578103620768 北京天行网安信息技术有限责任公司
82 1406 5588103691758 北京爱普益生物科技有限公司
83 329 1263103702729 北京巴瑞医疗器械有限公司
84 380 1480103696358 毕孚自动化设备贸易（上海）有限公司
北京分公司工会委员会
85 37 0148103692847 北京巴瑞医疗器械有限公司
86 1221 4739103700257 北京乐和彩科技有限公司
87 837 3219103627569 北京北汽九龙出租汽车股份有限公司
88 1747 6904103620447 ＳＭＣ（中国）有限公司
89 1214 4708103618643 北京宏强富瑞技术有限公司
90 1918 7547103627604 北京以岭药业有限公司
91 867 3346103595071 北京高盟燕山科技有限公司
-4-92 408 1565103652048 北京时代春峰货架有限公司
93 2524 9926103636819 北京纬文律师事务所
94 1031 3952103674921 北京北星行汽车销售有限公司
95 2010 7971103630131 时代华睿（北京）科技有限公司
96 517 1996103630917 北京京港地铁有限公司
97 1947 7683103638803 北京新京润房地产有限公司
98 1424 5667103679952 蓝色港湾有限公司
99 48 0187103692854 北京巴瑞医疗器械有限公司
100 1271 5001103618632 北京英之杰天祥汽车技术服务有限公司
101 956 3672103637131 中国法制出版社
102 2098 8324103601716 北京光线传媒股份有限公司
103 2069 8200103638792 北京新京润房地产有限公司
104 1255 4922103596686 北京福泉投资有限公司
105 1972 7809103599916 泰恒景合（北京）建筑设计有限公司
106 783 3020103594276 北京朗依制药有限公司
107 834 3202103632427 北京盘古氏投资有限公司
108 1066 4097103623010 北京市自来水集团有限责任公司
109 2442 9628103638795 北京新京润房地产有限公司
110 318 1239103632439 北京盘古氏投资有限公司
111 2008 7970103686640 国兴汽车服务中心
112 94 0350103614114 北京利尔高温材料股份有限公司
113 251 0977103695274 北京龙熙顺景房地产开发有限责任公司
114 601 2356103651988 北京东风南方亮马汽车销售服务有限公
司
115 2230 8806103594913 北京利祥制药有限公司
116 621 2432103658176 北京金宝房地产开发有限公司
117 176 0723103658207 北京金宝房地产开发有限公司
118 1266 4973103682681 中科软科技股份有限公司
119 1887 7442103722842 北京五方中冀汽车销售有限公司
120 2359 9292103627741 北京市京银律师事务所
121 485 1858103627747 天润一舟（北京）科技有限公司
122 1874 7373103695102 北京华恩房地产开发有限公司
123 465 1794103647114 中国平安财产保险股份有限公司北京市
崇文支公司
124 2416 9558103697162 北京中科金财科技股份有限公司
125 1412 5630103623070 北京市延庆县天开瑞祥养生养老院
126 132 0474103620769 北京天行网安信息技术有限责任公司
127 1561 6124103651676 北京天机移联科技有限公司
-5-128 588 2298103695943 北京天越门窗制造有限公司
129 1998 7902103614022 北京市北铝宇津门窗有限责任公司
130 1817 7116103618477 北京亿兆华盛有限公司
131 2436 9615103627717 中投发展有限责任公司
132 2058 8168103626220 北京中电兴发科技有限公司
133 526 2048103765080 北京市鑫兴律师事务所
134 448 1732103628344 北京瑞平通信技术有限公司
135 1845 7238103695128 北京华恩房地产开发有限公司
136 798 3056103676564 西马克国际贸易（北京）有限公司
137 1662 6513103637753 北京安宝房地产开发有限公司
138 602 2360103632440 北京盘古氏投资有限公司
139 438 1688103676589 西马克技术（北京）有限公司
140 3 0005103682667 中科软科技股份有限公司
141 681 2609103594922 北京利祥制药有限公司
142 1309 5181103611696 北京天地玛珂电液控制系统有限公司
143 1600 6265103620766 北京天行网安信息技术有限责任公司
144 1397 5537103620458 ＳＭＣ（中国）有限公司
145 315 1226103689747 吉林森林工业股份有限公司北京门业分
公司
146 2273 8944103615275 德勤华永会计师事务所（特殊普通合伙
）北京分所
147 1433 5701103595072 北京高盟燕山科技有限公司
148 703 2712103628422 北京信威永胜通信技术有限公司
149 2318 9161103651985 北京东风南方亮马汽车销售服务有限公
司
150 2433 9610103718608 拉卡拉支付有限公司
151 1771 6981103594919 北京利祥制药有限公司
152 159 0634103718796 北京市伟业供热设备有限责任公司
153 699 2703103655000 北京东润科石油技术股份有限公司
154 1450 5732103624412 北京德奥达汽车销售有限公司
155 472 1824103618469 北京亿兆华盛有限公司
156 224 0900103638018 北京济民可信医药有限公司
157 1604 6278103614107 北京利尔高温材料股份有限公司
158 1377 5469103702733 北京巴瑞医疗器械有限公司
159 561 2206103674952 北京北星行汽车销售有限公司
160 652 2532103595906 北京海顺德钛催化剂有限公司
161 1810 7093103650539 锦州银行股份有限公司北京分行
162 479 1839103693214 北京侨福置业有限公司
-6-163 445 1730103682768 北京首儿药厂
164 1039 3967103601698 北京光线传媒股份有限公司
165 2109 8371103604170 北京金捷嘉业机电设备有限公司
166 573 2261103644954 北京章光101科技股份有限公司
167 2263 8913103695663 北京富源盛达房地产开发有限公司
168 153 0621103654220 北京讯奇连城商务服务有限公司
169 1021 3914103695660 北京富源盛达房地产开发有限公司
170 1497 5884103693070 北京升华电梯有限公司
171 2111 8378103720518 北京博瑞东贸汽车销售服务有限公司
172 829 3188103647182 中国平安财产保险股份有限公司北京分
公司
173 1884 7430103646687 中铁电气化局集团第一工程有限公司
174 1678 6569103685842 北京市建筑设计研究院有限公司
175 1714 6724103695129 北京华恩房地产开发有限公司
176 274 1072103687257 北京小米移动软件有限公司
177 2102 8345103634526 北京三聚创洁科技发展有限公司
178 1676 6559103674949 北京北星行汽车销售有限公司
179 1237 4811103602274 北京汤嘉今悦贸易有限公司
180 859 3290103690202 北京诚志创业商贸有限公司
181 807 3112103632746 北京北信源软件股份有限公司
182 2103 8350103697358 北京金港展览展示有限公司
183 46 0180103594280 北京朗依制药有限公司
184 2278 8970103671691 北京意厉维纺织品有限公司
185 1359 5398103684130 北京万象信息技术有限公司
186 1614 6324103622820 人民网股份有限公司
187 1622 6364103680002 海湾环境科技（北京）股份有限公司
188 1732 6828103627610 北京以岭药业有限公司
189 42 0161103674989 北京北星行汽车销售有限公司
190 2324 9170103647033 北京优炫软件股份有限公司
191 730 2839103695945 北京天越门窗制造有限公司
192 202 0813103645805 北京中汽雷日汽车有限公司
193 865 3343103638810 北京新京润房地产有限公司
194 562 2207103646682 中铁电气化局集团第一工程有限公司
195 1825 7161103637788 北京安宝房地产开发有限公司
196 2280 8983103662402 中国长城资产管理公司北京办事处
197 11 0046103597706 中国黄金集团营销有限公司
198 1280 5051103615119 北京易车互联信息技术有限公司
199 2219 8775103601711 北京光线传媒股份有限公司
-7-200 886 3429103630916 北京京港地铁有限公司
201 936 3602103638802 北京新京润房地产有限公司
202 2198 8703103637775 北京安宝房地产开发有限公司
203 1868 7358103647351 中国平安财产保险股份有限公司北京市
房山支公司
204 1353 5369103647020 北京优炫软件股份有限公司
205 2309 9133103660111 标银投资咨询（北京）有限公司
206 1295 5104103682678 中科软科技股份有限公司
207 2487 9782103596120 北京融世杰机械设备有限公司
208 2535 9979103620761 北京天行网安信息技术有限责任公司
209 1813 7103103680502 中建一局集团第三建筑有限公司
210 1423 5665103686656 国兴汽车服务中心
211 1952 7707103597704 中国黄金集团营销有限公司
212 952 3665103627718 中投发展有限责任公司
213 2209 8741103647178 中国平安财产保险股份有限公司北京分
公司
214 879 3392103626532 北京华创瑞风空调科技有限公司
215 994 3777103685807 北京市建筑设计研究院有限公司
216 2369 9326103774075 中国职工之家
217 1751 6929103611698 北京天地玛珂电液控制系统有限公司
218 650 2527103647159 中国平安财产保险股份有限公司北京分
公司
219 1937 7627103595165 北京高盟新材料股份有限公司
220 2238 8854103601715 北京光线传媒股份有限公司
221 1211 4680103685856 北京市建筑设计研究院有限公司
222 2070 8201103638017 北京济民可信医药有限公司
223 1042 3979103658204 北京金宝房地产开发有限公司
224 1154 4441103597645 中国黄金集团黄金珠宝有限公司
225 1476 5807103674941 北京北星行汽车销售有限公司
226 850 3262103651993 北京东风南方亮马汽车销售服务有限公
司
227 2250 8883103627706 中投发展有限责任公司
228 2319 9162103615117 北京易车互联信息技术有限公司
229 1666 6526103647116 中国平安财产保险股份有限公司北京市
崇文支公司
230 2495 9824103646701 中铁电气化局集团第一工程有限公司
231 1178 4566103599742 科瑞斯利生物科技（北京）有限公司
232 2459 9679103632417 北京盘古氏投资有限公司
-8-233 1167 4521103611689 北京天地玛珂电液控制系统有限公司
234 386 1491103594098 北京科铁机械设备有限公司
235 7 0028103671696 北京意厉维纺织品有限公司
236 1842 7233103630103 北京世纪睿科系统技术有限公司
237 1220 4734103663662 北京京现汽车维修服务有限公司
238 1672 6544103615116 北京易车互联信息技术有限公司
239 1011 3886103627712 中投发展有限责任公司
240 1156 4459103614185 北京利尔高温材料股份有限公司
241 372 1445103674990 北京北星行汽车销售有限公司
242 2316 9152103618664 北京宏强富瑞技术有限公司
243 531 2062103702719 北京巴瑞医疗器械有限公司
244 2523 9925103631856 北京国电恒通电力工程有限公司
245 2105 8355103679958 蓝色港湾有限公司
246 1993 7893103602253 北京市电信工程局有限公司郊区工程处
247 529 2053103632733 北京北信源软件股份有限公司
248 1898 7489103702735 北京巴瑞医疗器械有限公司
249 1104 4257103601714 北京光线传媒股份有限公司
250 282 1105103647176 中国平安财产保险股份有限公司北京分
公司
251 1185 4606103680056 北京星之辉科贸有限责任公司
252 128 0454103626933 北京三聚环保新材料股份有限公司
253 826 3177103685793 北京市建筑设计研究院有限公司
254 200 0798103658208 北京金宝房地产开发有限公司
255 446 1731103695270 北京龙熙顺景房地产开发有限责任公司
256 238 0943103702746 北京巴瑞医疗器械有限公司
257 217 0876103624111 北京京桥源通科技有限公司
258 1991 7879103614456 资和信电子支付有限公司
259 2295 9070103637550 盘古氏国际大酒店有限责任公司
260 1995 7896103697167 北京中科金财科技股份有限公司
261 2311 9141103656797 森特士兴集团股份有限公司
262 2288 9014103662973 安信普华财富投资管理（北京）有限公
司
263 608 2379103662326 北京瑞天盛达电器有限公司
264 1959 7735103664210 北京维通利电气有限公司
265 1745 6896103627563 北京北汽九龙出租汽车股份有限公司
266 1345 5348103774067 中国职工之家
267 266 1032103620461 ＳＭＣ（中国）有限公司
268 505 1952103644953 北京章光101科技股份有限公司
-9-269 201 0803103650749 中金数据系统有限公司
270 914 3517103646679 中铁电气化局集团第一工程有限公司
271 671 2592103632438 北京盘古氏投资有限公司
272 1375 5466103637752 北京安宝房地产开发有限公司
273 946 3647103646965 中国平安财产保险股份有限公司北京市
丰台支公司
274 864 3329103685850 北京市建筑设计研究院有限公司
275 145 0571103637549 盘古氏国际大酒店有限责任公司
276 326 1253103676442 中国水电顾问集团国际工程有限公司
277 1831 7183103631853 北京国电恒通电力工程有限公司
278 2305 9108103637548 盘古氏国际大酒店有限责任公司
279 1391 5505103588643 正安（北京）医疗设备有限公司
280 896 3455103674374 国核财务有限公司
281 1274 5018103633844 北京捷成汽车服务有限公司
282 1442 5720103629989 北京市浩伟律师事务所
283 258 1002103702744 北京巴瑞医疗器械有限公司
284 2122 8408103670891 北京雪邦科技有限公司
285 2344 9223103620450 ＳＭＣ（中国）有限公司
286 1009 3881103594915 北京利祥制药有限公司
287 774 2989103686807 北京国舜律师事务所
288 1435 5703103710231 北京市丰台区东铁营街道法律服务所
289 1557 6105103614230 北京嘉林药业股份有限公司
290 1399 5542103686659 国兴汽车服务中心
291 915 3518103597705 中国黄金集团营销有限公司
292 5 0013103659501 北京市海淀农业实用新技术推广协会
293 780 3017103702728 北京巴瑞医疗器械有限公司
294 273 1071103647025 北京优炫软件股份有限公司
295 1498 5886103699526 北京中盾安民分析技术有限公司
296 34 0135103620470 ＳＭＣ（中国）有限公司
297 554 2179103614218 北京嘉林药业股份有限公司
298 2147 8533103622998 北京市自来水集团有限责任公司
299 17 0073103638793 北京新京润房地产有限公司
300 680 2604103646684 中铁电气化局集团第一工程有限公司
301 2062 8176103614217 北京嘉林药业股份有限公司
302 155 0622103637832 北京安宝房地产开发有限公司
303 1362 5416103645301 趣游科技集团有限公司
304 2425 9585103614228 北京嘉林药业股份有限公司
305 2119 8404103672118 北京有色金属研究总院
-10-306 93 0345103656825 森特士兴集团股份有限公司
307 2428 9598103596707 北京福泉投资有限公司
308 161 0648103674965 北京北星行汽车销售有限公司
309 2528 9950103693225 北京侨福置业有限公司
310 605 2362103614994 北京鼎合金通经贸有限责任公司
311 1014 3892103696444 天富期货有限公司北京营业部
312 809 3116103630133 时代华睿（北京）科技有限公司
313 351 1354103658431 大唐财富投资管理有限公司
314 2374 9354103629958 思路讯（北京）网络技术有限公司
315 1938 7635103699048 中外建华诚城市建设有限公司
316 337 1293103653855 北京锐意佳兴科技发展有限公司
317 721 2789103596706 北京福泉投资有限公司
318 1369 5429103687232 北京小米移动软件有限公司
319 1526 5996103718607 拉卡拉支付有限公司
320 1181 4577103674963 北京北星行汽车销售有限公司
321 2053 8149103630875 北京京港地铁有限公司
322 2294 9049103629013 建峰建设集团股份有限公司
323 1370 5431103622590 北京黎明文仪家具有限公司
324 166 0674103622806 人民网股份有限公司
325 591 2306103600470 北京杨梅律师事务所
326 293 1142103597622 中国黄金集团黄金珠宝有限公司
327 509 1964103621148 北京鸿坤伟业房地产开发有限公司
328 1752 6930103682672 中科软科技股份有限公司
329 1781 7013103640339 中国兵器工业导航与控制技术研究所
330 595 2321103587802 北京市西城区京华培训学校
331 1917 7546103656060 北京德普通惠金属粉末有限公司
332 1044 3987103627568 北京北汽九龙出租汽车股份有限公司
333 1967 7773103637129 中国法制出版社
334 982 3754103656778 森特士兴集团股份有限公司
335 1122 4321103646138 北京市闪联信息产业协会
336 1342 5341103645398 江河创建集团股份有限公司
337 1627 6372103645310 趣游科技集团有限公司
338 1409 5606103634223 北京睿力恒一物流技术股份公司
339 310 1203103658177 北京金宝房地产开发有限公司
340 1127 4336103718609 拉卡拉支付有限公司
341 2304 9108103597644 中国黄金集团黄金珠宝有限公司
342 1147 4417103624415 北京德奥达汽车销售有限公司
343 197 0795103692859 北京巴瑞医疗器械有限公司
-11-344 1922 7564103630910 北京京港地铁有限公司
345 1427 5677103626509 北京华滨投资有限公司华滨国际大酒店
346 1186 4609103658429 大唐财富投资管理有限公司
347 1692 6610103700258 北京乐和彩科技有限公司
348 881 3398103626534 北京华创瑞风空调科技有限公司
349 2236 8839103647158 中国平安财产保险股份有限公司北京分
公司
350 399 1534103637961 北京济民可信医药有限公司
351 2530 9952103592617 北京骏东汽车销售服务有限公司
352 2259 8907103624103 北京润华泽投资管理有限公司
353 1529 6003103593909 北京仪能科思科技发展有限公司
354 1445 5723103695212 北京地源达房地产开发有限公司
355 2136 8484103647177 中国平安财产保险股份有限公司北京分
公司
356 2189 8681103624406 北京德奥达汽车销售有限公司
357 777 2997103685848 北京市建筑设计研究院有限公司
358 1361 5407103774069 中国职工之家
359 537 2093103658432 大唐财富投资管理有限公司
360 420 1633103614229 北京嘉林药业股份有限公司
361 1429 5686103634800 北京兴华会计师事务所有限责任公司
362 1844 7238103614170 北京利尔高温材料股份有限公司
363 407 1562103646678 中铁电气化局集团第一工程有限公司
364 957 3672103680501 中建一局集团第三建筑有限公司
365 1753 6934103627595 北京以岭药业有限公司
366 2066 8193103630878 北京京港地铁有限公司
367 27 0119103594929 北京利祥制药有限公司
368 2322 9166103682636 中科软科技股份有限公司
369 645 2510103663328 北京天地华泰采矿工程技术有限公司
370 1984 7858103658205 北京金宝房地产开发有限公司
371 244 0956103646693 中铁电气化局集团第一工程有限公司
372 400 1540103693076 北京升华电梯有限公司
373 38 0149103665809 北京永茂建工机械制造有限公司
374 96 0357103686639 国兴汽车服务中心
375 1125 4330103618475 北京亿兆华盛有限公司
376 1535 6027103624411 北京德奥达汽车销售有限公司
377 354 1371103634528 北京三聚创洁科技发展有限公司
378 2231 8819103699547 北京中盾安民分析技术有限公司
379 1440 5715103650529 锦州银行股份有限公司北京分行
-12-380 1037 3965103647028 北京优炫软件股份有限公司
381 1346 5349103701693 朝鲜友谊联合会社北京代表处
382 1569 6156103692838 北京巴瑞医疗器械有限公司
383 990 3768103623007 北京市自来水集团有限责任公司
384 1400 5551103632249 北京亚奥之星汽车服务有限公司
385 2201 8707103695136 北京华恩房地产开发有限公司
386 2434 9611103602700 新湖财富投资管理有限公司
387 2029 8049103695838 北京恒富物业服务有限公司
388 1746 6898103674954 北京北星行汽车销售有限公司
389 632 2447103647180 中国平安财产保险股份有限公司北京分
公司
390 1486 5841103597217 北京鼓乐喧天文化工作室（普通合伙）
391 590 2305103627561 北京北汽九龙出租汽车股份有限公司
392 574 2262103629023 建峰建设集团股份有限公司
393 1841 7225103597682 中国黄金集团营销有限公司
394 2327 9175103647105 中国平安财产保险股份有限公司北京市
崇文支公司
395 966 3708103650748 中金数据系统有限公司
396 1002 3855103637128 中国法制出版社
397 1159 4471103676590 西马克技术（北京）有限公司
398 1793 7054103774078 中国职工之家
399 1097 4240103647099 中国平安财产保险股份有限公司北京市
崇文支公司
400 1591 6232103702697 北京巴瑞医疗器械有限公司
401 953 3665103637778 北京安宝房地产开发有限公司
402 2286 9010103691575 北京五洲佳和文化有限公司
403 1859 7331103686660 国兴汽车服务中心
404 402 1549103594299 北京朗依制药有限公司
405 1408 5601103628416 北京信威永胜通信技术有限公司
406 2040 8087103594274 北京朗依制药有限公司
407 1064 4069103761582 爱国者电子科技有限公司
408 1779 7005103692839 北京巴瑞医疗器械有限公司
409 1008 3876103620469 ＳＭＣ（中国）有限公司
410 844 3247103620449 ＳＭＣ（中国）有限公司
411 392 1515103633552 北京空间视得装饰有限公司
412 498 1921103766243 北京北广科技股份有限公司
413 1376 5469103593334 江河机电装备工程有限公司
414 2504 9854103685800 北京市建筑设计研究院有限公司
-13-415 353 1362103633551 北京空间视得装饰有限公司
416 2403 9488103671697 北京意厉维纺织品有限公司
417 131 0472103687250 北京小米移动软件有限公司
418 576 2268103675965 北京华安保安职业技能培训学校
419 13 0057103627607 北京以岭药业有限公司
420 2192 8690103614990 北京鼎合金通经贸有限责任公司
421 1053 4030103596698 北京福泉投资有限公司
422 735 2845103597628 中国黄金集团黄金珠宝有限公司
423 306 1186103717040 北京市石景山区京港投融资协会
424 160 0644103632234 北京亚奥之星汽车服务有限公司
425 533 2070103628903 山东鲁花集团商贸有限公司北京分公司
426 993 3774103637762 北京安宝房地产开发有限公司
427 1072 4118103622818 人民网股份有限公司
428 2184 8657103685805 北京市建筑设计研究院有限公司
429 2478 9754103633653 捷成（中国）贸易有限公司北京汽车销
售分公司
430 2293 9042103662257 北京天成瑞源电缆有限公司
431 616 2411103630136 时代华睿（北京）科技有限公司
432 1242 4840103615276 德勤华永会计师事务所（特殊普通合伙
）北京分所
433 2078 8227103630238 北京苏向祥律师事务所
434 1799 7073103596690 北京福泉投资有限公司
435 1027 3949103685791 北京市建筑设计研究院有限公司
436 2526 9935103654999 北京东润科石油技术股份有限公司
437 682 2621103646676 中铁电气化局集团第一工程有限公司
438 2283 8995103679960 蓝色港湾有限公司
439 368 1422103676596 西马克技术（北京）有限公司
440 182 0735103686619 国兴汽车服务中心
441 1343 5342103647090 中国平安财产保险股份有限公司北京市
崇文支公司
442 999 3816103601743 北京京杰顿科技有限公司
443 649 2527103594418 北京普发兴业动力科技发展有限责任公
司
444 1029 3951103686648 国兴汽车服务中心
445 1386 5492103628125 北京华安远大智能电气有限公司
446 521 2016103721087 新京报社
447 1578 6183103622725 北京建银资产管理有限公司
448 455 1757103627584 北京以岭药业有限公司
-14-449 806 3109103658209 北京金宝房地产开发有限公司
450 2386 9406103647350 中国平安财产保险股份有限公司北京市
房山支公司
451 673 2593103628975 北京平安力合科技发展股份有限公司
452 1735 6836103631855 北京国电恒通电力工程有限公司
453 905 3474103682767 北京首儿药厂
454 1246 4861103650544 锦州银行股份有限公司北京分行
455 15 0068103629018 建峰建设集团股份有限公司
456 2310 9140103645807 北京中汽雷日汽车有限公司
457 1870 7362103611695 北京天地玛珂电液控制系统有限公司
458 452 1737103594937 北京利祥制药有限公司
459 743 2874103724691 北京市慈善义工协会
460 760 2940103597726 中国黄金集团营销有限公司
461 1263 4957103695830 北京恒富物业服务有限公司
462 812 3123103602487 北京鑫万佳科技发展有限公司
463 604 2361103676595 西马克技术（北京）有限公司
464 1642 6416103693079 北京升华电梯有限公司
465 2432 9608103675388 北京祥伦律师事务所
466 1160 4474103638005 北京济民可信医药有限公司
467 19 0081103674950 北京北星行汽车销售有限公司
468 2447 9637103627606 北京以岭药业有限公司
469 686 2639103637772 北京安宝房地产开发有限公司
470 373 1457103697157 北京中科金财科技股份有限公司
471 1929 7582103647162 中国平安财产保险股份有限公司北京分
公司
472 1892 7460103680493 中建一局集团第三建筑有限公司
473 1699 6651103623011 北京市自来水集团有限责任公司
474 2422 9574103620454 ＳＭＣ（中国）有限公司
475 44 0168103692886 北京建筑节能研究发展中心
476 799 3065103595168 北京高盟新材料股份有限公司
477 1958 7727103702968 北京华泰诺安科技有限公司
478 715 2776103593353 中国老年学学会老年宜居环境委员会
479 162 0649103685837 北京市建筑设计研究院有限公司
480 1149 4422103620852 北京清晨・雨露生物科技有限公司
481 1272 5005103602706 新湖财富投资管理有限公司
482 1951 7701103594933 北京利祥制药有限公司
483 792 3048103597716 中国黄金集团营销有限公司
484 2315 9148103614459 资和信电子支付有限公司
-15-485 2511 9879103647169 中国平安财产保险股份有限公司北京分
公司
486 1035 3958103676541 西马克国际贸易（北京）有限公司
487 2267 8922103624408 北京德奥达汽车销售有限公司
488 192 0778103615111 北京易车互联信息技术有限公司
489 2274 8952103622802 人民网股份有限公司
490 1925 7573103618665 北京宏强富瑞技术有限公司
491 967 3710103593910 北京仪能科思科技发展有限公司
492 626 2437103598360 北京天士安国际经济技术合作有限公司
493 419 1630103679955 蓝色港湾有限公司
494 436 1680103594917 北京利祥制药有限公司
495 184 0753103675661 北京五八信息技术有限公司
496 121 0433103628345 北京瑞平通信技术有限公司
497 2014 8005103614993 北京鼎合金通经贸有限责任公司
498 1281 5055103628312 北京信威通信技术股份有限公司
499 2380 9381103605482 北京市博文学校
500 1744 6895103677106 北京市鑫河律师事务所
501 1054 4030103597623 中国黄金集团黄金珠宝有限公司
502 1032 3955103632422 北京盘古氏投资有限公司
503 29 0125103679305 北京路通天虹商贸有限公司
504 599 2351103645313 趣游科技集团有限公司
505 114 0406103650527 锦州银行股份有限公司北京分行
506 1191 4623103637839 北京安宝房地产开发有限公司
507 1288 5083103686645 国兴汽车服务中心
508 118 0422103597715 中国黄金集团营销有限公司
509 1015 3899103621361 北京恒华伟业科技股份有限公司
510 2474 9743103645777 中国林业与环境促进会
511 643 2506103647164 中国平安财产保险股份有限公司北京分
公司
512 1329 5278103681954 北京丰茂华建筑有限公司
513 1701 6658103629035 建峰建设集团股份有限公司
514 1962 7753103627571 北京北汽九龙出租汽车股份有限公司
515 69 0255103692850 北京巴瑞医疗器械有限公司
516 656 2556103594921 北京利祥制药有限公司
517 2370 9335103702720 北京巴瑞医疗器械有限公司
518 296 1150103637783 北京安宝房地产开发有限公司
519 965 3705103626531 北京华创瑞风空调科技有限公司
520 1152 4431103614244 北京嘉林药业股份有限公司
-16-521 2475 9743103676543 西马克国际贸易（北京）有限公司
522 1610 6296103626644 北京汽车贸易中心有限公司
523 949 3660103689744 吉林森林工业股份有限公司北京门业分
公司
524 571 2257103597627 中国黄金集团黄金珠宝有限公司
525 1321 5233103594284 北京朗依制药有限公司
526 1948 7685103632430 北京盘古氏投资有限公司
527 2500 9843103632433 北京盘古氏投资有限公司
528 1236 4800103614111 北京利尔高温材料股份有限公司
529 572 2257103605757 北京通发动经贸有限公司
530 2130 8456103702712 北京巴瑞医疗器械有限公司
531 2160 8577103680498 中建一局集团第三建筑有限公司
532 297 1150103674391 中国电信股份有限公司
533 239 0946103622794 人民网股份有限公司
534 637 2480103611692 北京天地玛珂电液控制系统有限公司
535 1339 5327103655003 北京东润科石油技术股份有限公司
536 1941 7646103691244 北京波士山汽车销售服务有限公司
537 882 3406103682670 中科软科技股份有限公司
538 248 0973103685851 北京市建筑设计研究院有限公司
539 469 1809103693218 北京侨福置业有限公司
540 1371 5448103595095 北京网智瑞通信息技术服务有限公司
541 2489 9783103597616 中国黄金集团黄金珠宝有限公司
542 1315 5194103687229 北京小米移动软件有限公司
543 986 3758103774073 中国职工之家
544 1611 6297103685844 北京市建筑设计研究院有限公司
545 1240 4825103761604 爱国者电子科技有限公司
546 2237 8846103630915 北京京港地铁有限公司
547 2270 8939103623015 北京市自来水集团有限责任公司
548 874 3363103614093 北京利尔高温材料股份有限公司
549 1687 6595103718867 中国新兴交通物流总公司
550 926 3560103691827 北京易金卡网络技术有限公司
551 2215 8761103647352 中国平安财产保险股份有限公司北京市
房山支公司
552 1216 4715103654244 北京讯奇连城商务服务有限公司
553 2084 8284103634271 北京宝隆科利科技有限公司
554 2232 8820103634250 北京睿力恒一物流技术股份公司
555 144 0562103687235 北京小米移动软件有限公司
556 2226 8799103695665 北京富源盛达房地产开发有限公司
-17-557 1945 7672103628420 北京信威永胜通信技术有限公司
558 758 2939103697356 北京金港展览展示有限公司
559 2108 8366103594275 北京朗依制药有限公司
560 2368 9316103622810 人民网股份有限公司
561 824 3175103646689 中铁电气化局集团第一工程有限公司
562 892 3441103622809 人民网股份有限公司
563 1382 5478103634825 北京兴华会计师事务所有限责任公司
564 718 2784103695135 北京华恩房地产开发有限公司
565 684 2631103614455 资和信电子支付有限公司
566 270 1058103597621 中国黄金集团黄金珠宝有限公司
567 790 3039103697164 北京中科金财科技股份有限公司
568 6 0023103676597 西马克技术（北京）有限公司
569 963 3688103634248 北京睿力恒一物流技术股份公司
570 1171 4536103671189 中航捷锐（北京）光电技术有限公司
571 1261 4939103632023 中国铁建电气化局集团有限公司
572 1536 6031103674956 北京北星行汽车销售有限公司
573 840 3228103656799 森特士兴集团股份有限公司
574 1257 4927103623002 北京市自来水集团有限责任公司
575 474 1825103650130 北京基恒通信技术有限公司
576 1909 7534103629147 北京澄通光电股份有限公司
577 1522 5979103674961 北京北星行汽车销售有限公司
578 960 3683103604423 北京联龙博通电子商务技术有限公司
579 123 0434103595903 北京海顺德钛催化剂有限公司
580 962 3685103695648 北京富源盛达房地产开发有限公司
581 2247 8875103594273 北京朗依制药有限公司
582 738 2860103627064 中国审计学会
583 555 2181103618642 北京宏强富瑞技术有限公司
584 781 3018103674964 北京北星行汽车销售有限公司
585 1964 7760103686665 国兴汽车服务中心
586 1109 4268103596691 北京福泉投资有限公司
587 2517 9892103656774 森特士兴集团股份有限公司
588 1564 6136103627565 北京北汽九龙出租汽车股份有限公司
589 1155 4448103665811 北京永茂建工机械制造有限公司
590 1592 6240103680009 海湾环境科技（北京）股份有限公司
591 209 0844103622803 人民网股份有限公司
592 1414 5630103656788 森特士兴集团股份有限公司
593 1378 5470103624556 北京唐源房地产开发有限公司
594 2030 8051103645806 北京中汽雷日汽车有限公司
-18-595 970 3716103650555 锦州银行股份有限公司北京分行
596 243 0955103666600 中国老区建设促进会
597 151 0589103628972 北京平安力合科技发展股份有限公司
598 557 2198103614999 北京鼎合金通经贸有限责任公司
599 947 3648103615227 北京比特易湃信息技术有限公司
600 2227 8800103628311 北京信威通信技术股份有限公司
601 1719 6743103769382 北京市腾中律师事务所
602 1059 4053103685815 北京市建筑设计研究院有限公司
603 409 1565103695953 北京天越门窗制造有限公司
604 2456 9660103619874 北京市亦非律师事务所
605 852 3272103593327 江河机电装备工程有限公司
606 1867 7358103637542 盘古氏国际大酒店有限责任公司
607 847 3258103676536 西马克国际贸易（北京）有限公司
608 1597 6255103601701 北京光线传媒股份有限公司
609 909 3502103637543 盘古氏国际大酒店有限责任公司
610 2399 9473103647109 中国平安财产保险股份有限公司北京市
崇文支公司
611 1183 4595103645300 趣游科技集团有限公司
612 644 2509103601713 北京光线传媒股份有限公司
613 163 0651103614117 北京利尔高温材料股份有限公司
614 2441 9627103681936 北京志诚泰和信息技术有限公司
615 1677 6563103654314 北京同仁堂健康药品经营有限公司
616 2464 9688103626535 北京华创瑞风空调科技有限公司
617 810 3119103693075 北京升华电梯有限公司
618 979 3748103632429 北京盘古氏投资有限公司
619 2346 9238103693215 北京侨福置业有限公司
620 2116 8392103627589 北京以岭药业有限公司
621 1999 7916103628423 北京信威永胜通信技术有限公司
622 1765 6954103692858 北京巴瑞医疗器械有限公司
623 2041 8090103721159 北京中传奥美地亚广告传媒有限公司
624 1667 6527103630099 北京世纪睿科系统技术有限公司
625 1372 5452103684239 北京互信互通信息技术股份有限公司
626 404 1552103716584 北京广联通汽车修理厂
627 1713 6710103645304 趣游科技集团有限公司
628 2204 8727103605530 山东省日照市人民政府驻北京联络处
629 21 0093103591999 北京无线电测量研究所
630 1556 6091103621147 北京鸿坤伟业房地产开发有限公司
631 2034 8061103614240 北京嘉林药业股份有限公司
-19-632 2353 9267103624410 北京德奥达汽车销售有限公司
633 1814 7109103624422 北京德奥达汽车销售有限公司
634 651 2531103774083 中国职工之家
635 308 1197103695267 北京龙熙顺景房地产开发有限责任公司
636 2533 9972103624396 泽普互动（北京）科技有限公司
637 1837 7205103654316 北京同仁堂健康药品经营有限公司
638 1552 6081103699049 中外建华诚城市建设有限公司
639 196 0791103637781 北京安宝房地产开发有限公司
640 808 3113103658321 北京六合伟业科技股份有限公司
641 340 1311103628321 北京信威通信技术股份有限公司
642 631 2444103686622 国兴汽车服务中心
643 1786 7026103656970 北京三盈联合石油技术有限公司
644 486 1863103601712 北京光线传媒股份有限公司
645 1248 4876103674375 国核财务有限公司
646 1911 7536103650545 锦州银行股份有限公司北京分行
647 1481 5819103626218 北京中电兴发科技有限公司
648 2450 9646103685806 北京市建筑设计研究院有限公司
649 457 1770103651987 北京东风南方亮马汽车销售服务有限公
司
650 1624 6365103702700 北京巴瑞医疗器械有限公司
651 2363 9301103674947 北京北星行汽车销售有限公司
652 1251 4888103664209 北京维通利电气有限公司
653 2012 7977103627560 北京北汽九龙出租汽车股份有限公司
654 1194 4643103663326 北京天地华泰采矿工程技术有限公司
655 1733 6829103598903 北京市古天一国际拍卖有限公司
656 1163 4485103674636 北京大唐之星影视文化传播有限公司
657 1625 6366103596712 北京福泉投资有限公司
658 666 2581103620529 北京现代汽车有限公司
659 88 0328103686643 国兴汽车服务中心
660 122 0433103634566 山重融资租赁有限公司
661 1441 5718103637779 北京安宝房地产开发有限公司
662 2332 9199103601720 北京光线传媒股份有限公司
663 2038 8078103676588 西马克技术（北京）有限公司
664 2121 8407103615226 北京比特易湃信息技术有限公司
665 1754 6934103695650 北京富源盛达房地产开发有限公司
666 1108 4266103626931 北京三聚环保新材料股份有限公司
667 1804 7080103685841 北京市建筑设计研究院有限公司
668 379 1469103695657 北京富源盛达房地产开发有限公司
-20-669 1234 4788103622986 北京市自来水集团有限责任公司
670 1327 5272103614190 北京利尔高温材料股份有限公司
671 362 1408103693217 北京侨福置业有限公司
672 2465 9691103645312 趣游科技集团有限公司
673 1310 5182103637627 北京比亚迪模具有限公司
674 2183 8657103629038 建峰建设集团股份有限公司
675 1270 4991103630098 北京世纪睿科系统技术有限公司
676 1357 5395103644955 北京章光101科技股份有限公司
677 2472 9720103644952 北京章光101科技股份有限公司
678 1340 5330103627711 中投发展有限责任公司
679 104 0380103656794 森特士兴集团股份有限公司
680 1570 6157103610397 北京双河通达浆纸有限公司
681 2298 9084103593900 德威嘉业人力资源管理（北京）有限公
司工会委员会
682 142 0544103695275 北京龙熙顺景房地产开发有限责任公司
683 252 0986103614174 北京利尔高温材料股份有限公司
684 2518 9912103620530 北京现代汽车有限公司
685 346 1328103646692 中铁电气化局集团第一工程有限公司
686 327 1259103682675 中科软科技股份有限公司
687 1453 5741103685810 北京市建筑设计研究院有限公司
688 2410 9534103644930 中国循环经济协会
689 1897 7480103618117 北京市朝阳区再生资源协会
690 696 2691103638833 北京兰天大诚新型建材有限责任公司
691 1716 6732103614184 北京利尔高温材料股份有限公司
692 1130 4346103714799 北京市西城区启文培训学校
693 2461 9680103644696 盛隆电气（北京）有限公司
694 1651 6473103656782 森特士兴集团股份有限公司
695 1421 5646103658181 北京金宝房地产开发有限公司
696 1806 7083103601100 北京市仁爱教育研究所
697 2390 9417103676219 北京中美成信国际贸易有限公司
698 1979 7847103774076 中国职工之家
699 113 0405103684235 北京互信互通信息技术股份有限公司
700 185 0760103622815 人民网股份有限公司
701 1390 5503103662782 北京凯圣律师事务所
702 1871 7365103695133 北京华恩房地产开发有限公司
703 2397 9462103637837 北京安宝房地产开发有限公司
704 1205 4666103595644 北京华辰美缔医疗科技发展有限公司
705 782 3019103622807 人民网股份有限公司
-21-706 1650 6469103626930 北京三聚环保新材料股份有限公司
707 2289 9028103702741 北京巴瑞医疗器械有限公司
708 618 2415103702738 北京巴瑞医疗器械有限公司
709 1092 4192103615439 北京新意互动广告有限公司
710 1076 4127103613739 北京市京大律师事务所
711 2330 9190103699019 北京荣之联科技股份有限公司
712 1392 5507103692860 北京巴瑞医疗器械有限公司
713 2395 9453103614051 北京宏安建筑装饰工程有限责任公司
714 2463 9685103628977 北京平安力合科技发展股份有限公司
715 2233 8821103650134 北京基恒通信技术有限公司
716 12 0048103695833 北京恒富物业服务有限公司
717 1720 6744103710879 北京市顺义区龙湾屯镇龙湾屯村经济合
作社
718 836 3216103674938 北京北星行汽车销售有限公司
719 343 1321103662399 中国长城资产管理公司北京办事处
720 1717 6735103692836 北京巴瑞医疗器械有限公司
721 320 1249103682673 中科软科技股份有限公司
722 67 0250103595223 北京凯琪通达能源技术有限公司
723 2037 8071103596684 北京福泉投资有限公司
724 687 2655103684240 北京互信互通信息技术股份有限公司
725 76 0283103618471 北京亿兆华盛有限公司
726 1594 6248103627588 北京以岭药业有限公司
727 1206 4666103691702 北京京沈通达汽车贸易有限公司
728 1116 4308103699537 北京中盾安民分析技术有限公司
729 1584 6195103596695 北京福泉投资有限公司
730 958 3677103604886 北京市现代律师事务所
731 628 2439103685853 北京市建筑设计研究院有限公司
732 1385 5490103685802 北京市建筑设计研究院有限公司
733 2179 8653103647166 中国平安财产保险股份有限公司北京分
公司
734 1628 6375103687572 北京燕波工程管理有限公司
735 2224 8798103692843 北京巴瑞医疗器械有限公司
736 2206 8733103638004 北京济民可信医药有限公司
737 1457 5756103658433 大唐财富投资管理有限公司
738 978 3746103594887 北京扶远清隆科贸有限公司
739 1835 7201103695834 北京恒富物业服务有限公司
740 1665 6523103699541 北京中盾安民分析技术有限公司
741 344 1325103594272 北京朗依制药有限公司
-22-742 2175 8620103595909 北京海顺德钛催化剂有限公司
743 2022 8034103645299 趣游科技集团有限公司
744 1946 7680103630876 北京京港地铁有限公司
745 299 1162103660123 中国民生银行股份有限公司
746 1063 4063103695832 北京恒富物业服务有限公司
747 1010 3881103637761 北京安宝房地产开发有限公司
748 2510 9877103720514 北京嘉克新兴科技有限公司
749 1643 6426103696890 北京厚坤律师事务所
750 2043 8096103632419 北京盘古氏投资有限公司
751 801 3090103596685 北京福泉投资有限公司
752 1105 4259103620468 ＳＭＣ（中国）有限公司
753 79 0287103656824 森特士兴集团股份有限公司
754 1836 7202103682642 中科软科技股份有限公司
755 2195 8699103676566 西马克国际贸易（北京）有限公司
756 1164 4502103664212 北京维通利电气有限公司
757 2079 8228103685809 北京市建筑设计研究院有限公司
758 1150 4422103632245 北京亚奥之星汽车服务有限公司
759 722 2796103596700 北京福泉投资有限公司
760 1722 6764103674986 北京北星行汽车销售有限公司
761 1110 4268103674948 北京北星行汽车销售有限公司
762 203 0822103633749 北京波士瑞达汽车销售服务有限公司
763 1560 6121103695747 北京迪玛克医药科技有限公司
764 2269 8932103645309 趣游科技集团有限公司
765 1356 5387103637754 北京安宝房地产开发有限公司
766 253 0987103665816 北京永茂建工机械制造有限公司
767 769 2964103626935 北京三聚环保新材料股份有限公司
768 18 0080103627564 北京北汽九龙出租汽车股份有限公司
769 1513 5955103686663 国兴汽车服务中心
770 376 1466103649899 北京阳光智博科技有限公司
771 2522 9923103620525 北京现代汽车有限公司
772 181 0729103593335 江河机电装备工程有限公司
773 1761 6951103627570 北京北汽九龙出租汽车股份有限公司
774 1101 4248103680495 中建一局集团第三建筑有限公司
775 1379 5473103615115 北京易车互联信息技术有限公司
776 816 3146103687245 北京小米移动软件有限公司
777 1707 6685103614220 北京嘉林药业股份有限公司
778 1046 3988103674920 北京北星行汽车销售有限公司
779 1222 4746103693226 北京侨福置业有限公司
-23-780 2480 9759103604175 北京鄂尔多斯羊毛制品有限公司
781 35 0139103623001 北京市自来水集团有限责任公司
782 2203 8718103646688 中铁电气化局集团第一工程有限公司
783 1225 4761103695127 北京华恩房地产开发有限公司
784 2185 8664103697166 北京中科金财科技股份有限公司
785 2491 9799103676540 西马克国际贸易（北京）有限公司
786 2308 9129103674919 北京北星行汽车销售有限公司
787 84 0313103661004 莱凯医疗器械（北京）有限公司
788 1580 6189103637766 北京安宝房地产开发有限公司
789 1593 6240103731678 北京市安通律师事务所
790 1921 7556103622989 北京市自来水集团有限责任公司
791 1930 7589103605093 江苏省苏中建设集团股份有限公司北京
通州分公司
792 110 0387103676600 西马克技术（北京）有限公司
793 1843 7234103687248 北京小米移动软件有限公司
794 1507 5932103614101 北京利尔高温材料股份有限公司
795 683 2627103697159 北京中科金财科技股份有限公司
796 789 3039103647354 中国平安财产保险股份有限公司北京市
房山支公司
797 2411 9538103629027 建峰建设集团股份有限公司
798 969 3711103657250 北京奥美仕电器有限公司
799 2527 9939103595902 北京海顺德钛催化剂有限公司
800 2088 8290103702740 北京巴瑞医疗器械有限公司
801 2268 8925103695786 北京中盾安民分析技术有限公司
802 811 3121103595073 北京高盟燕山科技有限公司
803 1033 3956103614997 北京鼎合金通经贸有限责任公司
804 1641 6413103630912 北京京港地铁有限公司
805 1224 4761103685857 北京市建筑设计研究院有限公司
806 524 2031103632742 北京北信源软件股份有限公司
807 219 0881103597683 中国黄金集团营销有限公司
808 1331 5295103614112 北京利尔高温材料股份有限公司
809 1559 6109103718613 拉卡拉支付有限公司
810 2439 9623103614236 北京嘉林药业股份有限公司
811 140 0528103692840 北京巴瑞医疗器械有限公司
812 1553 6086103632431 北京盘古氏投资有限公司
813 614 2404103630880 北京京港地铁有限公司
814 2077 8225103682683 中科软科技股份有限公司
815 434 1671103695763 北京中盾安民分析技术有限公司
-24-816 1729 6801103664170 北京正北元电器有限公司
817 2264 8914103647022 北京优炫软件股份有限公司
818 1880 7402103605756 北京通发动经贸有限公司
819 98 0364103593361 北京燃气怀柔有限公司
820 223 0897103631852 北京国电恒通电力工程有限公司
821 1276 5031103699533 北京中盾安民分析技术有限公司
822 980 3748103697161 北京中科金财科技股份有限公司
823 1088 4178103637774 北京安宝房地产开发有限公司
824 205 0827103650534 锦州银行股份有限公司北京分行
825 1070 4109103650548 锦州银行股份有限公司北京分行
826 143 0555103676537 西马克国际贸易（北京）有限公司
827 2145 8524103639153 北京创立科创医药技术开发有限公司
828 1317 5211103650752 中金数据系统有限公司
829 2333 9201103630102 北京世纪睿科系统技术有限公司
830 2513 9885103622589 北京黎明文仪家具有限公司
831 942 3633103691245 北京波士山汽车销售服务有限公司
832 563 2208103620501 北京现代汽车有限公司
833 1318 5213103593066 北京福临达物流有限公司
834 2388 9413103695762 北京中盾安民分析技术有限公司
835 371 1443103614219 北京嘉林药业股份有限公司
836 716 2780103614166 北京利尔高温材料股份有限公司
837 1973 7809103671699 北京意厉维纺织品有限公司
838 1028 3949103695271 北京龙熙顺景房地产开发有限责任公司
839 1684 6585103691246 北京波士山汽车销售服务有限公司
840 90 0336103589101 当代社区发展与治理促进中心
841 1710 6696103632434 北京盘古氏投资有限公司
842 2408 9513103697236 北京华卫骥生物医药有限公司
843 1229 4773103656777 森特士兴集团股份有限公司
844 584 2283103614100 北京利尔高温材料股份有限公司
845 1336 5321103628957 北京德众汇达电子有限公司
846 2421 9571103644956 北京章光101科技股份有限公司
847 1161 4476103637544 盘古氏国际大酒店有限责任公司
848 1459 5757103674387 中国电信股份有限公司
849 1856 7318103646697 中铁电气化局集团第一工程有限公司
850 1607 6287103654113 河北建设集团有限公司北京丰台分公司
851 1575 6171103597636 中国黄金集团黄金珠宝有限公司
852 598 2339103682664 中科软科技股份有限公司
853 281 1096103719247 北京瑞嘉迅联科技有限公司
-25-854 1252 4896103685797 北京市建筑设计研究院有限公司
855 173 0705103663792 中国社会组织促进会
856 639 2496103638019 北京济民可信医药有限公司
857 787 3036103674994 北京北星行汽车销售有限公司
858 672 2592103652194 北京北方出租汽车有限责任公司
859 2045 8103103594297 北京朗依制药有限公司
860 1840 7214103650543 锦州银行股份有限公司北京分行
861 2490 9797103594941 北京利祥制药有限公司
862 1942 7648103627713 中投发展有限责任公司
863 664 2575103596121 北京融世杰机械设备有限公司
864 1117 4309103718610 拉卡拉支付有限公司
865 43 0163103630135 时代华睿（北京）科技有限公司
866 242 0949103695955 北京天越门窗制造有限公司
867 2449 9640103646695 中铁电气化局集团第一工程有限公司
868 2020 8026103686662 国兴汽车服务中心
869 1244 4851103620459 ＳＭＣ（中国）有限公司
870 1334 5313103615440 北京新意互动广告有限公司
871 1307 5176103774077 中国职工之家
872 1328 5276103632437 北京盘古氏投资有限公司
873 1685 6594103695835 北京恒富物业服务有限公司
874 433 1670103650538 锦州银行股份有限公司北京分行
875 1906 7531103674939 北京北星行汽车销售有限公司
876 1989 7877103627586 北京以岭药业有限公司
877 1616 6326103627705 中投发展有限责任公司
878 241 0947103695789 麦德（北京）建筑设计咨询有限公司
879 1736 6839103676495 乐视网信息技术（北京）股份有限公司
880 658 2558103695126 北京华恩房地产开发有限公司
881 1737 6842103712623 北京城乡创新发展博士研究会
882 858 3286103652193 北京北方出租汽车有限责任公司
883 1828 7179103702701 北京巴瑞医疗器械有限公司
884 700 2707103629028 建峰建设集团股份有限公司
885 1858 7328103680004 海湾环境科技（北京）股份有限公司
886 2452 9648103646966 中国平安财产保险股份有限公司北京市
丰台支公司
887 1850 7270103644913 中国有色金属工业协会再生金属分会
888 568 2235103656969 北京三盈联合石油技术有限公司
889 1838 7207103674943 北京北星行汽车销售有限公司
890 2384 9397103599334 北京华特众合工程设计咨询有限公司
-26-891 728 2829103647165 中国平安财产保险股份有限公司北京分
公司
892 1279 5045103596696 北京福泉投资有限公司
893 1305 5163103682669 中科软科技股份有限公司
894 1966 7765103695744 北京迪玛克医药科技有限公司
895 2142 8516103652107 北京中菱阳光科技发展中心
896 1249 4878103656787 森特士兴集团股份有限公司
897 931 3592103693213 北京侨福置业有限公司
898 739 2862103621140 北京鸿坤伟业房地产开发有限公司
899 395 1530103647175 中国平安财产保险股份有限公司北京分
公司
900 148 0578103601721 北京光线传媒股份有限公司
901 1510 5940103646685 中铁电气化局集团第一工程有限公司
902 1296 5108103638798 北京新京润房地产有限公司
903 877 3381103639014 北京英国广播公司
904 1758 6943103687255 北京小米移动软件有限公司
905 843 3245103695661 北京富源盛达房地产开发有限公司
906 1036 3961103614173 北京利尔高温材料股份有限公司
907 1749 6914103697235 北京华卫骥生物医药有限公司
908 514 1980103645306 趣游科技集团有限公司
909 1330 5285103632743 北京北信源软件股份有限公司
910 729 2830103647024 北京优炫软件股份有限公司
911 478 1834103627587 北京以岭药业有限公司
912 1686 6595103592620 北京骏东汽车销售服务有限公司
913 1124 4328103620462 ＳＭＣ（中国）有限公司
914 1960 7739103637826 北京安宝房地产开发有限公司
915 2059 8168103656974 北京三盈联合石油技术有限公司
916 1474 5793103650129 北京基恒通信技术有限公司
917 488 1868103594293 北京朗依制药有限公司
918 1090 4184103592619 北京骏东汽车销售服务有限公司
919 701 2708103702736 北京巴瑞医疗器械有限公司
920 943 3637103654219 北京讯奇连城商务服务有限公司
921 1637 6391103699542 北京中盾安民分析技术有限公司
922 422 1638103628902 山东鲁花集团商贸有限公司北京分公司
923 995 3790103627611 北京以岭药业有限公司
924 1626 6366103676599 西马克技术（北京）有限公司
925 1349 5358103620762 北京天行网安信息技术有限责任公司
926 1516 5969103614452 资和信电子支付有限公司
-27-927 1785 7023103602488 北京鑫万佳科技发展有限公司
928 791 3047103602697 新湖财富投资管理有限公司
929 636 2475103630877 北京京港地铁有限公司
930 262 1014103674386 中国电信股份有限公司
931 959 3680103629014 建峰建设集团股份有限公司
932 1774 6992103680003 海湾环境科技（北京）股份有限公司
933 268 1037103693104 北京升华电梯有限公司
934 1555 6090103685836 北京市建筑设计研究院有限公司
935 1987 7871103674951 北京北星行汽车销售有限公司
936 540 2114103674932 北京北星行汽车销售有限公司
937 2484 9776103692849 北京巴瑞医疗器械有限公司
938 1444 5721103674991 北京北星行汽车销售有限公司
939 322 1250103622591 北京黎明文仪家具有限公司
940 2350 9253103647117 中国平安财产保险股份有限公司北京市
崇文支公司
941 388 1509103620448 ＳＭＣ（中国）有限公司
942 1475 5801103682668 中科软科技股份有限公司
943 2016 8013103632741 北京北信源软件股份有限公司
944 1265 4962103628347 北京瑞平通信技术有限公司
945 2149 8546103629024 建峰建设集团股份有限公司
946 1389 5501103655001 北京东润科石油技术股份有限公司
947 334 1276103611679 北京天地玛珂电液控制系统有限公司
948 710 2743103627731 中投发展有限责任公司
949 940 3621103646686 中铁电气化局集团第一工程有限公司
950 2262 8913103685849 北京市建筑设计研究院有限公司
951 149 0581103634829 北京通天锐达科技有限公司
952 2279 8976103633752 北京波士瑞达汽车销售服务有限公司
953 1393 5507103744543 北京市联拓律师事务所
954 549 2159103627725 中投发展有限责任公司
955 972 3723103769079 北京中信国际大厦物业管理有限公司
956 974 3732103622994 北京市自来水集团有限责任公司
957 640 2496103695276 北京龙熙顺景房地产开发有限责任公司
958 2168 8605103594931 北京利祥制药有限公司
959 1403 5570103645303 趣游科技集团有限公司
960 72 0265103664068 北京鑫嘉能电力工程技术有限公司
961 1463 5771103614105 北京利尔高温材料股份有限公司
962 249 0975103702730 北京巴瑞医疗器械有限公司
963 1176 4563103627714 中投发展有限责任公司
-28-964 724 2798103629032 建峰建设集团股份有限公司
965 1950 7696103629017 建峰建设集团股份有限公司
966 1065 4077103682676 中科软科技股份有限公司
967 523 2030103637787 北京安宝房地产开发有限公司
968 466 1797103647027 北京优炫软件股份有限公司
969 1259 4929103687230 北京小米移动软件有限公司
970 2137 8485103601099 北京市仁爱教育研究所
971 2271 8942103647160 中国平安财产保险股份有限公司北京分
公司
972 1655 6478103646683 中铁电气化局集团第一工程有限公司
973 2385 9406103596687 北京福泉投资有限公司
974 71 0262103695951 北京天越门窗制造有限公司
975 1533 6015103594292 北京朗依制药有限公司
976 2222 8785103595169 北京高盟新材料股份有限公司
977 2320 9164103634529 北京三聚创洁科技发展有限公司
978 1175 4550103687833 北京赛门格电气科技有限公司
979 750 2916103594300 北京朗依制药有限公司
980 2211 8758103774087 中国职工之家
981 2164 8595103647100 中国平安财产保险股份有限公司北京市
崇文支公司
982 2241 8860103614451 资和信电子支付有限公司
983 2302 9095103687240 北京小米移动软件有限公司
984 1886 7441103593336 江河机电装备工程有限公司
985 1538 6033103593048 中国节能协会
986 1093 4194103637785 北京安宝房地产开发有限公司
987 1617 6328103601802 北京天地玛珂电液控制系统有限公司
988 737 2853103638818 北京新京润房地产有限公司
989 172 0701103652565 北京欣好佳利商贸有限公司
990 2176 8621103650540 锦州银行股份有限公司北京分行
991 254 0989103618479 北京亿兆华盛有限公司
992 1768 6960103686620 国兴汽车服务中心
993 1374 5463103615112 北京易车互联信息技术有限公司
994 2213 8760103660833 北京博创世纪科技有限公司
995 2435 9615103620465 ＳＭＣ（中国）有限公司
996 2285 9001103672645 北京市天澜律师事务所
997 225 0904103628317 北京信威通信技术股份有限公司
998 1290 5086103647098 中国平安财产保险股份有限公司北京市
崇文支公司
-29-999 908 3499103630130 时代华睿（北京）科技有限公司
1000 1018 3903103674946 北京北星行汽车销售有限公司
1001 358 1393103614116 北京利尔高温材料股份有限公司
1002 2297 9078103650542 锦州银行股份有限公司北京分行
1003 2225 8798103695208 北京地源达房地产开发有限公司
1004 775 2993103695649 北京富源盛达房地产开发有限公司
1005 1051 4007103627724 中投发展有限责任公司
1006 1757 6940103661010 莱凯医疗器械（北京）有限公司
1007 849 3261103597712 中国黄金集团营销有限公司
1008 839 3222103597624 中国黄金集团黄金珠宝有限公司
1009 2372 9341103707234 北京老爷车博物馆
1010 733 2842103634568 山重融资租赁有限公司
1011 768 2956103618480 北京亿兆华盛有限公司
1012 1974 7810103615758 北京太兴餐饮管理有限公司
1013 2437 9620103622795 人民网股份有限公司
1014 1894 7470103650547 锦州银行股份有限公司北京分行
1015 553 2177103699017 北京荣之联科技股份有限公司
1016 2173 8616103626443 中铁十九局集团有限公司
1017 2338 9206103685833 北京市建筑设计研究院有限公司
1018 1074 4122103646889 北京市先平律师事务所
1019 875 3369103623008 北京市自来水集团有限责任公司
1020 170 0686103660075 北京吉晟通科技有限公司
1021 1285 5067103695207 北京地源达房地产开发有限公司
1022 597 2337103611699 北京天地玛珂电液控制系统有限公司
1023 2499 9842103638804 北京新京润房地产有限公司
1024 1351 5366103626223 北京中电兴发科技有限公司
1025 1034 3957103593332 江河机电装备工程有限公司
1026 2536 9997103678592 中国教学仪器设备有限公司
1027 929 3582103686649 国兴汽车服务中心
1028 1766 6959103601707 北京光线传媒股份有限公司
1029 1540 6035103628124 北京华安远大智能电气有限公司
1030 1702 6661103650747 中金数据系统有限公司
1031 1723 6771103686647 国兴汽车服务中心
1032 1994 7896103685829 北京市建筑设计研究院有限公司
1033 1853 7307103632240 北京亚奥之星汽车服务有限公司
1034 1114 4294103658320 北京六合伟业科技股份有限公司
1035 1520 5974103699020 北京荣之联科技股份有限公司
1036 389 1509103682677 中科软科技股份有限公司
-30-1037 53 0205103615231 北京比特易湃信息技术有限公司
1038 285 1117103595901 北京海顺德钛催化剂有限公司
1039 245 0958103647094 中国平安财产保险股份有限公司北京市
崇文支公司
1040 2502 9850103720517 北京博瑞东贸汽车销售服务有限公司
1041 222 0893103656784 森特士兴集团股份有限公司
1042 1260 4934103601705 北京光线传媒股份有限公司
1043 137 0497103623004 北京市自来水集团有限责任公司
1044 1767 6959103614450 资和信电子支付有限公司
1045 2013 7995103596694 北京福泉投资有限公司
1046 1086 4159103766241 北京北广科技股份有限公司
1047 2162 8585103614180 北京利尔高温材料股份有限公司
1048 414 1590103670366 北京双顺达信息技术有限公司
1049 477 1829103720576 杉特新合数控科技（北京）有限公司
1050 374 1464103624401 正太集团有限公司北京建筑分公司
1051 2531 9959103656793 森特士兴集团股份有限公司
1052 171 0691103594928 北京利祥制药有限公司
1053 10 0038103675817 北京联通昊普汽车技术有限公司
1054 208 0837103671693 北京意厉维纺织品有限公司
1055 2261 8910103614227 北京嘉林药业股份有限公司
1056 1877 7395103658178 北京金宝房地产开发有限公司
1057 1525 5992103695211 北京地源达房地产开发有限公司
1058 1067 4099103695658 北京富源盛达房地产开发有限公司
1059 1138 4394103646699 中铁电气化局集团第一工程有限公司
1060 964 3690103627601 北京以岭药业有限公司
1061 52 0197103686642 国兴汽车服务中心
1062 506 1956103651990 北京东风南方亮马汽车销售服务有限公
司
1063 510 1964103774079 中国职工之家
1064 1565 6143103650550 锦州银行股份有限公司北京分行
1065 2494 9822103627716 中投发展有限责任公司
1066 617 2413103597632 中国黄金集团黄金珠宝有限公司
1067 2378 9373103654246 北京讯奇连城商务服务有限公司
1068 2460 9679103682643 中科软科技股份有限公司
1069 1129 4346103615443 北京新意互动广告有限公司
1070 2243 8868103634247 北京睿力恒一物流技术股份公司
1071 765 2952103614454 资和信电子支付有限公司
1072 1197 4647103609505 北京在明律师事务所
-31-1073 2182 8654103638807 北京新京润房地产有限公司
1074 2345 9232103630906 北京京港地铁有限公司
1075 1141 4396103718605 拉卡拉支付有限公司
1076 1824 7148103597708 中国黄金集团营销有限公司
1077 944 3640103698623 北京保安协会
1078 451 1736103766242 北京北广科技股份有限公司
1079 917 3521103676598 西马克技术（北京）有限公司
1080 2466 9691103654245 北京讯奇连城商务服务有限公司
1081 2044 8097103685840 北京市建筑设计研究院有限公司
1082 20 0082103594419 北京普发兴业动力科技发展有限责任公
司
1083 2426 9586103628103 北京华安远大智能电气有限公司
1084 240 0946103634252 北京睿力恒一物流技术股份公司
1085 1199 4648103637836 北京安宝房地产开发有限公司
1086 363 1410103720575 杉特新合数控科技（北京）有限公司
1087 2440 9623103656776 森特士兴集团股份有限公司
1088 347 1333103646691 中铁电气化局集团第一工程有限公司
1089 77 0284103627721 中投发展有限责任公司
1090 418 1616103632444 北京盘古氏投资有限公司
1091 1914 7543103638834 北京兰天大诚新型建材有限责任公司
1092 1718 6737103638814 北京新京润房地产有限公司
1093 403 1550103679659 北京融世信泰投资管理有限公司
1094 2218 8774103645392 江河创建集团股份有限公司
1095 2404 9491103614232 北京嘉林药业股份有限公司
1096 1981 7853103620562 北京华建项目管理有限公司
1097 1350 5358103646705 北京中实达装饰工程有限公司
1098 2277 8967103624407 北京德奥达汽车销售有限公司
1099 2087 8290103629037 建峰建设集团股份有限公司
1100 156 0627103589530 北京天悦恒翔商贸有限公司
1101 2074 8221103676539 西马克国际贸易（北京）有限公司
1102 432 1668103674933 北京北星行汽车销售有限公司
1103 1891 7458103695653 北京富源盛达房地产开发有限公司
1104 1241 4831103774080 中国职工之家
1105 2208 8734103650764 东方网力科技股份有限公司
1106 2104 8353103594282 北京朗依制药有限公司
1107 2367 9315103627715 中投发展有限责任公司
1108 1764 6954103686661 国兴汽车服务中心
1109 771 2979103692864 北京巴瑞医疗器械有限公司
-32-1110 212 0856103647029 北京优炫软件股份有限公司
1111 2343 9220103614106 北京利尔高温材料股份有限公司
1112 1298 5121103686684 国兴汽车服务中心
1113 508 1963103594295 北京朗依制药有限公司
1114 1179 4575103692863 北京巴瑞医疗器械有限公司
1115 2073 8213103637768 北京安宝房地产开发有限公司
1116 2505 9855103601699 北京光线传媒股份有限公司
1117 2365 9309103620456 ＳＭＣ（中国）有限公司
1118 499 1922103650541 锦州银行股份有限公司北京分行
1119 977 3745103664213 北京维通利电气有限公司
1120 795 3051103594927 北京利祥制药有限公司
1121 2501 9845103597007 奕霖四海（天津）置业有限公司北京物
业管理分公司
1122 2415 9558103628350 北京瑞平通信技术有限公司
1123 230 0910103685796 北京市建筑设计研究院有限公司
1124 1419 5636103614163 北京利尔高温材料股份有限公司
1125 794 3050103661009 莱凯医疗器械（北京）有限公司
1126 662 2572103629085 北京俊望律师事务所
1127 1822 7135103650132 北京基恒通信技术有限公司
1128 1623 6365103617413 北京鼎力兴商贸有限责任公司
1129 221 0884103674916 北京北星行汽车销售有限公司
1130 1151 4428103674995 北京高联汽车俱乐部有限公司
1131 2009 7970103695784 北京中盾安民分析技术有限公司
1132 1311 5183103695100 北京华恩房地产开发有限公司
1133 216 0871103620502 北京现代汽车有限公司
1134 1144 4409103697156 北京中科金财科技股份有限公司
1135 1933 7611103699525 北京中盾安民分析技术有限公司
1136 925 3559103682257 北京市君本律师事务所
1137 627 2437103629015 建峰建设集团股份有限公司
1138 87 0327103594930 北京利祥制药有限公司
1139 1439 5711103622990 北京市自来水集团有限责任公司
1140 1232 4777103637838 北京安宝房地产开发有限公司
1141 2331 9198103595907 北京海顺德钛催化剂有限公司
1142 2194 8697103622808 人民网股份有限公司
1143 609 2383103593330 江河机电装备工程有限公司
1144 2417 9559103632248 北京亚奥之星汽车服务有限公司
1145 1473 5793103594286 北京朗依制药有限公司
1146 2342 9219103594610 北京市丰台区丰台街道丰益花园社区卫
生服务站
-33-1147 1725 6775103638011 北京济民可信医药有限公司
1148 1852 7302103693083 北京升华电梯有限公司
1149 2364 9305103650552 锦州银行股份有限公司北京分行
1150 497 1916103702699 北京巴瑞医疗器械有限公司
1151 2024 8034103680494 中建一局集团第三建筑有限公司
1152 1893 7461103686651 国兴汽车服务中心
1153 1609 6296103623871 北京市海淀区山木职业技能培训学校
1154 1490 5848103626222 北京中电兴发科技有限公司
1155 2141 8512103645302 趣游科技集团有限公司
1156 57 0215103695651 北京富源盛达房地产开发有限公司
1157 1113 4274103644811 京宝高科（北京）电子科技有限公司
1158 1546 6061103618072 北京市华炜律师事务所
1159 1395 5525103638009 北京济民可信医药有限公司
1160 2028 8048103695745 北京迪玛克医药科技有限公司
1161 2509 9874103633750 北京波士瑞达汽车销售服务有限公司
1162 543 2136103638808 北京新京润房地产有限公司
1163 2157 8572103620528 北京现代汽车有限公司
1164 1919 7550103615438 北京新意互动广告有限公司
1165 1080 4143103601719 北京光线传媒股份有限公司
1166 991 3771103678925 北京欣天燃气设备安装工程有限公司
1167 261 1013103616796 政和国际会计师事务所（北京）有限公
司
1168 2325 9171103685847 北京市建筑设计研究院有限公司
1169 2446 9634103622804 人民网股份有限公司
1170 585 2287103647313 法制晚报社
1171 1656 6484103676601 西马克技术（北京）有限公司
1172 1146 4415103680007 海湾环境科技（北京）股份有限公司
1173 2335 9203103634272 北京宝隆科利科技有限公司
1174 191 0772103674945 北京北星行汽车销售有限公司
1175 1304 5159103655024 北京东润科石油技术股份有限公司
1176 348 1347103614457 资和信电子支付有限公司
1177 1073 4121103615232 北京比特易湃信息技术有限公司
1178 2296 9076103692852 北京巴瑞医疗器械有限公司
1179 1881 7412103596701 北京福泉投资有限公司
1180 1775 6998103671703 北京意厉维纺织品有限公司
1181 629 2441103627765 北京供电培训学校
1182 951 3661103651557 北京辉煌那家餐饮管理有限公司
1183 1061 4059103626932 北京三聚环保新材料股份有限公司
-34-1184 725 2801103676538 西马克国际贸易（北京）有限公司
1185 134 0479103654309 北京同仁堂健康药品经营有限公司
1186 866 3343103647353 中国平安财产保险股份有限公司北京市
房山支公司
1187 2337 9205103695949 北京天越门窗制造有限公司
1188 2026 8043103702713 北京巴瑞医疗器械有限公司
1189 2120 8407103604345 京银汇通融资担保有限公司
1190 292 1138103699534 北京中盾安民分析技术有限公司
1191 1660 6509103680033 北京星之辉科贸有限责任公司特种阀门
技术分公司
1192 2498 9832103628901 山东鲁花集团商贸有限公司北京分公司
1193 1809 7093103622991 北京市自来水集团有限责任公司
1194 406 1562103637765 北京安宝房地产开发有限公司
1195 1549 6073103615114 北京易车互联信息技术有限公司
1196 663 2574103651986 北京东风南方亮马汽车销售服务有限公
司
1197 1648 6461103627140 北京国泰世纪科技发展有限公司
1198 976 3740103705627 东电创新（北京）科技发展股份有限公
司
1199 1706 6683103645353 眉州东坡餐饮管理（北京）有限公司
1200 237 0938103693224 北京侨福置业有限公司
1201 2180 8654103614181 北京利尔高温材料股份有限公司
1202 895 3450103617931 北京市海淀区大外综合培训学校
1203 778 3003103685820 北京市建筑设计研究院有限公司
1204 705 2726103638806 北京新京润房地产有限公司
1205 86 0320103685819 北京市建筑设计研究院有限公司
1206 1182 4581103614245 北京嘉林药业股份有限公司
1207 2019 8025103596693 北京福泉投资有限公司
1208 1460 5757103692862 北京巴瑞医疗器械有限公司
1209 930 3586103614138 浙江省湖州市人民政府驻北京联络处
1210 1589 6222103597724 中国黄金集团营销有限公司
1211 668 2587103617410 北京鼎力兴商贸有限责任公司
1212 871 3352103650551 锦州银行股份有限公司北京分行
1213 1940 7646103647170 中国平安财产保险股份有限公司北京分
公司
1214 62 0229103611688 北京天地玛珂电液控制系统有限公司
1215 1012 3888103620338 北京昌恒皮具制作有限公司
1216 2427 9596103646700 中铁电气化局集团第一工程有限公司
-35-1217 1669 6536103622649 北京市房山区汽车摩托车运动协会
1218 2477 9747103628318 北京信威通信技术股份有限公司
1219 487 1866103647216 北京中关村高新技术企业协会
1220 2051 8141103614161 北京利尔高温材料股份有限公司
1221 719 2787103628319 北京信威通信技术股份有限公司
1222 28 0125103593908 北京仪能科思科技发展有限公司
1223 50 0195103596704 北京福泉投资有限公司
1224 2351 9257103693067 北京麦格林科技有限责任公司
1225 2328 9182103684237 北京互信互通信息技术股份有限公司
1226 1483 5825103620451 ＳＭＣ（中国）有限公司
1227 1695 6626103664169 北京正北元电器有限公司
1228 59 0216103695132 北京华恩房地产开发有限公司
1229 578 2269103614977 清华大学
1230 556 2196103695268 北京龙熙顺景房地产开发有限责任公司
1231 25 0116103622814 人民网股份有限公司
1232 1303 5154103695652 北京富源盛达房地产开发有限公司
1233 1683 6581103630908 北京京港地铁有限公司
1234 2532 9961103679959 蓝色港湾有限公司
1235 2129 8456103686515 北京时通脉搏科技发展中心
1236 596 2322103644698 盛隆电气（北京）有限公司
1237 1551 6077103637825 北京安宝房地产开发有限公司
1238 429 1656103658435 北京市国汉律师事务所
1239 2075 8221103693219 北京侨福置业有限公司
1240 2217 8764103646702 中铁电气化局集团第一工程有限公司
1241 1635 6390103637771 北京安宝房地产开发有限公司
1242 1396 5537103611693 北京天地玛珂电液控制系统有限公司
1243 1888 7444103632432 北京盘古氏投资有限公司
1244 1778 7005103657088 北京市泽文律师事务所
1245 2090 8292103595461 中国可再生能源学会
1246 313 1216103656780 森特士兴集团股份有限公司
1247 620 2424103630132 时代华睿（北京）科技有限公司
1248 954 3668103611677 北京天地玛珂电液控制系统有限公司
1249 1426 5677103623374 优尼班克（北京）科技有限公司
1250 2132 8468103676592 西马克技术（北京）有限公司
1251 1291 5087103646681 中铁电气化局集团第一工程有限公司
1252 462 1791103630100 北京世纪睿科系统技术有限公司
1253 1954 7715103622992 北京市自来水集团有限责任公司
1254 341 1316103624110 北京盛势博锐科技发展有限公司
-36-1255 904 3474103614175 北京利尔高温材料股份有限公司
1256 2356 9272103594718 北京利福瑞达科贸有限公司
1257 1148 4420103656781 森特士兴集团股份有限公司
1258 199 0798103633654 捷成（中国）贸易有限公司北京汽车销
售分公司
1259 539 2111103626533 北京华创瑞风空调科技有限公司
1260 1818 7118103680500 中建一局集团第三建筑有限公司
1261 294 1144103634828 北京兴华会计师事务所有限责任公司
1262 898 3457103602707 新湖财富投资管理有限公司
1263 876 3380103689304 北京宏艾瑞医药科技有限公司
1264 690 2668103626536 北京华创瑞风空调科技有限公司
1265 1532 6013103699532 北京中盾安民分析技术有限公司
1266 2519 9921103595070 北京高盟燕山科技有限公司
1267 785 3035103654865 北京康源食品有限公司
1268 190 0772103646674 中铁电气化局集团第一工程有限公司
1269 279 1089103597720 中国黄金集团营销有限公司
1270 1508 5937103678593 中国教学仪器设备有限公司
1271 260 1012103646696 中铁电气化局集团第一工程有限公司
1272 264 1025103693063 北京央务恒远保安服务有限公司
1273 1294 5096103632233 北京亚奥之星汽车服务有限公司
1274 492 1886103614222 北京嘉林药业股份有限公司
1275 741 2870103593076 北京比斯特物流有限公司
1276 1006 3873103697165 北京中科金财科技股份有限公司
1277 910 3505103632188 北京市朝阳区黑庄户乡万子营西村经济
合作社
1278 679 2602103594912 北京利祥制药有限公司
1279 550 2159103671378 北京中电通力软件有限公司
1280 126 0446103601706 北京光线传媒股份有限公司
1281 1320 5218103682671 中科软科技股份有限公司
1282 1931 7603103705486 北京千代科技有限公司
1283 2457 9665103632441 北京盘古氏投资有限公司
1284 2065 8192103593328 江河机电装备工程有限公司
1285 1300 5135103699529 北京中盾安民分析技术有限公司
1286 755 2927103695273 北京龙熙顺景房地产开发有限责任公司
1287 634 2460103647113 中国平安财产保险股份有限公司北京市
崇文支公司
1288 2191 8690103594914 北京利祥制药有限公司
1289 385 1488103630721 中国秦文研究会
-37-1290 642 2498103632232 北京亚奥之星汽车服务有限公司
1291 1864 7346103685792 北京市建筑设计研究院有限公司
1292 830 3189103656800 森特士兴集团股份有限公司
1293 1488 5843103601700 北京光线传媒股份有限公司
1294 289 1134103621144 北京鸿坤伟业房地产开发有限公司
1295 1857 7322103671701 北京意厉维纺织品有限公司
1296 1347 5350103637064 北京市泰明律师事务所
1297 1087 4160103602705 新湖财富投资管理有限公司
1298 1215 4714103638796 北京新京润房地产有限公司
1299 1142 4399103611687 北京天地玛珂电液控制系统有限公司
1300 2046 8113103645399 江河创建集团股份有限公司
1301 427 1653103674957 北京北星行汽车销售有限公司
1302 319 1240103593329 江河机电装备工程有限公司
1303 1026 3946103663632 北京市惠康律师事务所
1304 2021 8033103637757 北京安宝房地产开发有限公司
1305 2334 9201103675816 北京联通昊普汽车技术有限公司
1306 1277 5033103623003 北京市自来水集团有限责任公司
1307 610 2385103676183 北京未来科技城开发建设有限公司
1308 593 2313103587884 北京市汉韬律师事务所
1309 702 2711103594296 北京朗依制药有限公司
1310 1084 4152103692329 北京市农发扶贫基金会
1311 1323 5240103684241 北京互信互通信息技术股份有限公司
1312 1982 7855103702737 北京巴瑞医疗器械有限公司
1313 1365 5423103628974 北京平安力合科技发展股份有限公司
1314 677 2597103645956 北京金色宝藏文化传播有限公司工艺品
店
1315 2284 8998103693074 北京升华电梯有限公司
1316 1112 4272103637793 北京安宝房地产开发有限公司
1317 1644 6431103680011 海湾环境科技（北京）股份有限公司
1318 1545 6060103632241 北京亚奥之星汽车服务有限公司
1319 698 2694103663663 北京京现汽车维修服务有限公司
1320 665 2579103718795 北京市伟业供热设备有限责任公司
1321 449 1734103658318 北京六合伟业科技股份有限公司
1322 1691 6610103627726 中投发展有限责任公司
1323 653 2543103614224 北京嘉林药业股份有限公司
1324 2420 9566103702727 北京巴瑞医疗器械有限公司
1325 2089 8291103650750 中金数据系统有限公司
1326 1364 5421103597637 中国黄金集团黄金珠宝有限公司
-38-1327 1547 6065103685795 北京市建筑设计研究院有限公司
1328 580 2274103658319 北京六合伟业科技股份有限公司
1329 494 1909103693072 北京升华电梯有限公司
1330 1645 6447103674992 北京北星行汽车销售有限公司
1331 1523 5990103661005 莱凯医疗器械（北京）有限公司
1332 365 1421103643774 北京市丰台区翩翩艺术幼儿园
1333 1907 7531103689179 雷欧尼斯（北京）信息技术有限公司
1334 2163 8589103618470 北京亿兆华盛有限公司
1335 579 2274103627562 北京北汽九龙出租汽车股份有限公司
1336 1401 5564103638015 北京济民可信医药有限公司
1337 1196 4646103637763 北京安宝房地产开发有限公司
1338 165 0659103632435 北京盘古氏投资有限公司
1339 1503 5914103611680 北京天地玛珂电液控制系统有限公司
1340 1586 6199103614172 北京利尔高温材料股份有限公司
1341 1431 5690103630913 北京京港地铁有限公司
1342 744 2879103671695 北京意厉维纺织品有限公司
1343 1990 7878103626537 北京华创瑞风空调科技有限公司
1344 689 2663103592616 北京骏东汽车销售服务有限公司
1345 1783 7020103674922 北京北星行汽车销售有限公司
1346 853 3275103594288 北京朗依制药有限公司
1347 1245 4859103596689 北京福泉投资有限公司
1348 2471 9711103645308 趣游科技集团有限公司
1349 1238 4817103601710 北京光线传媒股份有限公司
1350 2537 9998103662255 北京天成瑞源电缆有限公司
1351 23 0094103593484 北京国都精机贸易有限公司
1352 996 3794103675662 北京五八信息技术有限公司
1353 2503 9852103622987 北京市自来水集团有限责任公司
1354 85 0315103676184 北京未来科技城开发建设有限公司
1355 2321 9165103685855 北京市建筑设计研究院有限公司
1356 2381 9381103682640 中科软科技股份有限公司
1357 257 1001103652196 北京北方出租汽车有限责任公司
1358 415 1594103601784 中植企业集团有限公司
1359 1772 6982103686644 国兴汽车服务中心
1360 1493 5870103656968 北京三盈联合石油技术有限公司
1361 2011 7975103692853 北京巴瑞医疗器械有限公司
1362 2352 9259103629019 建峰建设集团股份有限公司
1363 2245 8872103629011 建峰建设集团股份有限公司
1364 1657 6499103647155 中国平安财产保险股份有限公司北京分
公司
-39-1365 1961 7748103624405 北京德奥达汽车销售有限公司
1366 1187 4609103711701 北京力源石工贸中心
1367 1381 5474103664166 北京正北元电器有限公司
1368 2496 9825103663324 北京天地华泰采矿工程技术有限公司
1369 1504 5919103594938 北京利祥制药有限公司
1370 168 0683103594715 北京利福瑞达科贸有限公司
1371 890 3438103700256 北京乐和彩科技有限公司
1372 375 1465103671694 北京意厉维纺织品有限公司
1373 328 1262103628899 山东鲁花集团商贸有限公司北京分公司
1374 300 1163103637625 北京比亚迪模具有限公司
1375 2376 9362103611685 北京天地玛珂电液控制系统有限公司
1376 548 2159103623009 北京市自来水集团有限责任公司
1377 1738 6858103658206 北京金宝房地产开发有限公司
1378 1581 6189103693616 北京颖泰嘉和生物科技有限公司
1379 503 1950103674393 中国电信股份有限公司
1380 559 2204103630904 北京京港地铁有限公司
1381 421 1636103637770 北京安宝房地产开发有限公司
1382 1608 6293103627730 中投发展有限责任公司
1383 1120 4316103774071 中国职工之家
1384 1496 5883103665813 北京永茂建工机械制造有限公司
1385 454 1750103645307 趣游科技集团有限公司
1386 206 0829103614098 北京利尔高温材料股份有限公司
1387 525 2046103602484 北京鑫万佳科技发展有限公司
1388 2166 8601103601717 北京光线传媒股份有限公司
1389 1703 6668103695837 北京恒富物业服务有限公司
1390 2256 8896103593331 江河机电装备工程有限公司
1391 1740 6872103616690 科电航宇（北京）信息技术有限公司
1392 1800 7074103638016 北京济民可信医药有限公司
1393 2100 8343103601709 北京光线传媒股份有限公司
1394 2520 9921103660979 莱凯医疗器械（北京）有限公司
1395 2187 8678103646675 中铁电气化局集团第一工程有限公司
1396 1923 7564103685542 北京凯迪克格兰云天大酒店有限公司
1397 1218 4726103628917 北京博发伟业科技有限公司
1398 1056 4044103687244 北京小米移动软件有限公司
1399 899 3461103633531 北京华盛福源汽车销售服务有限公司
1400 382 1482103630907 北京京港地铁有限公司
1401 1936 7622103658211 北京金宝房地产开发有限公司
1402 287 1119103596688 北京福泉投资有限公司
-40-1403 1777 7005103638816 北京新京润房地产有限公司
1404 717 2783103632423 北京盘古氏投资有限公司
1405 1438 5708103630882 北京京港地铁有限公司
1406 2371 9336103652200 北京北方出租汽车有限责任公司
1407 1889 7451103774088 中国职工之家
1408 797 3055103647021 北京优炫软件股份有限公司
1409 440 1696103608117 北京市京翰律师事务所
1410 697 2694103623416 北京鸿坤新业房地产开发有限公司
1411 1577 6180103630134 时代华睿（北京）科技有限公司
1412 2393 9445103615229 北京比特易湃信息技术有限公司
1413 467 1807103660982 莱凯医疗器械（北京）有限公司
1414 1572 6161103687234 北京小米移动软件有限公司
1415 1233 4777103656792 森特士兴集团股份有限公司
1416 1633 6386103662401 中国长城资产管理公司北京办事处
1417 2401 9480103717989 北京华艺泽园林绿化工程有限公司
1418 1335 5316103650532 锦州银行股份有限公司北京分行
1419 1471 5790103627590 北京以岭药业有限公司
1420 275 1081103602190 北京市勤和律师事务所
1421 2131 8465103632242 北京亚奥之星汽车服务有限公司
1422 1821 7129103627940 北京中寰工程项目管理有限公司
1423 709 2739103699524 北京中盾安民分析技术有限公司
1424 695 2688103593333 江河机电装备工程有限公司
1425 2001 7922103627709 中投发展有限责任公司
1426 1682 6578103626578 北京联润博科贸有限公司
1427 2400 9478103645361 北京罗杰律师事务所
1428 103 0376103632734 北京北信源软件股份有限公司
1429 349 1351103594285 北京朗依制药有限公司
1430 1204 4665103632235 北京亚奥之星汽车服务有限公司
1431 2336 9205103638820 北京新京润房地产有限公司
1432 542 2136103614171 北京利尔高温材料股份有限公司
1433 786 3035103674923 北京北星行汽车销售有限公司
1434 630 2441103720511 北京嘉克新兴科技有限公司
1435 992 3771103716205 平顶山市人民政府驻北京联络处
1436 746 2893103597370 中国文联出版社
1437 2050 8136103656779 森特士兴集团股份有限公司
1438 2094 8313103622801 人民网股份有限公司
1439 507 1960103614239 北京嘉林药业股份有限公司
1440 1896 7479103660983 莱凯医疗器械（北京）有限公司
-41-1441 2049 8131103615441 北京新意互动广告有限公司
1442 271 1059103622592 北京黎明文仪家具有限公司
1443 2052 8146103647107 中国平安财产保险股份有限公司北京市
崇文支公司
1444 2249 8881103630883 北京京港地铁有限公司
1445 1201 4650103622805 人民网股份有限公司
1446 1872 7367103686654 国兴汽车服务中心
1447 2326 9175103628348 北京瑞平通信技术有限公司
1448 49 0193103627110 北京市众泽律师事务所
1449 1603 6273103664217 北京维通利电气有限公司
1450 1454 5745103663327 北京天地华泰采矿工程技术有限公司
1451 1203 4659103658183 北京金宝房地产开发有限公司
1452 1649 6466103602704 新湖财富投资管理有限公司
1453 821 3160103663325 北京天地华泰采矿工程技术有限公司
1454 918 3524103699503 北京中盾安民分析技术有限公司
1455 1519 5972103693221 北京侨福置业有限公司
1456 1963 7753103693082 北京升华电梯有限公司
1457 589 2299103638008 北京济民可信医药有限公司
1458 983 3757103633747 北京波士瑞达汽车销售服务有限公司
1459 1338 5324103597619 中国黄金集团黄金珠宝有限公司
1460 1654 6477103654312 北京同仁堂健康药品经营有限公司
1461 754 2926103702725 北京巴瑞医疗器械有限公司
1462 2081 8252103604082 北京市好家居建材装饰市场有限责任公
司
1463 1247 4871103658430 大唐财富投资管理有限公司
1464 1131 4352103591021 北京潇湘府餐饮有限公司第七分公司
1465 476 1829103622996 北京市自来水集团有限责任公司
1466 773 2988103674937 北京北星行汽车销售有限公司
1467 1566 6152103684238 北京互信互通信息技术股份有限公司
1468 885 3425103687256 北京小米移动软件有限公司
1469 757 2931103638681 北京魏汝久律师事务所
1470 2082 8265103628302 北京瑞平通信技术有限公司
1471 2375 9359103622729 北京建银资产管理有限公司
1472 1696 6632103697163 北京中科金财科技股份有限公司
1473 625 2435103650546 锦州银行股份有限公司北京分行
1474 2118 8401103663160 北京高思律师事务所
1475 187 0767103685838 北京市建筑设计研究院有限公司
1476 1052 4022103616642 北京市丰台区卢沟桥街道丰体时代社区
卫生服务站
-42-1477 1976 7815103663687 北京京现汽车维修服务有限公司
1478 1562 6128103637759 北京安宝房地产开发有限公司
1479 1795 7063103620763 北京天行网安信息技术有限责任公司
1480 2445 9632103638384 北京安泰恒工程项目管理有限公司
1481 2354 9271103594939 北京利祥制药有限公司
1482 1780 7009103605092 江苏省苏中建设集团股份有限公司北京
通州分公司
1483 1157 4460103637831 北京安宝房地产开发有限公司
1484 2246 8874103695836 北京恒富物业服务有限公司
1485 766 2955103634527 北京三聚创洁科技发展有限公司
1486 2000 7917103637600 北京比亚迪模具有限公司
1487 1467 5783103614188 北京利尔高温材料股份有限公司
1488 1436 5705103615000 北京鼎合金通经贸有限责任公司
1489 623 2434103722976 北京报关协会
1490 51 0195103620463 ＳＭＣ（中国）有限公司
1491 247 0970103618474 北京亿兆华盛有限公司
1492 1069 4107103597634 中国黄金集团黄金珠宝有限公司
1493 515 1990103611676 北京天地玛珂电液控制系统有限公司
1494 1447 5724103702734 北京巴瑞医疗器械有限公司
1495 2303 9099103621521 北京祺祥律师事务所
1496 532 2065103679951 蓝色港湾有限公司
1497 1664 6521103680006 海湾环境科技（北京）股份有限公司
1498 1567 6153103638801 北京新京润房地产有限公司
1499 923 3557103647168 中国平安财产保险股份有限公司北京分
公司
1500 1258 4927103722936 北京中经赛博科技有限公司
1501 1173 4545103627598 北京以岭药业有限公司
1502 2107 8360103697234 北京华卫骥生物医药有限公司
1503 712 2762103647111 中国平安财产保险股份有限公司北京市
崇文支公司
1504 1013 3888103647163 中国平安财产保险股份有限公司北京分
公司
1505 2221 8779103699539 北京中盾安民分析技术有限公司
1506 907 3490103632243 北京亚奥之星汽车服务有限公司
1507 1902 7518103627703 中投发展有限责任公司
1508 1410 5620103685854 北京市建筑设计研究院有限公司
1509 1243 4842103611691 北京天地玛珂电液控制系统有限公司
1510 2424 9579103674953 北京北星行汽车销售有限公司
-43-1511 1862 7340103685832 北京市建筑设计研究院有限公司
1512 1787 7030103645314 趣游科技集团有限公司
1513 938 3611103611681 北京天地玛珂电液控制系统有限公司
1514 2508 9874103628905 山东鲁花集团商贸有限公司北京分公司
1515 1652 6474103681935 北京志诚泰和信息技术有限公司
1516 1402 5568103620467 ＳＭＣ（中国）有限公司
1517 1227 4769103627609 北京以岭药业有限公司
1518 749 2905103629022 建峰建设集团股份有限公司
1519 120 0430103685835 北京市建筑设计研究院有限公司
1520 827 3180103686650 国兴汽车服务中心
1521 659 2566103594713 北京利福瑞达科贸有限公司
1522 1996 7898103628904 山东鲁花集团商贸有限公司北京分公司
1523 36 0147103656775 森特士兴集团股份有限公司
1524 1162 4482103644924 北京华信通电讯有限公司
1525 2329 9188103687242 北京小米移动软件有限公司
1526 2467 9694103620527 北京现代汽车有限公司
1527 1883 7422103633745 北京波士瑞达汽车销售服务有限公司
1528 2468 9694103680499 中建一局集团第三建筑有限公司
1529 246 0966103634244 北京睿力恒一物流技术股份公司
1530 1209 4677103596703 北京福泉投资有限公司
1531 1491 5866103628346 北京瑞平通信技术有限公司
1532 607 2372103658173 北京金宝房地产开发有限公司
1533 359 1394103672080 住房和城乡建设部修缮队
1534 9 0038103647349 中国平安财产保险股份有限公司北京市
房山支公司
1535 660 2566103645397 江河创建集团股份有限公司
1536 1674 6552103638799 北京新京润房地产有限公司
1537 1100 4246103637130 中国法制出版社
1538 1040 3973103602322 北京市兆中律师事务所
1539 2003 7939103681952 北京丰茂华建筑有限公司
1540 1038 3966103702731 北京巴瑞医疗器械有限公司
1541 1153 4440103594720 北京利福瑞达科贸有限公司
1542 396 1531103632735 北京北信源软件股份有限公司
1543 1223 4760103699536 北京中盾安民分析技术有限公司
1544 2004 7953103624404 北京德奥达汽车销售有限公司
1545 2085 8287103680005 海湾环境科技（北京）股份有限公司
1546 1083 4150103650751 中金数据系统有限公司
1547 2455 9657103654223 北京讯奇连城商务服务有限公司
-44-1548 189 0771103687252 北京小米移动软件有限公司
1549 1500 5902103595164 北京高盟新材料股份有限公司
1550 278 1088103622593 北京黎明文仪家具有限公司
1551 1299 5135103615230 北京比特易湃信息技术有限公司
1552 2347 9249103628349 北京瑞平通信技术有限公司
1553 704 2726103594923 北京利祥制药有限公司
1554 937 3607103632418 北京盘古氏投资有限公司
1555 981 3748103774084 中国职工之家
1556 1005 3868103594936 北京利祥制药有限公司
1557 470 1814103632238 北京亚奥之星汽车服务有限公司
1558 1697 6635103687337 北京西军庄加油站
1559 1515 5963103681913 北京华夏税通税务师事务所有限公司
1560 127 0447103604444 北京联龙博通电子商务技术有限公司
1561 1934 7612103626646 北京汽车贸易中心有限公司
1562 2174 8619103594298 北京朗依制药有限公司
1563 2358 9286103718800 北京联众宏创科技有限公司
1564 2317 9158103634798 北京兴华会计师事务所有限责任公司
1565 1485 5827103679957 蓝色港湾有限公司
1566 1085 4159103611686 北京天地玛珂电液控制系统有限公司
1567 75 0270103635893 北京市中鹏律师事务所
1568 1341 5334103605490 现代管理大学
1569 146 0574103628102 北京华安远大智能电气有限公司
1570 180 0727103637841 北京安宝房地产开发有限公司
1571 1451 5734103692856 北京巴瑞医疗器械有限公司
1572 2186 8673103595533 北京市证天律师事务所
1573 669 2590103617130 北京政泉控股有限公司
1574 1612 6298103662256 北京天成瑞源电缆有限公司
1575 1262 4947103681747 景德镇市人民政府驻北京联络处
1576 179 0726103630101 北京世纪睿科系统技术有限公司
1577 321 1249103719558 中安永恒（北京）工程技术有限公司
1578 856 3281103594283 北京朗依制药有限公司
1579 1048 3990103663685 北京京现汽车维修服务有限公司
1580 887 3434103697153 北京中科金财科技股份有限公司
1581 31 0127103622798 人民网股份有限公司
1582 280 1095103627806 美国特拉莫比有限责任公司北京代表处
1583 164 0657103647115 中国平安财产保险股份有限公司北京市
崇文支公司
1584 169 0683103597721 中国黄金集团营销有限公司
-45-1585 1509 5939103652199 北京北方出租汽车有限责任公司
1586 1455 5747103603090 北京市民政局培训中心
1587 2207 8734103627729 中投发展有限责任公司
1588 932 3593103695269 北京龙熙顺景房地产开发有限责任公司
1589 2144 8519103637830 北京安宝房地产开发有限公司
1590 1200 4648103645354 眉州东坡餐饮管理（北京）有限公司
1591 410 1571103687573 北京燕波工程管理有限公司
1592 1384 5481103649900 北京阳光智博科技有限公司
1593 226 0908103595898 北京海顺德钛催化剂有限公司
1594 1479 5816103614113 北京利尔高温材料股份有限公司
1595 1099 4241103685828 北京市建筑设计研究院有限公司
1596 1588 6208103629025 建峰建设集团股份有限公司
1597 2506 9867103636987 北京书同文数字化技术有限公司
1598 551 2162103627596 北京以岭药业有限公司
1599 1394 5519103682665 中科软科技股份有限公司
1600 369 1425103633743 北京波士瑞达汽车销售服务有限公司
1601 2292 9041103661007 莱凯医疗器械（北京）有限公司
1602 586 2288103677061 欧文托普（中国）暖通空调系统技术有
限公司
1603 460 1783103620444 ＳＭＣ（中国）有限公司
1604 1805 7082103647026 北京优炫软件股份有限公司
1605 2398 9470103638812 北京新京润房地产有限公司
1606 1815 7110103650133 北京基恒通信技术有限公司
1607 398 1534103597643 中国黄金集团黄金珠宝有限公司
1608 2158 8573103774082 中国职工之家
1609 674 2594103629033 建峰建设集团股份有限公司
1610 2023 8034103647103 中国平安财产保险股份有限公司北京市
崇文支公司
1611 1344 5345103663684 北京京现汽车维修服务有限公司
1612 2448 9639103694736 北京京谷友好医院
1613 646 2512103618476 北京亿兆华盛有限公司
1614 935 3601103627599 北京以岭药业有限公司
1615 2382 9390103689543 北京诚信日盛商贸有限责任公司
1616 1219 4727103614169 北京利尔高温材料股份有限公司
1617 2413 9555103656801 森特士兴集团股份有限公司
1618 2177 8621103686655 国兴汽车服务中心
1619 1388 5498103632239 北京亚奥之星汽车服务有限公司
1620 309 1198103697232 北京华卫骥生物医药有限公司
-46-1621 1550 6076103674934 北京北星行汽车销售有限公司
1622 1807 7089103694964 中铁航空港建设集团北京有限公司
1623 916 3518103632739 北京北信源软件股份有限公司
1624 975 3734103628323 北京信威通信技术股份有限公司
1625 193 0778103615444 北京新意互动广告有限公司
1626 1123 4327103654317 北京同仁堂健康药品经营有限公司
1627 58 0216103594277 北京朗依制药有限公司
1628 272 1065103718884 北京卫星信息工程研究所
1629 1208 4673103685801 北京市建筑设计研究院有限公司
1630 1312 5185103675048 康保环亚安全防范技术（北京）有限公
司
1631 2314 9146103621647 北京中杰物业管理有限公司
1632 2190 8684103632421 北京盘古氏投资有限公司
1633 726 2806103594271 北京朗依制药有限公司
1634 2389 9415103596697 北京福泉投资有限公司
1635 307 1189103676574 空军直属机关蓝天幼儿园
1636 1301 5144103685814 北京市建筑设计研究院有限公司
1637 528 2051103594932 北京利祥制药有限公司
1638 1079 4132103663869 中矿龙科能源科技（北京）股份有限公
司
1639 2453 9654103622792 人民网股份有限公司
1640 1098 4241103676182 北京未来科技城开发建设有限公司
1641 413 1590103658317 北京六合伟业科技股份有限公司
1642 1250 4879103627704 中投发展有限责任公司
1643 335 1277103614458 资和信电子支付有限公司
1644 619 2422103632022 中国铁建电气化局集团有限公司
1645 2507 9869103630881 北京京港地铁有限公司
1646 220 0884103629039 建峰建设集团股份有限公司
1647 1363 5420103655002 北京东润科石油技术股份有限公司
1648 685 2635103687254 北京小米移动软件有限公司
1649 1007 3876103594291 北京朗依制药有限公司
1650 1618 6339103687236 北京小米移动软件有限公司
1651 1134 4368103647355 中国平安财产保险股份有限公司北京市
房山支公司
1652 425 1644103680010 海湾环境科技（北京）股份有限公司
1653 229 0910103661008 莱凯医疗器械（北京）有限公司
1654 1139 4395103646942 中国平安财产保险股份有限公司北京市
丰台支公司
-47-1655 796 3051103644925 北京华信通电讯有限公司
1656 770 2964103686641 国兴汽车服务中心
1657 1731 6816103595914 北京海顺德钛催化剂有限公司
1658 401 1542103682682 中科软科技股份有限公司
1659 2272 8943103682638 中科软科技股份有限公司
1660 2027 8044103622793 人民网股份有限公司
1661 1943 7664103674955 北京北星行汽车销售有限公司
1662 2095 8314103633751 北京波士瑞达汽车销售服务有限公司
1663 2140 8504103658212 北京金宝房地产开发有限公司
1664 1158 4471103632044 中国铁建电气化局集团有限公司
1665 2153 8565103647173 中国平安财产保险股份有限公司北京分
公司
1666 1217 4715103665847 北京市中唐律师事务所
