1 136 0525103765014 北京世纪正源房地产开发有限公司
2 1531 6528103770714 北京磨铁图书有限公司
3 1163 4894103841239 北京市林海出租汽车有限公司
4 732 2912103744678 昆吾九鼎投资管理有限公司
5 165 0678103734526 中国石油天然气运输公司北京华北分公
司
6 1993 8388103676602 西马克技术（北京）有限公司
7 1032 4231103627462 金创世邦（北京）科技有限公司
8 1488 6343103632420 北京盘古氏投资有限公司
9 1863 7781103881538 北京安泰隆机电技术有限公司
10 536 2059103766652 北京龙晟交通事故司法鉴定所
11 1861 7769103810533 鹤岗市人民政府驻北京联络处
12 94 0359103868831 哈尔滨新宝澳门酒店管理有限公司北京
三里屯小吃店
13 693 2704103760493 北京恒远恒信科技发展有限公司
14 2287 9691103791166 北京科住物业管理有限公司
15 778 3104103806192 北京斯利安药业有限公司
16 2051 8602103638805 北京新京润房地产有限公司
17 1081 4455103823597 北京中关村开发建设股份有限公司第四
建筑工程分公司
18 230 0932103620457 ＳＭＣ（中国）有限公司
-2-19 1086 4471103744668 昆吾九鼎投资管理有限公司
20 1333 5738103699540 北京中盾安民分析技术有限公司
21 1004 4064103791162 北京科住物业管理有限公司
22 159 0653103852517 中国大唐集团公司
23 957 3874103823308 北京乾建建筑装饰工程有限责任公司
24 1558 6615103875818 北京文兴律师事务所
25 1948 8180103774466 北京合锐赛尔电力科技有限公司
26 1999 8410103596708 北京福泉投资有限公司
27 1214 5177103671700 北京意厉维纺织品有限公司
28 280 1133103839099 中泰创展控股有限公司
29 1681 7082103774469 北京合锐赛尔电力科技有限公司
30 11 0063103786702 斯帝卡（北京）体育用品有限公司
31 368 1486103729417 北京快客利餐饮管理有限公司
32 803 3180103810322 北京多维视通技术有限公司
33 1235 5296103794946 泛玛散料处理技术（北京）有限公司
34 110 0409103783562 众志恒阳（北京）工业设备有限公司
35 2278 9648103644950 北京章光101科技股份有限公司
36 1755 7355103654311 北京同仁堂健康药品经营有限公司
37 1868 7801103880341 北京网康科技有限公司
38 777 3104103744455 北京市远东德力电子有限公司
39 2234 9446103798860 北京市龙鼎华源房地产开发有限责任公
司
40 1384 5919103760520 北京恒远恒信科技发展有限公司
41 1310 5653103656798 森特士兴集团股份有限公司
42 1378 5895103794950 泛玛散料处理技术（北京）有限公司
43 818 3258103773702 北京新华电广影视技术有限公司
44 1743 7306103744457 北京市远东德力电子有限公司
45 1308 5646103748675 北京车之家信息技术有限公司
46 71 0280103757612 北京市诚辉律师事务所
47 2189 9209103852694 北京鼎汉技术股份有限公司
48 611 2360103637602 北京比亚迪模具有限公司
49 1474 6270103637834 北京安宝房地产开发有限公司
50 224 0908103798869 北京市龙鼎华源房地产开发有限责任公
司
51 1481 6287103760501 北京恒远恒信科技发展有限公司
52 1334 5738103748681 北京车之家信息技术有限公司
53 776 3098103870659 北京新凤凰城房地产开发有限公司
54 1239 5307103638811 北京新京润房地产有限公司
-3-55 1962 8210103798865 北京市龙鼎华源房地产开发有限责任公
司
56 2337 9915103760981 北京睿博美佳商贸有限公司
57 575 2225103800014 北京爱德发科技有限公司
58 1966 8230103744683 昆吾九鼎投资管理有限公司
59 1144 4765103811642 北京茂庸投资有限公司
60 527 2024103731171 福瑞博达（北京）自动化设备有限公司
61 780 3109103870622 北京新凤凰城房地产开发有限公司
62 752 2996103853122 北京首航艾启威节能技术股份有限公司
63 2167 9095103624419 北京德奥达汽车销售有限公司
64 1852 7734103811035 北京市密云县不老屯镇史庄子村民委员
会
65 168 0714103748670 北京车之家信息技术有限公司
66 1059 4361103835983 北京百富昌餐饮管理有限公司
67 1219 5201103661006 莱凯医疗器械（北京）有限公司
68 584 2254103760993 北京睿博美佳商贸有限公司
69 9 0056103747583 北京全义日晟金属结构工程有限公司
70 1383 5911103806182 北京斯利安药业有限公司
71 183 0772103811762 综艺超导科技有限公司
72 305 1237103632021 中国铁建电气化局集团有限公司
73 356 1432103748313 中国兵器装备集团公司
74 2063 8636103739001 北京丰台长峰医院
75 24 0108103804350 北京安警壹线科技有限公司
76 1987 8372103681953 北京丰茂华建筑有限公司
77 1701 7153103765062 北京世纪正源房地产开发有限公司
78 1574 6677103594281 北京朗依制药有限公司
79 250 1015103880343 北京网康科技有限公司
80 1878 7847103823596 北京中关村开发建设股份有限公司第四
建筑工程分公司
81 2170 9109103616202 北京多众视界影视广告有限公司
82 604 2327103784393 北京金佳景汽车销售有限公司
83 1167 4903103798859 北京市龙鼎华源房地产开发有限责任公
司
84 1458 6219103883708 高晟财富（北京）投资管理有限公司
85 891 3563103773744 北京新华电广影视技术有限公司
86 1395 5958103794912 北京环耀汽车服务有限公司
87 28 0118103794272 北京市海淀区中律华成培训学校
88 2357 9973103676594 西马克技术（北京）有限公司
-4-89 508 1953103748303 中国兵器装备集团公司
90 2301 9734103645352 眉州东坡餐饮管理（北京）有限公司
91 1181 4982103682017 北京庆丰万兴食品科技研发中心
92 2263 9580103791990 北京比亚迪模具有限公司
93 1708 7174103770716 北京磨铁图书有限公司
94 605 2340103811660 北京茂庸投资有限公司
95 559 2151103895046 加多宝（中国）饮料有限公司
96 1571 6669103873005 中国法学交流基金会
97 1327 5724103610192 北京市平谷区绿都林科技示范园
98 1575 6679103774070 中国职工之家
99 1213 5170103632247 北京亚奥之星汽车服务有限公司
100 1606 6821103910377 北京爱迪科森教育科技股份有限公司
101 602 2322103837922 北京欣特锐盾技术发展有限公司
102 91 0350103694705 北京市兰台律师事务所
103 42 0180103620445 ＳＭＣ（中国）有限公司
104 1176 4960103622797 人民网股份有限公司
105 978 3977103621146 北京鸿坤伟业房地产开发有限公司
106 1074 4420103760182 北京润泽庄苑房地产开发有限公司
107 1215 5178103748596 北京齐尔布莱特科技有限公司
108 2336 9892103744679 昆吾九鼎投资管理有限公司
109 637 2464103692844 北京巴瑞医疗器械有限公司
110 1361 5821103803318 世纪铭信（北京）技术有限公司
111 1716 7195103624416 北京德奥达汽车销售有限公司
112 1627 6892103839546 北京中电加美环保科技有限公司
113 717 2841103675663 北京五八信息技术有限公司
114 176 0732103760516 北京恒远恒信科技发展有限公司
115 1945 8172103671692 北京意厉维纺织品有限公司
116 710 2805103812293 北京工体广告公司
117 962 3900103620765 北京天行网安信息技术有限责任公司
118 1134 4697103823599 北京中关村开发建设股份有限公司第四
建筑工程分公司
119 1031 4226103741885 北京市海淀区同仁财会培训学校
120 1223 5221103870653 北京新凤凰城房地产开发有限公司
121 76 0301103815663 北京天航瑞晨汽车销售有限公司
122 69 0276103880346 北京网康科技有限公司
123 203 0849103674987 北京北星行汽车销售有限公司
124 672 2596103613593 北京大昌联丰汽车销售服务有限公司
125 1009 4109103692842 北京巴瑞医疗器械有限公司
-5-126 1459 6219103895027 加多宝（中国）饮料有限公司
127 1825 7621103748312 中国兵器装备集团公司
128 416 1647103796126 北京鄂尔多斯创展服装有限公司
129 375 1514103615225 北京比特易湃信息技术有限公司
130 2360 9999103760990 北京睿博美佳商贸有限公司
131 665 2573103737386 新浪网技术（中国）有限公司
132 565 2170103794804 北京荔刚石材有限公司
133 2 0002103679953 蓝色港湾有限公司
134 1077 4428103798851 北京市龙鼎华源房地产开发有限责任公
司
135 1416 6032103658174 北京金宝房地产开发有限公司
136 2075 8697103792770 北京晒客天地科技有限公司
137 418 1653103702745 北京巴瑞医疗器械有限公司
138 1315 5683103615442 北京新意互动广告有限公司
139 1142 4743103751206 钰海生（北京）经贸有限公司
140 532 2037103852512 中国大唐集团公司
141 1665 7039103615118 北京易车互联信息技术有限公司
142 2180 9163103730947 北京日月房地产开发有限公司
143 547 2106103791997 北京比亚迪模具有限公司
144 367 1485103749083 马哈（北京）贸易有限公司
145 991 4011103787819 北京中润发汽车销售有限公司
146 429 1691103794954 泛玛散料处理技术（北京）有限公司
147 974 3946103619971 北京国康堂大药房有限责任公司工会
148 861 3435103685831 北京市建筑设计研究院有限公司
149 365 1478103824021 北京三元基因工程有限公司
150 442 1734103811960 北京市地铁建筑安装工程公司
151 1579 6691103693220 北京侨福置业有限公司
152 2350 9959103760498 北京恒远恒信科技发展有限公司
153 1530 6521103820126 中节能绿洲（北京）太阳能科技有限公
司
154 534 2050103680497 中建一局集团第三建筑有限公司
155 2248 9507103718611 拉卡拉支付有限公司
156 2122 8894103638813 北京新京润房地产有限公司
157 505 1928103773740 北京新华电广影视技术有限公司
158 2329 9872103910347 卡尔拉得优胜汽车修复系统（北京）有
限公司
159 1975 8294103664214 北京维通利电气有限公司
160 1751 7335103748717 中关村发展集团股份有限公司
-6-161 1920 8053103718614 拉卡拉支付有限公司
162 262 1069103837700 北京国服信奥兴汽车有限公司
163 1362 5824103596551 香港标准工业有限公司北京代表处
164 152 0594103748309 中国兵器装备集团公司
165 175 0728103824863 北京太速科技有限公司
166 869 3468103736429 北京思妍丽美容有限公司
167 1654 7004103618472 北京亿兆华盛有限公司
168 1247 5337103895000 加多宝（中国）饮料有限公司
169 716 2840103594849 北京市丰台区马家堡街道瑞丽江畔社区
卫生服务站
170 2077 8702103685541 北京凯迪克格兰云天大酒店有限公司
171 81 0311103878470 北京福思维科技发展有限公司
172 1904 7968103593089 北京新发展慈善基金会
173 765 3046103787821 北京中润发汽车销售有限公司
174 384 1532103765202 北京京华都房地产开发有限公司
175 2093 8770103773748 北京新华电广影视技术有限公司
176 18 0075103811638 北京茂庸投资有限公司
177 852 3388103816744 北京凯旋亿达商贸有限公司
178 1916 8040103760179 北京润泽庄苑房地产开发有限公司
179 1919 8052103815892 北京欧斯澜服饰有限公司
180 782 3116103770718 北京磨铁图书有限公司
181 675 2619103766778 北京聚瀚商贸有限公司
182 1396 5960103839362 北京壹人壹本信息科技有限公司
183 1829 7640103880338 北京网康科技有限公司
184 1189 5028103734082 北京神奇时代网络有限公司
185 1655 7012103837699 北京国服信奥兴汽车有限公司
186 450 1755103804303 北京京东世纪信息技术有限公司
187 1700 7142103650353 北京汇丰利餐饮管理有限公司
188 1752 7350103732205 北京华脉诚信科技有限公司
189 973 3935103637599 北京比亚迪模具有限公司
190 1404 5987103852514 中国大唐集团公司
191 1192 5064103674935 北京北星行汽车销售有限公司
192 1766 7396103796863 范德浩特（北京）国际管理咨询有限公
司
193 839 3348103618478 北京亿兆华盛有限公司
194 254 1036103739802 成都希望食品有限公司北京分公司
195 105 0386103632443 北京盘古氏投资有限公司
196 1567 6655103602485 北京鑫万佳科技发展有限公司
-7-197 1479 6282103859138 北京万家灯火家居装饰市场有限公司
198 2086 8753103827313 北京市岳成律师事务所
199 1862 7777103734442 北京恒天财富投资管理有限公司
200 2270 9618103857174 北京古城房地产开发有限公司
201 1986 8364103730435 北京市盛丰小额贷款有限责任公司
202 2130 8908103761089 北京展嘉贸易有限公司
203 1864 7783103732207 北京华脉诚信科技有限公司
204 30 0126103685799 北京市建筑设计研究院有限公司
205 200 0843103748679 北京车之家信息技术有限公司
206 2311 9782103671698 北京意厉维纺织品有限公司
207 945 3810103777083 北京福建企业总商会南平商会
208 899 3602103737384 新浪网技术（中国）有限公司
209 5 0010103730752 铱格斯曼航空科技集团有限公司
210 252 1019103730946 北京日月房地产开发有限公司
211 1804 7534103637547 盘古氏国际大酒店有限责任公司
212 935 3775103730949 北京日月房地产开发有限公司
213 287 1155103777074 福建省南平市人民政府驻北京联络处
214 1117 4621103792893 通州区永乐店镇小南地村村民委员会
215 707 2786103736715 北京盛世百川石化有限公司
216 2040 8560103629026 建峰建设集团股份有限公司
217 2037 8549103637760 北京安宝房地产开发有限公司
218 267 1085103629012 建峰建设集团股份有限公司
219 378 1518103827922 北京万通恒泰汽车销售服务有限公司
220 690 2685103621143 北京鸿坤伟业房地产开发有限公司
221 932 3765103650352 北京汇丰利餐饮管理有限公司
222 1721 7212103783876 北京市永轩律师事务所
223 1926 8092103674960 北京北星行汽车销售有限公司
224 902 3618103794792 北京时代中衡科技有限公司
225 900 3611103637769 北京安宝房地产开发有限公司
226 1540 6558103627708 中投发展有限责任公司
227 747 2976103729497 中国城市建设控股集团有限公司
228 349 1407103686621 国兴汽车服务中心
229 892 3579103695723 北京迪玛克医药科技有限公司
230 2193 9223103773741 北京新华电广影视技术有限公司
231 1280 5494103736423 北京思妍丽美容有限公司
232 766 3047103839399 北京壹人壹本信息科技有限公司
233 1770 7406103770773 北京顺腾建筑工程有限责任公司
234 2059 8627103807572 华夏视听环球传媒（北京）股份有限公
司
-8-235 1686 7095103760992 北京睿博美佳商贸有限公司
236 1625 6885103682639 中科软科技股份有限公司
237 1371 5846103602417 中国电子商会
238 499 1919103735447 北京市奔宝汽车服务有限公司
239 755 3014103839398 北京壹人壹本信息科技有限公司
240 853 3395103695659 北京富源盛达房地产开发有限公司
241 968 3918103880776 北京信永达通信科技有限公司
242 1152 4825103789375 北京岱摩斯变速器有限公司
243 1375 5866103823593 北京中关村开发建设股份有限公司第四
建筑工程分公司
244 257 1039103761239 北京京华嘉典建筑工程有限公司
245 1480 6284103735815 北京波士通达汽车销售服务有限公司
246 2082 8713103847161 北京五方天地园林景观设计有限公司
247 1908 8009103680496 中建一局集团第三建筑有限公司
248 425 1679103596702 北京福泉投资有限公司
249 1568 6665103806876 铁道部机关服务中心（铁道部机关服务
局）
250 1802 7527103736414 北京思妍丽美容有限公司
251 1820 7605103601702 北京光线传媒股份有限公司
252 1485 6325103596699 北京福泉投资有限公司
253 1581 6697103629021 建峰建设集团股份有限公司
254 1054 4321103761327 北京博风诚业贸易有限公司
255 409 1614103870648 北京新凤凰城房地产开发有限公司
256 2298 9729103900980 中国演艺设备技术协会
257 1661 7022103629020 建峰建设集团股份有限公司
258 772 3095103876491 北京森华通达汽车销售服务有限公司
259 2017 8475103622730 北京建银资产管理有限公司
260 1720 7208103634245 北京睿力恒一物流技术股份公司
261 1971 8284103632231 北京亚奥之星汽车服务有限公司
262 2016 8465103784118 联邦快递（中国）有限公司
263 1881 7856103605094 江苏省苏中建设集团股份有限公司北京
通州分公司
264 1008 4103103645904 北京金色宝藏文化传播有限公司
265 355 1428103878468 北京福思维科技发展有限公司
266 735 2924103607397 北京市石景山区时尚环保联盟研究所
267 666 2577103760176 北京润泽庄苑房地产开发有限公司
268 2129 8908103626219 北京中电兴发科技有限公司
269 1983 8340103634795 北京兴华会计师事务所有限责任公司
-9-270 2197 9244103748672 北京车之家信息技术有限公司
271 2324 9839103814588 中国金融思想政治工作研究会
272 570 2207103799430 北京勇晟达安装工程有限公司
273 552 2125103770682 中铁资源集团有限公司
274 645 2515103796355 通州区永乐店镇永乐店二村村民委员会
275 1780 7447103748602 北京齐尔布莱特科技有限公司
276 1818 7582103836003 北京福建企业总商会福州商会
277 1230 5252103647486 北京福建企业总商会茶业商会
278 323 1282103770711 北京磨铁图书有限公司
279 1451 6184103786624 中国光大银行股份有限公司信用卡中心
280 374 1511103792774 北京晒客天地科技有限公司
281 2156 9046103883710 高晟财富（北京）投资管理有限公司
282 1546 6575103624417 北京德奥达汽车销售有限公司
283 1651 6979103623013 北京市自来水集团有限责任公司
284 1748 7332103692861 北京巴瑞医疗器械有限公司
285 137 0525103852507 中国大唐集团公司
286 2071 8667103774094 北京盛华泰医疗科技有限公司
287 2087 8754103735809 北京波士通达汽车销售服务有限公司
288 587 2266103748299 中国兵器装备集团公司
289 701 2755103784283 北京市顺义区高丽营镇七村经济合作社
290 1312 5674103787826 北京中润发汽车销售有限公司
291 1793 7504103628973 北京平安力合科技发展股份有限公司
292 1764 7394103895026 加多宝（中国）饮料有限公司
293 1959 8199103811657 北京茂庸投资有限公司
294 833 3316103765210 北京京华都房地产开发有限公司
295 1137 4710103870651 北京新凤凰城房地产开发有限公司
296 1744 7308103730950 北京日月房地产开发有限公司
297 1091 4507103699016 北京荣之联科技股份有限公司
298 2199 9253103594916 北京利祥制药有限公司
299 1747 7322103798862 北京市龙鼎华源房地产开发有限责任公
司
300 844 3355103773724 北京新华电广影视技术有限公司
301 2241 9481103880156 北京中嘉天云科贸有限公司
302 1299 5630103682637 中科软科技股份有限公司
303 2190 9210103617131 北京政泉控股有限公司
304 875 3501103797617 北京海纳川汽车部件股份有限公司北京
分公司
305 270 1091103748297 中国兵器装备集团公司
-10-306 1598 6784103664168 北京正北元电器有限公司
307 2220 9357103857176 北京古城房地产开发有限公司
308 336 1340103819882 北京国华置业有限公司
309 992 4025103760502 北京恒远恒信科技发展有限公司
310 1717 7195103797467 北京锄禾食品有限责任公司
311 598 2308103692841 北京巴瑞医疗器械有限公司
312 956 3869103798857 北京市龙鼎华源房地产开发有限责任公
司
313 1496 6382103839384 北京壹人壹本信息科技有限公司
314 1012 4115103883711 高晟财富（北京）投资管理有限公司
315 1138 4737103792029 北京比亚迪模具有限公司
316 1148 4796103602701 新湖财富投资管理有限公司
317 43 0187103730954 北京日月房地产开发有限公司
318 2181 9169103680012 海湾环境科技（北京）股份有限公司
319 1443 6170103744459 北京市远东德力电子有限公司
320 330 1309103735935 北京润东酒店管理有限公司
321 309 1250103766280 北京德宝物语餐饮有限公司
322 315 1264103631851 北京国电恒通电力工程有限公司
323 683 2651103734631 北京绅士服装服饰有限公司
324 294 1184103620473 ＳＭＣ（中国）有限公司
325 2163 9090103597994 北京通利达汽车租赁有限责任公司
326 1812 7558103826779 北京建达培训学校
327 773 3096103627594 北京以岭药业有限公司
328 1649 6968103628898 山东鲁花集团商贸有限公司北京分公司
329 871 3471103770719 北京磨铁图书有限公司
330 438 1710103853468 北京市长歌律师事务所
331 1524 6509103798863 北京市龙鼎华源房地产开发有限责任公
司
332 167 0712103629040 建峰建设集团股份有限公司
333 743 2950103614238 北京嘉林药业股份有限公司
334 1624 6881103773738 北京新华电广影视技术有限公司
335 1543 6562103864551 北京建谊建筑工程有限公司
336 1464 6231103855633 北京市京诚律师事务所
337 235 0946103748382 北京启明信源电力工程有限公司
338 181 0769103795667 北京南北天地科技股份有限公司
339 2010 8442103744680 昆吾九鼎投资管理有限公司
340 466 1795103811640 北京茂庸投资有限公司
341 248 1005103664167 北京正北元电器有限公司
-11-342 79 0308103702717 北京巴瑞医疗器械有限公司
343 1062 4367103748319 中国兵器装备集团公司
344 599 2310103794947 泛玛散料处理技术（北京）有限公司
345 802 3180103799332 北京宁宸科技有限公司
346 60 0252103811656 北京茂庸投资有限公司
347 2232 9437103748295 中国兵器装备集团公司
348 970 3925103765061 北京世纪正源房地产开发有限公司
349 1939 8163103824020 北京三元基因工程有限公司
350 567 2197103773747 北京新华电广影视技术有限公司
351 2316 9805103791991 北京比亚迪模具有限公司
352 915 3668103760514 北京恒远恒信科技发展有限公司
353 1927 8110103763228 北京市太子峪汽车配件厂
354 533 2047103734428 北京恒天财富投资管理有限公司
355 1366 5837103771479 北京朝音信德贸易有限公司
356 2266 9607103627732 中投发展有限责任公司
357 966 3916103695209 北京地源达房地产开发有限公司
358 1305 5640103638835 北京兰天大诚新型建材有限责任公司
359 1127 4665103828471 北京礼信年年餐饮管理有限公司
360 1629 6900103819842 北京华贸奥苑房地产开发有限公司
361 2108 8856103695746 北京迪玛克医药科技有限公司
362 626 2409103687967 北京市通州区潞城镇甘棠敬老院
363 1974 8292103637551 盘古氏国际大酒店有限责任公司
364 982 3989103622999 北京市自来水集团有限责任公司
365 558 2151103732182 北京华脉诚信科技有限公司
366 1147 4777103773725 北京新华电广影视技术有限公司
367 1149 4796103748626 北京齐尔布莱特科技有限公司
368 75 0291103811639 北京茂庸投资有限公司
369 134 0518103796128 北京鄂尔多斯创展服装有限公司
370 1034 4251103811646 北京茂庸投资有限公司
371 1915 8038103622819 人民网股份有限公司
372 750 2980103684132 北京万象信息技术有限公司
373 901 3614103796484 北京市通州区潞城镇留庄村村民委员会
工会联合会
374 679 2634103744458 北京市远东德力电子有限公司
375 1293 5615103798874 北京市龙鼎华源房地产开发有限责任公
司
376 1569 6669103802704 北京欧地安科技股份有限公司
377 1612 6839103862076 北京科荣达新技术有限公司
-12-378 379 1522103765590 北京中恒博瑞数字电力科技有限公司
379 1638 6940103765063 艾迪创格（北京）科技有限公司
380 498 1912103637546 盘古氏国际大酒店有限责任公司
381 1290 5563103852506 中国大唐集团公司
382 1415 6025103734245 新华联合冶金控股集团有限公司
383 381 1524103622726 北京建银资产管理有限公司
384 718 2842103734758 北京市梓和鸿业图书发行有限公司
385 1865 7783103773734 北京新华电广影视技术有限公司
386 1448 6178103730952 北京日月房地产开发有限公司
387 1977 8301103812932 北京市亿达律师事务所
388 1501 6388103811641 北京茂庸投资有限公司
389 173 0722103765594 北京中恒博瑞数字电力科技有限公司
390 2183 9182103731975 高德中彩科技有限公司
391 790 3151103596711 北京福泉投资有限公司
392 492 1880103624500 北京智蓝信息科技有限公司
393 2182 9172103730437 北京市盛丰小额贷款有限责任公司
394 2242 9488103773768 北京友安盛防火技术有限公司
395 2099 8801103597722 中国黄金集团营销有限公司
396 979 3982103622800 人民网股份有限公司
397 1819 7589103859136 北京万家灯火家居装饰市场有限公司
398 1516 6456103693618 北京颖泰嘉和生物科技有限公司
399 1563 6634103800004 北京爱德发科技有限公司
400 453 1761103730773 北京市顺义区阳光中途之家
401 1357 5818103594940 北京利祥制药有限公司
402 728 2894103611694 北京天地玛珂电液控制系统有限公司
403 1430 6109103852513 中国大唐集团公司
404 1693 7113103895025 加多宝（中国）饮料有限公司
405 704 2758103794079 北京市慈善协会
406 406 1609103735932 北京润东酒店管理有限公司
407 1730 7248103730124 康阳先锋（北京）生物医药有限公司
408 485 1854103903271 北京市西城区西海培训中心
409 1827 7635103792424 北京市仁人德赛律师事务所
410 1869 7803103632745 北京北信源软件股份有限公司
411 652 2533103880336 北京网康科技有限公司
412 1145 4776103650128 北京基恒通信技术有限公司
413 1079 4453103736418 北京思妍丽美容有限公司
414 653 2547103623014 北京市自来水集团有限责任公司
415 1471 6265103597718 中国黄金集团营销有限公司
-13-416 2292 9703103878475 北京福思维科技发展有限公司
417 44 0193103878472 北京福思维科技发展有限公司
418 1662 7026103798858 北京市龙鼎华源房地产开发有限责任公
司
419 2147 8989103737153 北京正美丰业汽车服务有限公司
420 1712 7181103811664 北京茂庸投资有限公司
421 856 3402103894817 中石化中铁油品销售有限公司
422 504 1926103730439 北京市盛丰小额贷款有限责任公司
423 1740 7284103786704 斯帝卡（北京）体育用品有限公司
424 1731 7251103783026 北京胜多商贸有限责任公司
425 1438 6157103626929 北京三聚环保新材料股份有限公司
426 113 0419103787811 北京中润发汽车销售有限公司
427 920 3683103695839 北京恒富物业服务有限公司
428 123 0453103883947 北京建工海亚建设工程有限公司
429 1295 5618103794953 泛玛散料处理技术（北京）有限公司
430 838 3346103823309 北京乾建建筑装饰工程有限责任公司
431 58 0244103654218 北京讯奇连城商务服务有限公司
432 2013 8452103880362 北京金地嘉业房地产经纪有限公司
433 291 1178103774467 北京合锐赛尔电力科技有限公司
434 1161 4873103770679 中铁资源集团有限公司
435 1043 4286103845127 北京市海铭律师事务所
436 1017 4140103794493 北京市衡琪律师事务所
437 37 0153103748292 中国兵器装备集团公司
438 138 0525103877010 中国勘察设计协会人民防空与地下空间
分会
439 1104 4576103638797 北京新京润房地产有限公司
440 1589 6751103802231 北京博创凯盛机械制造有限公司
441 628 2424103799529 北京市朝阳区黑庄户乡大鲁店一村经济
合作社
442 1047 4296103744682 昆吾九鼎投资管理有限公司
443 1776 7425103836416 北京中佰龙置业有限公司
444 2214 9304103748631 北京齐尔布莱特科技有限公司
445 1777 7430103681937 北京志诚泰和信息技术有限公司
446 1102 4573103795664 北京南北天地科技股份有限公司
447 1 0002103674985 北京北星行汽车销售有限公司
448 574 2222103819839 北京华贸奥苑房地产开发有限公司
449 1325 5719103732183 北京华脉诚信科技有限公司
450 1020 4144103740835 北京恒嘉国际融资租赁有限公司
-14-451 2359 9982103734080 北京神奇时代网络有限公司
452 1407 5991103744684 昆吾九鼎投资管理有限公司
453 1715 7186103597725 中国黄金集团营销有限公司
454 761 3035103749082 马哈（北京）贸易有限公司
455 1718 7196103676542 西马克国际贸易（北京）有限公司
456 308 1246103774095 北京盛华泰医疗科技有限公司
457 1021 4149103731168 福瑞博达（北京）自动化设备有限公司
458 1000 4048103858770 中国文化管理协会文化市场专业委员会
459 2002 8420103627612 北京以岭药业有限公司
460 1243 5325103880350 北京网康科技有限公司
461 620 2395103800021 北京爱德发科技有限公司
462 1900 7946103857172 北京古城房地产开发有限公司
463 696 2734103671191 中航捷锐（北京）光电技术有限公司
464 231 0932103744685 北京惠合畅物业管理有限公司
465 2236 9455103614235 北京嘉林药业股份有限公司
466 542 2092103760173 北京润泽庄苑房地产开发有限公司
467 366 1481103695532 北京英龙华辰科技有限公司
468 33 0138103800013 北京爱德发科技有限公司
469 644 2509103748306 中国兵器装备集团公司
470 143 0572103800015 北京爱德发科技有限公司
471 811 3219103692835 北京巴瑞医疗器械有限公司
472 1426 6089103773658 北京方锦鸿业制冷设备有限公司
473 1505 6398103804374 北京京东世纪贸易有限公司
474 269 1089103798864 北京市龙鼎华源房地产开发有限责任公
司
475 2096 8791103730953 北京日月房地产开发有限公司
476 1328 5726103632747 北京北信源软件股份有限公司
477 1076 4427103878467 北京福思维科技发展有限公司
478 1462 6227103880603 北京鹏天奥汽车销售有限公司
479 23 0106103756535 北京云涌科技发展有限责任公司
480 249 1014103695646 北京富源盛达房地产开发有限公司
481 1970 8252103744675 昆吾九鼎投资管理有限公司
482 682 2648103883910 北京京大昆仑房地产开发有限公司
483 92 0356103773746 北京新华电广影视技术有限公司
484 929 3760103676494 乐视网信息技术（北京）股份有限公司
485 781 3112103839082 北京泰利同鑫科技有限公司
486 1400 5972103644957 北京章光101科技股份有限公司
487 83 0329103611703 北京天地玛珂电液控制系统有限公司
-15-488 589 2269103765592 北京中恒博瑞数字电力科技有限公司
489 806 3196103797442 北京市熊猫烟花有限公司
490 1406 5990103693077 北京升华电梯有限公司
491 1594 6762103838892 北京页川斯达汽车销售服务有限公司
492 2238 9465103791167 北京科住物业管理有限公司
493 407 1612103846811 北京林康伟达服饰有限公司
494 860 3416103685811 北京市建筑设计研究院有限公司
495 125 0463103634249 北京睿力恒一物流技术股份公司
496 32 0135103789370 北京岱摩斯变速器有限公司
497 823 3273103883915 北京京大昆仑房地产开发有限公司
498 1292 5604103760500 北京恒远恒信科技发展有限公司
499 377 1517103880695 北京燕化永乐生物科技股份有限公司
500 2217 9326103806187 北京斯利安药业有限公司
501 597 2298103642420 北京市朝阳区天赋园智障人士艺术调理
康复中心
502 289 1166103660378 北京中经合机电设备有限公司
503 1617 6863103748320 中国兵器装备集团公司
504 1478 6281103693619 北京颖泰嘉和生物科技有限公司
505 2200 9253103629031 建峰建设集团股份有限公司
506 572 2210103787815 北京中润发汽车销售有限公司
507 2054 8611103695656 北京富源盛达房地产开发有限公司
508 1348 5781103627608 北京以岭药业有限公司
509 1107 4597103723638 顺义区杨镇地区东庞村村民委员会
510 540 2081103646680 中铁电气化局集团第一工程有限公司
511 1909 8014103792775 北京晒客天地科技有限公司
512 2145 8978103748316 中国兵器装备集团公司
513 1946 8172103895038 加多宝（中国）饮料有限公司
514 993 4033103702732 北京巴瑞医疗器械有限公司
515 562 2164103737140 北京市通州区伊斯兰教协会
516 1914 8037103836410 北京中佰龙置业有限公司
517 21 0097103839391 北京壹人壹本信息科技有限公司
518 1036 4255103811761 综艺超导科技有限公司
519 2001 8417103729414 北京快客利餐饮管理有限公司
520 1690 7102103736427 北京思妍丽美容有限公司
521 468 1814103881451 北京至尚经典装饰有限公司
522 1889 7892103628421 北京信威永胜通信技术有限公司
523 1045 4291103738349 北京市丰台区天宇培训学校
524 640 2491103653107 北京市西城区勤思培训学校
-16-525 905 3630103734083 北京神奇时代网络有限公司
526 2007 8434103628415 北京信威永胜通信技术有限公司
527 393 1577103699543 北京中盾安民分析技术有限公司
528 1373 5856103896909 北京长虹佳华智能系统有限公司
529 836 3335103925118 北京民航天宇科技发展有限公司
530 1811 7558103798020 北京捷亚泰中兴汽车销售有限公司
531 942 3805103898033 贝拉吉奥（北京）餐饮管理有限公司
532 828 3287103791278 北京顺盈时代广告有限公司
533 389 1562103748625 北京齐尔布莱特科技有限公司
534 1602 6800103594278 北京朗依制药有限公司
535 2060 8633103794945 泛玛散料处理技术（北京）有限公司
536 866 3461103899574 北京建院瑞景工程设计顾问有限公司
537 1487 6335103883704 高晟财富（北京）投资管理有限公司
538 997 4046103788560 中国戏剧文学学会
539 588 2268103699548 北京中盾安民分析技术有限公司
540 1311 5666103783765 北京强寿脑萎缩研究院
541 341 1372103741562 北京市问天律师事务所
542 419 1657103695954 北京天越门窗制造有限公司
543 1238 5304103764269 中国中建设计集团有限公司
544 300 1214103671192 中航捷锐（北京）光电技术有限公司
545 2175 9123103823602 北京中关村开发建设股份有限公司第四
建筑工程分公司
546 303 1226103844132 北京市青龙湖镇果各庄农工商公司
547 593 2279103719559 中安永恒（北京）工程技术有限公司
548 443 1734103894999 加多宝（中国）饮料有限公司
549 199 0840103735816 北京波士通达汽车销售服务有限公司
550 1586 6723103760175 北京润泽庄苑房地产开发有限公司
551 63 0258103741317 中船重工建筑工程设计研究院有限责任
公司
552 2261 9568103771549 北京市海淀区外附培训学校
553 502 1925103760522 北京恒远恒信科技发展有限公司
554 951 3830103789368 北京岱摩斯变速器有限公司
555 1258 5398103646698 中铁电气化局集团第一工程有限公司
556 2074 8691103794223 北京中汇科环能源技术有限公司
557 1309 5649103839390 北京壹人壹本信息科技有限公司
558 163 0676103693222 北京侨福置业有限公司
559 313 1253103628417 北京信威永胜通信技术有限公司
560 1515 6442103748641 北京齐尔布莱特科技有限公司
-17-561 1846 7722103628315 北京信威通信技术股份有限公司
562 39 0158103765201 北京京华都房地产开发有限公司
563 1414 6016103806188 北京斯利安药业有限公司
564 1517 6458103594617 辽宁省抚顺市人民政府驻北京联络处
565 1549 6587103765584 北京中恒博瑞数字电力科技有限公司
566 1762 7376103594287 北京朗依制药有限公司
567 606 2341103737156 北京正美丰业汽车服务有限公司
568 2192 9218103622995 北京市自来水集团有限责任公司
569 192 0798103765587 北京中恒博瑞数字电力科技有限公司
570 1369 5843103795240 北京金索坤运输有限公司
571 1164 4895103736428 北京思妍丽美容有限公司
572 2143 8971103765563 北京中恒博瑞数字电力科技有限公司
573 1998 8404103815660 北京天航瑞晨汽车销售有限公司
574 986 3998103628908 北京市西城区百世德培训学校
575 47 0208103883715 高晟财富（北京）投资管理有限公司
576 1968 8245103839363 北京壹人壹本信息科技有限公司
577 1392 5948103839385 北京壹人壹本信息科技有限公司
578 256 1038103747340 湖南鸿源电力建设有限公司北京分公司
579 234 0943103747678 北京市金韵达速递有限公司
580 135 0524103819654 北京市长建燕城建筑工程有限公司
581 2003 8422103734244 新华联合冶金控股集团有限公司
582 1114 4613103656328 北京市京元物环认证咨询有限公司
583 1159 4858103764270 中国中建设计集团有限公司
584 404 1607103628303 北京瑞平通信技术有限公司
585 1146 4777103633845 北京捷成汽车服务有限公司
586 1234 5288103771478 北京朝音信德贸易有限公司
587 271 1108103729707 北京天华北方建筑设计有限公司
588 1797 7512103734598 北京豪久技术有限公司
589 2257 9553103814223 新宝丰电线电缆有限公司
590 1119 4635103806184 北京斯利安药业有限公司
591 1168 4905103766393 纳新塑化（上海）有限公司北京分公司
592 1294 5616103798870 北京市龙鼎华源房地产开发有限责任公
司
593 1118 4622103846534 北京中国科学院老专家技术中心
594 1155 4848103836398 北京中佰龙置业有限公司
595 261 1063103793964 北京银之业装饰工程有限公司
596 579 2238103870523 北京触控爱普科技有限公司
597 530 2036103734247 新华联合冶金控股集团有限公司
-18-598 667 2585103695790 麦德（北京）建筑设计咨询有限公司
599 550 2115103791996 北京比亚迪模具有限公司
600 2353 9962103836412 北京中佰龙置业有限公司
601 2085 8753103720513 北京嘉克新兴科技有限公司
602 402 1604103819843 北京华贸奥苑房地产开发有限公司
603 1722 7216103764271 中国中建设计集团有限公司
604 157 0628103685808 北京市建筑设计研究院有限公司
605 371 1497103730958 北京日月房地产开发有限公司
606 1528 6513103804867 北京福建企业总商会医疗产业商会
607 471 1826103784391 北京金佳景汽车销售有限公司
608 190 0785103595899 北京海顺德钛催化剂有限公司
609 101 0377103878474 北京福思维科技发展有限公司
610 1393 5949103802702 北京欧地安科技股份有限公司
611 965 3913103674390 中国电信股份有限公司
612 1958 8198103765013 北京世纪正源房地产开发有限公司
613 713 2815103835569 北京翰祺环境技术有限公司
614 1096 4523103699545 北京中盾安民分析技术有限公司
615 1873 7821103823600 北京中关村开发建设股份有限公司第四
建筑工程分公司
616 202 0846103852524 中国大唐集团公司
617 467 1809103622813 人民网股份有限公司
618 1090 4503103838897 北京正隆斋全素食品有限公司
619 1288 5557103894820 中石化中铁油品销售有限公司
620 522 2005103794952 泛玛散料处理技术（北京）有限公司
621 764 3038103857173 北京古城房地产开发有限公司
622 275 1117103827643 北京融通新风洁净技术有限公司
623 1461 6226103804379 北京京东世纪贸易有限公司
624 2333 9889103679956 蓝色港湾有限公司
625 634 2443103734430 北京恒天财富投资管理有限公司
626 1821 7606103824019 北京三元基因工程有限公司
627 1982 8338103895033 加多宝（中国）饮料有限公司
628 299 1212103789194 丽水市人民政府驻北京联络处
629 412 1638103792031 北京比亚迪模具有限公司
630 1422 6068103661119 北京瑞源文德科技有限公司
631 832 3316103638815 北京新京润房地产有限公司
632 115 0426103730957 北京日月房地产开发有限公司
633 1331 5733103880340 北京网康科技有限公司
634 1786 7461103766396 纳新塑化（上海）有限公司北京分公司
-19-635 930 3760103747761 中国石油报社
636 1068 4387103611682 北京天地玛珂电液控制系统有限公司
637 664 2571103672117 北京有色金属研究总院
638 2227 9396103870658 北京新凤凰城房地产开发有限公司
639 274 1116103767249 中视科华有限公司
640 1018 4143103804174 北京创业未来传媒技术有限公司
641 465 1793103674665 北京颐寿百姓大药房有限责任公司
642 84 0332103798584 互易国际广告（北京）有限公司
643 2132 8919103622727 北京建银资产管理有限公司
644 1065 4370103597639 中国黄金集团黄金珠宝有限公司
645 2088 8759103699015 北京荣之联科技股份有限公司
646 959 3876103880697 北京燕化永乐生物科技股份有限公司
647 1270 5427103744673 昆吾九鼎投资管理有限公司
648 1555 6608103658179 北京金宝房地产开发有限公司
649 870 3471103696422 北京市百瑞律师事务所
650 807 3202103816764 北京市杰隆特工程机械有限公司
651 1095 4522103735143 公安部出入境证件核心技术中心
652 554 2138103727095 北京今朝装饰设计有限公司
653 537 2066103744287 北京奥新雅胜文化传播有限公司
654 1758 7364103792036 北京比亚迪模具有限公司
655 1664 7037103770688 中铁资源集团有限公司
656 358 1438103925119 北京民航天宇科技发展有限公司
657 1815 7569103901489 北京麦迪克斯科技有限公司
658 2233 9441103624418 北京德奥达汽车销售有限公司
659 551 2119103882564 金石易服（北京）科技有限公司
660 1272 5439103813878 北京市海淀区羊坊店街道社区服务中心
661 1670 7061103806170 北京斯利安药业有限公司
662 2050 8600103784470 北京市青年党建研究会
663 361 1467103685830 北京市建筑设计研究院有限公司
664 804 3189103765054 北京世纪正源房地产开发有限公司
665 1518 6469103784580 北京窝窝团信息技术有限公司
666 482 1850103689745 吉林森林工业股份有限公司北京门业分
公司
667 528 2028103734434 北京恒天财富投资管理有限公司
668 1707 7172103894821 中石化中铁油品销售有限公司
669 2219 9350103647023 北京优炫软件股份有限公司
670 1105 4588103799136 北京市朝阳区黑庄户乡大鲁店一村村民
委员会
-20-671 2109 8856103773726 北京新华电广影视技术有限公司
672 233 0941103729501 中国城市建设控股集团有限公司
673 156 0622103617942 北京第二外国语学院中瑞酒店管理学院
674 2136 8931103773745 北京新华电广影视技术有限公司
675 428 1691103594719 北京利福瑞达科贸有限公司
676 990 4006103735668 北京神州灵山叶腊石有限公司
677 1997 8404103730434 北京市盛丰小额贷款有限责任公司
678 127 0476103682684 中科软科技股份有限公司
679 2347 9951103626464 中铁十九局集团有限公司
680 2246 9501103895043 加多宝（中国）饮料有限公司
681 1620 6868103741318 中船重工建筑工程设计研究院有限责任
公司
682 1689 7101103702711 北京巴瑞医疗器械有限公司
683 948 3821103786703 斯帝卡（北京）体育用品有限公司
684 708 2789103592545 中关村融智企业管理创新推广中心
685 2215 9310103634525 北京三聚创洁科技发展有限公司
686 216 0880103618633 北京英之杰天祥汽车技术服务有限公司
687 1692 7113103809716 北京铭博瑞达酒店管理有限公司
688 1226 5244103883705 高晟财富（北京）投资管理有限公司
689 1713 7182103895028 加多宝（中国）饮料有限公司
690 326 1297103622731 北京建银资产管理有限公司
691 568 2203103656972 北京三盈联合石油技术有限公司
692 1207 5147103734416 北京恒天财富投资管理有限公司
693 1136 4700103734432 北京恒天财富投资管理有限公司
694 1526 6512103622791 人民网股份有限公司
695 981 3987103699546 北京中盾安民分析技术有限公司
696 793 3157103734426 北京恒天财富投资管理有限公司
697 1344 5769103806167 北京斯利安药业有限公司
698 1387 5924103864552 北京建谊建筑工程有限公司
699 1529 6518103730753 铱格斯曼航空科技集团有限公司
700 1921 8065103601703 北京光线传媒股份有限公司
701 1635 6924103804299 北京京东世纪信息技术有限公司
702 1544 6563103797321 北京中天九阳照明器材有限公司
703 2064 8636103824703 北京路远通市政路桥股份有限公司
704 476 1839103852518 中国大唐集团公司
705 1894 7912103748318 中国兵器装备集团公司
706 1250 5366103632424 北京盘古氏投资有限公司
707 158 0632103773731 北京新华电广影视技术有限公司
-21-708 2251 9524103741321 中船重工建筑工程设计研究院有限责任
公司
709 2006 8429103609255 北京碧海怡景园林绿化有限公司
710 592 2279103597642 中国黄金集团黄金珠宝有限公司
711 580 2249103774561 北京骄星棋骏网络科技有限公司
712 422 1667103614996 北京鼎合金通经贸有限责任公司
713 1809 7547103765205 北京京华都房地产开发有限公司
714 1211 5158103731169 福瑞博达（北京）自动化设备有限公司
715 1588 6744103804594 北京信永鸿科技有限公司
716 2035 8543103811519 北京润鹏冀能会计师事务所有限责任公
司
717 1725 7232103760988 北京睿博美佳商贸有限公司
718 723 2864103660978 莱凯医疗器械（北京）有限公司
719 2275 9631103594924 北京利祥制药有限公司
720 2131 8908103948128 北京房修一建筑工程有限公司
721 724 2872103620452 ＳＭＣ（中国）有限公司
722 703 2756103852511 中国大唐集团公司
723 1523 6502103654111 河北建设集团有限公司北京丰台分公司
724 1080 4455103748633 北京齐尔布莱特科技有限公司
725 1884 7873103627593 北京以岭药业有限公司
726 792 3156103693081 北京升华电梯有限公司
727 509 1971103853107 北京奇思路贸易有限公司
728 208 0858103736426 北京思妍丽美容有限公司
729 569 2206103644869 北京市房山区体育舞蹈协会
730 625 2408103760991 北京睿博美佳商贸有限公司
731 824 3276103626510 北京华滨投资有限公司华滨国际大酒店
732 796 3163103839102 中泰创展控股有限公司
733 1500 6387103761583 爱国者电子科技有限公司
734 846 3360103588318 丹东市人民政府驻北京联络处
735 2095 8773103794908 北京市腾飞汽车服务有限公司
736 1450 6183103809941 北京博亚鑫豪商贸有限公司
737 1482 6300103628314 北京信威通信技术股份有限公司
738 306 1237103638794 北京新京润房地产有限公司
739 385 1532103882518 营口市人民政府驻北京联络处
740 1336 5756103802705 北京欧地安科技股份有限公司
741 848 3364103895042 加多宝（中国）饮料有限公司
742 1131 4679103637777 北京安宝房地产开发有限公司
743 1794 7509103748638 北京齐尔布莱特科技有限公司
-22-744 484 1852103692845 北京巴瑞医疗器械有限公司
745 1101 4568103878473 北京福思维科技发展有限公司
746 2299 9730103883712 高晟财富（北京）投资管理有限公司
747 1056 4337103836477 北京同仁堂京北企业管理有限公司
748 458 1780103773737 北京新华电广影视技术有限公司
749 2274 9629103632736 北京北信源软件股份有限公司
750 583 2252103839479 北京祥瑞驰通汽车销售有限公司
751 1240 5309103770717 北京磨铁图书有限公司
752 500 1925103596683 北京福泉投资有限公司
753 1830 7645103622811 人民网股份有限公司
754 2245 9492103633748 北京波士瑞达汽车销售服务有限公司
755 2120 8890103876786 北京涛平建筑工程有限公司
756 888 3542103597723 中国黄金集团营销有限公司
757 553 2130103660981 莱凯医疗器械（北京）有限公司
758 768 3059103810858 北京市浩东律师事务所
759 632 2435103622773 法国博瑞德金融股份有限公司北京代表
处
760 2239 9480103765589 北京中恒博瑞数字电力科技有限公司
761 670 2591103800016 北京爱德发科技有限公司
762 2210 9298103792771 北京晒客天地科技有限公司
763 403 1606103839197 北京桑德斯能源技术有限公司
764 486 1858103836405 北京中佰龙置业有限公司
765 124 0458103695654 北京富源盛达房地产开发有限公司
766 933 3769103773733 北京新华电广影视技术有限公司
767 910 3644103895031 加多宝（中国）饮料有限公司
768 260 1051103839402 北京壹人壹本信息科技有限公司
769 1855 7748103791163 北京科住物业管理有限公司
770 1390 5932103788051 北京建设大学
771 281 1137103634251 北京睿力恒一物流技术股份公司
772 423 1668103787829 北京中润发汽车销售有限公司
773 857 3407103837794 北京清控水木建筑工程有限公司
774 263 1069103881539 北京安泰隆机电技术有限公司
775 855 3397103760995 北京睿博美佳商贸有限公司
776 1888 7890103732204 北京华脉诚信科技有限公司
777 731 2905103789377 北京岱摩斯变速器有限公司
778 1981 8330103748668 北京车之家信息技术有限公司
779 1597 6783103811647 北京茂庸投资有限公司
780 1857 7756103743248 北京伽马装饰工程设计顾问有限公司
-23-781 1434 6136103597635 中国黄金集团黄金珠宝有限公司
782 784 3123103784119 联邦快递（中国）有限公司
783 80 0310103797468 北京锄禾食品有限责任公司
784 582 2251103594279 北京朗依制药有限公司
785 2174 9120103621135 北京鸿坤伟业房地产开发有限公司
786 1251 5376103614991 北京鼎合金通经贸有限责任公司
787 736 2925103682679 中科软科技股份有限公司
788 2332 9888103828515 上品轩（北京）文化发展有限公司
789 2151 8995103770720 北京磨铁图书有限公司
790 241 0982103787825 北京中润发汽车销售有限公司
791 1839 7690103620503 北京现代汽车有限公司
792 2139 8961103765045 北京世纪正源房地产开发有限公司
793 2247 9504103645396 江河创建集团股份有限公司
794 1976 8295103765211 北京京华都房地产开发有限公司
795 1943 8169103614453 资和信电子支付有限公司
796 1166 4902103737390 新浪网技术（中国）有限公司
797 2300 9732103734524 中国石油天然气运输公司北京华北分公
司
798 627 2423103811076 迈恩德（北京）电子有限公司
799 1859 7762103692691 北京市灏礼默律师事务所
800 180 0766103806193 北京斯利安药业有限公司
801 1356 5816103736430 北京思妍丽美容有限公司
802 1834 7677103769986 北京简单科技有限公司
803 851 3385103594716 北京利福瑞达科贸有限公司
804 1532 6529103852516 中国大唐集团公司
805 122 0445103736147 北京中拓奕腾科技有限公司
806 14 0067103736425 北京思妍丽美容有限公司
807 2211 9300103614216 北京嘉林药业股份有限公司
808 1796 7511103881416 北京奥尔环境艺术有限公司
809 614 2363103602486 北京鑫万佳科技发展有限公司
810 1473 6270103632428 北京盘古氏投资有限公司
811 490 1874103824991 北京捷亚泰中盛汽车销售有限公司
812 1069 4396103597625 中国黄金集团黄金珠宝有限公司
813 1634 6921103632244 北京亚奥之星汽车服务有限公司
814 1656 7013103799827 北京济民可信医药有限公司
815 391 1573103747339 湖南鸿源电力建设有限公司北京分公司
816 897 3595103880853 中国航天科技集团公司第一研究院航天
幼儿园
-24-817 1453 6193103765187 北京京华都房地产开发有限公司
818 469 1815103656789 森特士兴集团股份有限公司
819 1033 4248103686657 国兴汽车服务中心
820 1153 4828103742443 北京憩园仙山茶叶有限公司
821 1847 7726103664211 北京维通利电气有限公司
822 151 0593103876492 北京森华通达汽车销售服务有限公司
823 700 2752103787832 北京中润发汽车销售有限公司
824 62 0255103826918 北京英普思科技发展有限公司
825 980 3983103859137 北京万家灯火家居装饰市场有限公司
826 1381 5908103791995 北京比亚迪模具有限公司
827 2140 8962103633746 北京波士瑞达汽车销售服务有限公司
828 1734 7266103620767 北京天行网安信息技术有限责任公司
829 607 2346103760513 北京恒远恒信科技发展有限公司
830 1678 7077103630909 北京京港地铁有限公司
831 2029 8517103660980 莱凯医疗器械（北京）有限公司
832 424 1674103819835 北京华贸奥苑房地产开发有限公司
833 1232 5259103788276 学成世纪（北京）信息技术有限公司
834 1354 5812103597630 中国黄金集团黄金珠宝有限公司
835 204 0853103665815 北京永茂建工机械制造有限公司
836 1330 5732103789374 北京岱摩斯变速器有限公司
837 1591 6758103718606 拉卡拉支付有限公司
838 1044 4287103734081 北京神奇时代网络有限公司
839 2178 9143103624420 北京德奥达汽车销售有限公司
840 1761 7370103806168 北京斯利安药业有限公司
841 1329 5732103748300 中国兵器装备集团公司
842 2179 9154103787077 北京江海电气安装有限公司
843 273 1116103747750 北京中盛恒信工程检测科技有限公司
844 463 1790103759934 北京国信创新科技有限公司
845 97 0367103632246 北京亚奥之星汽车服务有限公司
846 1185 5006103656796 森特士兴集团股份有限公司
847 1026 4186103624413 北京德奥达汽车销售有限公司
848 1289 5558103824620 北京捷亚泰汽贸有限公司
849 2260 9559103870661 北京新凤凰城房地产开发有限公司
850 1049 4303103624414 北京德奥达汽车销售有限公司
851 1023 4152103811644 北京茂庸投资有限公司
852 401 1602103881041 北京天佑腾达商贸有限责任公司
853 1842 7700103774468 北京合锐赛尔电力科技有限公司
854 939 3795103603758 北京汇信盈节能环保技术有限公司
-25-855 1364 5830103738657 中国石油天然气股份有限公司规划总院
856 1143 4763103839105 中泰创展控股有限公司
857 1216 5188103796987 北京钧博建筑装潢有限公司
858 1424 6080103765049 北京世纪正源房地产开发有限公司
859 1162 4891103811658 北京茂庸投资有限公司
860 170 0715103647030 北京优炫软件股份有限公司
861 2307 9763103632740 北京北信源软件股份有限公司
862 1848 7729103760521 北京恒远恒信科技发展有限公司
863 2340 9923103744681 昆吾九鼎投资管理有限公司
864 1277 5476103861252 汇龙森欧洲科技（北京）有限公司
865 1699 7139103765060 北京世纪正源房地产开发有限公司
866 845 3355103811654 北京茂庸投资有限公司
867 561 2155103880337 北京网康科技有限公司
868 1063 4367103798875 北京市龙鼎华源房地产开发有限责任公
司
869 2303 9756103622796 人民网股份有限公司
870 1455 6199103628126 北京华安远大智能电气有限公司
871 955 3861103782132 北京华伟基业电气设备有限公司
872 440 1725103597617 中国黄金集团黄金珠宝有限公司
873 815 3255103611690 北京天地玛珂电液控制系统有限公司
874 618 2394103769080 北京中信国际大厦物业管理有限公司
875 1463 6229103883912 北京京大昆仑房地产开发有限公司
876 103 0382103685845 北京市建筑设计研究院有限公司
877 516 1990103695124 北京华恩房地产开发有限公司
878 727 2891103872732 北京融和创科技有限公司
879 1412 6005103699531 北京中盾安民分析技术有限公司
880 2310 9769103685818 北京市建筑设计研究院有限公司
881 740 2942103645315 趣游科技集团有限公司
882 344 1380103650556 锦州银行股份有限公司北京分行
883 2202 9271103664224 北京市中伦文德律师事务所
884 1676 7074103783560 众志恒阳（北京）工业设备有限公司
885 144 0574103836421 北京中佰龙置业有限公司
886 40 0166103817471 北京永茂建筑装饰工程有限公司
887 1931 8120103839408 北京壹人壹本信息科技有限公司
888 520 2002103765190 北京京华都房地产开发有限公司
889 2305 9761103852502 中国大唐集团公司
890 362 1469103685852 北京市建筑设计研究院有限公司
891 1844 7710103630104 北京世纪睿科系统技术有限公司
-26-892 491 1876103890317 北京市南彩建筑工程公司
893 656 2549103676441 中国水电顾问集团国际工程有限公司
894 894 3580103604547 北京浩赛达科技有限公司
895 245 1003103794939 北京航管软件技术有限公司
896 719 2844103627728 中投发展有限责任公司
897 1510 6410103773729 北京新华电广影视技术有限公司
898 1323 5711103798877 北京市龙鼎华源房地产开发有限责任公
司
899 1564 6635103811931 北京东方天健知识产权代理有限公司
900 1112 4603103760178 北京润泽庄苑房地产开发有限公司
901 1674 7072103663868 中矿龙科能源科技（北京）股份有限公
司
902 785 3137103658210 北京金宝房地产开发有限公司
903 1253 5386103662400 中国长城资产管理公司北京办事处
904 1519 6471103816537 晓星中融科技（北京）有限公司
905 278 1129103839104 中泰创展控股有限公司
906 295 1184103756158 北京三高永信知识产权代理有限责任公
司
907 169 0714103836420 北京中佰龙置业有限公司
908 2159 9056103748637 北京齐尔布莱特科技有限公司
909 1388 5930103691826 北京易金卡网络技术有限公司
910 2084 8747103791742 北京瑞博赛工贸有限公司
911 1244 5327103839100 中泰创展控股有限公司
912 1996 8397103795231 北京市鼎石学校
913 677 2620103765055 北京世纪正源房地产开发有限公司
914 1340 5759103611684 北京天地玛珂电液控制系统有限公司
915 630 2433103656790 森特士兴集团股份有限公司
916 1614 6851103876494 北京森华通达汽车销售服务有限公司
917 1596 6779103765186 北京京华都房地产开发有限公司
918 1431 6115103761240 北京京华嘉典建筑工程有限公司
919 1225 5243103802232 北京银河欣源科技有限公司
920 907 3639103781748 黄冈市人民政府驻北京联络处
921 2162 9090103594289 北京朗依制药有限公司
922 1432 6128103858120 长江商学院
923 1533 6531103650530 锦州银行股份有限公司北京分行
924 2015 8459103852691 北京鼎汉技术股份有限公司
925 2325 9848103735814 北京波士通达汽车销售服务有限公司
926 1599 6785103791168 北京科住物业管理有限公司
-27-927 1576 6684103910375 北京爱迪科森教育科技股份有限公司
928 808 3204103614225 北京嘉林药业股份有限公司
929 1503 6391103632738 北京北信源软件股份有限公司
930 462 1787103765199 北京京华都房地产开发有限公司
931 210 0864103794921 北京杰网恒通科技发展中心
932 660 2558103637824 北京安宝房地产开发有限公司
933 1083 4464103839404 北京壹人壹本信息科技有限公司
934 1870 7805103845199 北京龙文环球教育科技有限公司
935 1550 6590103734418 北京恒天财富投资管理有限公司
936 1732 7253103773739 北京新华电广影视技术有限公司
937 2152 8996103765212 北京京华都房地产开发有限公司
938 494 1891103631854 北京国电恒通电力工程有限公司
939 1548 6578103620455 ＳＭＣ（中国）有限公司
940 1930 8120103748676 北京车之家信息技术有限公司
941 1423 6073103765200 北京京华都房地产开发有限公司
942 185 0773103855932 东研高科（北京）环保技术有限公司
943 398 1588103839106 中泰创展控股有限公司
944 795 3163103628322 北京信威通信技术股份有限公司
945 1061 4366103638809 北京新京润房地产有限公司
946 1898 7942103769963 北京简单科技有限公司
947 2288 9697103621137 北京鸿坤伟业房地产开发有限公司
948 698 2739103806174 北京斯利安药业有限公司
949 1358 5819103889017 北京尚品宅配家居用品有限公司
950 1467 6248103674918 北京北星行汽车销售有限公司
951 1314 5677103796734 荷兰艾曲西麦尔维德有限公司北京代表
处
952 1684 7092103824808 北京高和承金属加工有限公司
953 455 1773103734525 中国石油天然气运输公司北京华北分公
司
954 1419 6056103819877 北京国华置业有限公司
955 1281 5496103595913 北京海顺德钛催化剂有限公司
956 1007 4102103862292 俄罗斯伊尔航空公司北京代表处
957 1082 4462103802703 北京欧地安科技股份有限公司
958 1810 7557103748636 北京齐尔布莱特科技有限公司
959 314 1256103883917 北京京大昆仑房地产开发有限公司
960 1949 8183103770685 中铁资源集团有限公司
961 511 1978103629034 建峰建设集团股份有限公司
962 1934 8147103799328 江苏圣典（北京）律师事务所
-28-963 319 1268103838896 北京正隆斋全素食品有限公司
964 55 0238103862077 北京科荣达新技术有限公司
965 686 2662103699018 北京荣之联科技股份有限公司
966 753 3001103811653 北京茂庸投资有限公司
967 849 3367103765203 北京京华都房地产开发有限公司
968 1907 8001103769984 北京简单科技有限公司
969 1360 5821103736421 北京思妍丽美容有限公司
970 2012 8451103870655 北京新凤凰城房地产开发有限公司
971 2255 9549103792704 密云县社区服务中心老年公寓
972 1891 7895103819841 北京华贸奥苑房地产开发有限公司
973 1775 7425103748715 中关村发展集团股份有限公司
974 247 1004103791994 北京比亚迪模具有限公司
975 969 3925103614243 北京嘉林药业股份有限公司
976 1547 6575103670455 北京场道市政工程集团有限公司
977 676 2619103770681 中铁资源集团有限公司
978 279 1131103601349 全国公民身份证号码查询服务中心
979 481 1848103674512 北京市首铭青少年体育俱乐部
980 446 1741103861176 中国绿色碳汇基金会
981 1912 8021103734437 北京恒天财富投资管理有限公司
982 1303 5636103594867 维奥达（北京）科技有限公司
983 2041 8567103695103 北京华恩房地产开发有限公司
984 394 1577103743822 北京金虎律师事务所
985 1228 5247103773727 北京新华电广影视技术有限公司
986 835 3330103800027 北京爱德发科技有限公司
987 1534 6537103616060 北京乐通律师事务所
988 1739 7276103737387 新浪网技术（中国）有限公司
989 2218 9341103823594 北京中关村开发建设股份有限公司第四
建筑工程分公司
990 1882 7861103637791 北京安宝房地产开发有限公司
991 1750 7335103685817 北京市建筑设计研究院有限公司
992 2334 9890103634827 北京兴华会计师事务所有限责任公司
993 1182 4986103795403 北京世钟汽车配件有限公司
994 1124 4652103634567 山重融资租赁有限公司
995 1583 6702103895048 加多宝（中国）饮料有限公司
996 277 1121103760510 北京恒远恒信科技发展有限公司
997 1687 7096103654222 北京讯奇连城商务服务有限公司
998 1256 5392103729412 北京快客利餐饮管理有限公司
999 178 0740103695266 北京龙熙顺景房地产开发有限责任公司
-29-1000 868 3467103695210 北京地源达房地产开发有限公司
1001 1111 4602103895037 加多宝（中国）饮料有限公司
1002 1551 6594103736420 北京思妍丽美容有限公司
1003 483 1851103765051 北京世纪正源房地产开发有限公司
1004 571 2208103774068 中国职工之家
1005 595 2289103773769 北京友安盛防火技术有限公司
1006 1901 7951103839407 北京壹人壹本信息科技有限公司
1007 1446 6174103765324 北京城乡一建设工程有限责任公司
1008 1483 6315103809866 北京市振泰富力石材有限公司
1009 958 3875103861783 北京博诺威医药科技发展有限公司
1010 1006 4092103887109 中电工信通讯设备有限公司
1011 1498 6383103770683 中铁资源集团有限公司
1012 2034 8543103804301 北京京东世纪信息技术有限公司
1013 1773 7416103748293 中国兵器装备集团公司
1014 2250 9519103804298 北京京东世纪信息技术有限公司
1015 1590 6755103748627 北京齐尔布莱特科技有限公司
1016 1460 6224103635964 鑫诺卫星通信有限公司
1017 791 3152103627600 北京以岭药业有限公司
1018 297 1198103730951 北京日月房地产开发有限公司
1019 1942 8166103765196 北京京华都房地产开发有限公司
1020 1110 4602103730440 北京市盛丰小额贷款有限责任公司
1021 1028 4198103654313 北京同仁堂健康药品经营有限公司
1022 435 1707103765017 北京世纪正源房地产开发有限公司
1023 2038 8549103826800 北京经济技术职业学院
1024 78 0304103595235 中国保密协会
1025 265 1084103595904 北京海顺德钛催化剂有限公司
1026 1565 6638103881537 北京安泰隆机电技术有限公司
1027 1593 6761103883911 北京京大昆仑房地产开发有限公司
1028 2342 9932103671637 北京东方艾狄尔会展有限公司
1029 304 1234103852504 中国大唐集团公司
1030 119 0439103781040 当代书法篆刻院
1031 1879 7849103720512 北京嘉克新兴科技有限公司
1032 86 0337103695647 北京富源盛达房地产开发有限公司
1033 1742 7305103774097 北京盛华泰医疗科技有限公司
1034 760 3027103620526 北京现代汽车有限公司
1035 187 0780103824992 北京捷亚泰中盛汽车销售有限公司
1036 1014 4123103597618 中国黄金集团黄金珠宝有限公司
1037 2358 9980103765209 北京京华都房地产开发有限公司
-30-1038 1876 7827103774072 中国职工之家
1039 873 3480103839103 中泰创展控股有限公司
1040 523 2009103748624 北京齐尔布莱特科技有限公司
1041 692 2701103792028 北京比亚迪模具有限公司
1042 1956 8196103634799 北京兴华会计师事务所有限责任公司
1043 1509 6410103626530 北京华创瑞风空调科技有限公司
1044 1585 6711103836413 北京中佰龙置业有限公司
1045 487 1869103617411 北京鼎力兴商贸有限责任公司
1046 1806 7542103729409 北京快客利餐饮管理有限公司
1047 2165 9094103760180 北京润泽庄苑房地产开发有限公司
1048 507 1952103622799 人民网股份有限公司
1049 786 3141103597709 中国黄金集团营销有限公司
1050 1279 5491103823604 北京中关村开发建设股份有限公司第四
建筑工程分公司
1051 2252 9524103782313 北京毕普创新科技有限公司
1052 50 0214103859575 北京链家房地产经纪有限公司
1053 131 0503103755496 北京市房山区养殖协会
1054 1469 6255103597638 中国黄金集团黄金珠宝有限公司
1055 408 1612103896910 北京长虹佳华智能系统有限公司
1056 1103 4574103852525 中国大唐集团公司
1057 2061 8633103806181 北京斯利安药业有限公司
1058 1188 5026103839393 北京壹人壹本信息科技有限公司
1059 767 3053103819874 北京国华置业有限公司
1060 680 2637103792035 北京比亚迪模具有限公司
1061 503 1925103819396 北京京泰同成置业有限公司
1062 427 1690103791165 北京科住物业管理有限公司
1063 1070 4398103730433 北京市盛丰小额贷款有限责任公司
1064 1486 6331103764796 北京工商管理专修学院
1065 742 2948103651991 北京东风南方亮马汽车销售服务有限公
司
1066 239 0977103597620 中国黄金集团黄金珠宝有限公司
1067 819 3262103694965 中铁航空港建设集团北京有限公司
1068 952 3851103788609 北京华夏聚龙自动化股份公司
1069 193 0820103852499 中国大唐集团公司
1070 1370 5845103744677 昆吾九鼎投资管理有限公司
1071 2072 8689103839403 北京壹人壹本信息科技有限公司
1072 1800 7520103836423 北京中佰龙置业有限公司
1073 2065 8638103839547 北京中电加美环保科技有限公司
-31-1074 357 1435103742997 北京元熙投资有限公司
1075 636 2458103611700 北京天地玛珂电液控制系统有限公司
1076 316 1265103734413 北京恒天财富投资管理有限公司
1077 1140 4741103798868 北京市龙鼎华源房地产开发有限责任公
司
1078 654 2547103872516 北京逸彩兴业印刷有限公司
1079 1236 5300103784389 北京金佳景汽车销售有限公司
1080 347 1401103811652 北京茂庸投资有限公司
1081 284 1149103618473 北京亿兆华盛有限公司
1082 961 3899103663867 中矿龙科能源科技（北京）股份有限公
司
1083 914 3663103852509 中国大唐集团公司
1084 2343 9933103796129 北京鄂尔多斯创展服装有限公司
1085 1709 7175103883909 北京京大昆仑房地产开发有限公司
1086 697 2738103621230 北京伏尔特技术有限公司
1087 2141 8964103800020 北京爱德发科技有限公司
1088 232 0933103645298 趣游科技集团有限公司
1089 603 2326103788608 北京华夏聚龙自动化股份公司
1090 1304 5638103794681 北京思锐达办公设备有限公司
1091 411 1637103765048 北京世纪正源房地产开发有限公司
1092 1648 6953103680008 海湾环境科技（北京）股份有限公司
1093 1562 6627103738654 中国石油天然气股份有限公司规划总院
1094 1475 6270103765204 北京京华都房地产开发有限公司
1095 194 0824103791999 北京比亚迪模具有限公司
1096 166 0678103769534 北京市国泰恒基建筑劳务分包有限公司
1097 2076 8700103644958 北京章光101科技股份有限公司
1098 1872 7814103883683 高晟财富（北京）投资管理有限公司
1099 1040 4267103841222 北京艺海创业国际商务会馆有限公司
1100 1202 5110103803881 中关村人居环境工程与材料研究院
1101 1897 7935103890536 中国文化产业协会
1102 556 2143103651989 北京东风南方亮马汽车销售服务有限公
司
1103 1803 7533103637835 北京安宝房地产开发有限公司
1104 1158 4856103792768 北京晒客天地科技有限公司
1105 662 2567103864550 北京建谊建筑工程有限公司
1106 923 3723103617132 北京政泉控股有限公司
1107 1302 5635103650554 锦州银行股份有限公司北京分行
1108 52 0218103770680 中铁资源集团有限公司
-32-1109 655 2548103761100 北京乔治费歇尔管路系统有限公司
1110 1456 6212103838890 北京页川斯达汽车销售服务有限公司
1111 2297 9721103802706 北京欧地安科技股份有限公司
1112 813 3235103588056 中国老年学学会老龄产业专业委员会
1113 1824 7620103794884 北京九和药业有限公司
1114 1196 5078103624409 北京德奥达汽车销售有限公司
1115 2296 9719103744670 昆吾九鼎投资管理有限公司
1116 489 1872103870644 北京新凤凰城房地产开发有限公司
1117 730 2905103595911 北京海顺德钛催化剂有限公司
1118 936 3779103819837 北京华贸奥苑房地产开发有限公司
1119 548 2107103734439 北京恒天财富投资管理有限公司
1120 749 2979103787818 北京中润发汽车销售有限公司
1121 999 4047103833701 北京中建控电气有限公司
1122 1411 6003103637827 北京安宝房地产开发有限公司
1123 814 3252103737389 新浪网技术（中国）有限公司
1124 1477 6278103878469 北京福思维科技发展有限公司
1125 2123 8898103827045 北京市房山区人民政府拱辰街道办事处
大南关村村民委员会
1126 114 0422103659996 北京宜成远兴化工有限责任公司
1127 1918 8047103791161 北京科住物业管理有限公司
1128 1317 5688103789561 中国家用电器商业协会
1129 1837 7684103744672 昆吾九鼎投资管理有限公司
1130 943 3807103802700 北京欧地安科技股份有限公司
1131 2223 9370103783347 中国商业企业管理协会
1132 161 0660103765046 北京世纪正源房地产开发有限公司
1133 1084 4468103800010 北京爱德发科技有限公司
1134 1445 6174103664069 北京鑫嘉能电力工程技术有限公司
1135 1954 8192103734438 北京恒天财富投资管理有限公司
1136 1673 7071103789371 北京岱摩斯变速器有限公司
1137 1255 5389103870652 北京新凤凰城房地产开发有限公司
1138 2273 9620103652148 北京才略科技有限公司
1139 1682 7087103824134 北京元六鸿远电子技术有限公司
1140 2079 8707103800011 北京爱德发科技有限公司
1141 909 3642103674958 北京北星行汽车销售有限公司
1142 822 3273103839401 北京壹人壹本信息科技有限公司
1143 3 0002103883916 北京京大昆仑房地产开发有限公司
1144 2355 9971103748301 中国兵器装备集团公司
1145 87 0339103747232 中关村大学生自主创新创业就业促进会
-33-1146 1771 7411103824616 北京捷亚泰汽贸有限公司
1147 2240 9480103792649 阿尔特汽车技术股份有限公司
1148 460 1783103632737 北京北信源软件股份有限公司
1149 2103 8830103686652 国兴汽车服务中心
1150 1222 5219103759930 北京国信创新科技有限公司
1151 2098 8795103634797 北京兴华会计师事务所有限责任公司
1152 661 2561103780442 北京天水雅居餐饮有限公司
1153 437 1708103621136 北京鸿坤伟业房地产开发有限公司
1154 1703 7157103794885 北京九和药业有限公司
1155 1010 4114103895001 加多宝（中国）饮料有限公司
1156 2285 9685103734798 北京斯普瑞斯奥特莱斯商城有限公司
1157 2256 9552103811637 北京茂庸投资有限公司
1158 1489 6347103650008 北京电影电视艺术家协会
1159 1867 7796103685540 北京凯迪克格兰云天大酒店有限公司
1160 1271 5427103859139 北京万家灯火家居装饰市场有限公司
1161 1513 6420103734415 北京恒天财富投资管理有限公司
1162 2023 8494103735669 北京神州灵山叶腊石有限公司
1163 745 2956103602699 新湖财富投资管理有限公司
1164 2315 9802103811651 北京茂庸投资有限公司
1165 946 3812103597710 中国黄金集团营销有限公司
1166 447 1743103852519 中国大唐集团公司
1167 237 0956103760511 北京恒远恒信科技发展有限公司
1168 521 2004103627566 北京北汽九龙出租汽车股份有限公司
1169 1060 4365103765327 北京城乡一建设工程有限责任公司
1170 762 3036103695752 北京福瑞通科技有限公司
1171 2313 9790103794886 北京九和药业有限公司
1172 264 1073103895972 北京三阳纺科技有限责任公司
1173 1679 7078103883914 北京京大昆仑房地产开发有限公司
1174 1647 6953103628418 北京信威永胜通信技术有限公司
1175 214 0876103734527 中国石油天然气运输公司北京华北分公
司
1176 2352 9960103907442 北京同乐丽众建筑劳务分包有限公司
1177 827 3286103615445 北京新意互动广告有限公司
1178 243 0998103857171 北京古城房地产开发有限公司
1179 352 1422103597713 中国黄金集团营销有限公司
1180 1992 8386103760976 北京睿博美佳商贸有限公司
1181 1466 6238103873974 北京盛世宣合信息科技有限公司
1182 332 1326103773736 北京新华电广影视技术有限公司
-34-1183 400 1593103819875 北京国华置业有限公司
1184 1924 8072103861593 北京市铭基律师事务所
1185 1183 4996103870660 北京新凤凰城房地产开发有限公司
1186 17 0074103895003 加多宝（中国）饮料有限公司
1187 544 2094103894815 中石化中铁油品销售有限公司
1188 751 2996103596710 北京福泉投资有限公司
1189 1631 6905103732181 北京华脉诚信科技有限公司
1190 212 0870103852693 北京鼎汉技术股份有限公司
1191 2018 8475103647032 北京优炫软件股份有限公司
1192 1696 7124103722841 北京五方中冀汽车销售有限公司
1193 1760 7369103734436 北京恒天财富投资管理有限公司
1194 590 2269103788277 学成世纪（北京）信息技术有限公司
1195 290 1171103765050 北京世纪正源房地产开发有限公司
1196 2172 9119103843648 北京市纪委监察局昌平教育基地
1197 2308 9763103656791 森特士兴集团股份有限公司
1198 1536 6552103624557 北京唐源房地产开发有限公司
1199 1126 4657103823863 北京名华四季国际酒店管理有限责任公
司
1200 189 0783103768913 航天人才开发交流中心
1201 1198 5083103697154 北京中科金财科技股份有限公司
1202 2056 8617103774470 北京合锐赛尔电力科技有限公司
1203 1663 7036103765044 北京世纪正源房地产开发有限公司
1204 107 0396103702698 北京巴瑞医疗器械有限公司
1205 238 0964103852526 中国大唐集团公司
1206 1845 7720103645305 趣游科技集团有限公司
1207 616 2386103629376 北京万商联行投资顾问有限公司
1208 586 2264103816272 北京金汇兴业投资管理有限公司
1209 996 4046103602698 新湖财富投资管理有限公司
1210 1866 7793103883908 北京京大昆仑房地产开发有限公司
1211 877 3507103647031 北京优炫软件股份有限公司
1212 1221 5215103697158 北京中科金财科技股份有限公司
1213 106 0387103620472 ＳＭＣ（中国）有限公司
1214 311 1252103661120 北京瑞源文德科技有限公司
1215 841 3350103889021 北京尚品宅配家居用品有限公司
1216 1779 7440103890319 北京市南彩建筑工程公司
1217 2043 8571103594925 北京利祥制药有限公司
1218 1911 8021103627719 中投发展有限责任公司
1219 820 3263103767247 中视科华有限公司
-35-1220 2000 8417103699535 北京中盾安民分析技术有限公司
1221 1840 7693103765214 北京京华都房地产开发有限公司
1222 328 1297103747605 北京市蓝鹏律师事务所
1223 2228 9398103816339 北京格雷服装服饰有限公司
1224 1723 7226103734230 北京二六三企业通信有限公司
1225 541 2090103765019 北京世纪正源房地产开发有限公司
1226 1335 5748103784881 北京传奇建筑设计有限公司
1227 2279 9651103881454 北京粤通纸业有限公司
1228 2338 9919103764272 中国中建设计集团有限公司
1229 1367 5841103699527 北京中盾安民分析技术有限公司
1230 1745 7311103654112 河北建设集团有限公司北京丰台分公司
1231 98 0370103634153 北京中建乐孚装饰工程有限责任公司
1232 1874 7822103817577 北京市昌平区博仁医院
1233 2126 8906103665814 北京永茂建工机械制造有限公司
1234 1429 6106103628900 山东鲁花集团商贸有限公司北京分公司
1235 1621 6870103748671 北京车之家信息技术有限公司
1236 623 2405103766395 纳新塑化（上海）有限公司北京分公司
1237 2344 9940103883125 北京市兴昌市政工程有限责任公司
1238 596 2290103771476 北京朝音信德贸易有限公司
1239 160 0655103786848 北京内蒙古大厦有限责任公司
1240 1619 6867103792032 北京比亚迪模具有限公司
1241 1208 5148103601718 北京光线传媒股份有限公司
1242 246 1004103744676 昆吾九鼎投资管理有限公司
1243 843 3353103948129 北京房修一建筑工程有限公司
1244 1520 6474103760507 北京恒远恒信科技发展有限公司
1245 1085 4470103876493 北京森华通达汽车销售服务有限公司
1246 472 1827103695655 北京富源盛达房地产开发有限公司
1247 1957 8198103697152 北京中科金财科技股份有限公司
1248 1537 6555103787810 北京中润发汽车销售有限公司
1249 668 2587103760978 北京睿博美佳商贸有限公司
1250 685 2659103788794 中国战略文化促进会
1251 994 4034103798854 北京市龙鼎华源房地产开发有限责任公
司
1252 1287 5546103787076 北京江海电气安装有限公司
1253 90 0346103800012 北京爱德发科技有限公司
1254 1759 7369103682635 中科软科技股份有限公司
1255 255 1037103823595 北京中关村开发建设股份有限公司第四
建筑工程分公司
-36-1256 1853 7744103760508 北京恒远恒信科技发展有限公司
1257 2205 9285103879861 北京三信时代信息公司
1258 1433 6135103770715 北京磨铁图书有限公司
1259 1284 5529103857175 北京古城房地产开发有限公司
1260 738 2939103702726 北京巴瑞医疗器械有限公司
1261 1174 4956103760505 北京恒远恒信科技发展有限公司
1262 102 0379103843618 北京精英世界翻译有限责任公司
1263 1055 4322103787823 北京中润发汽车销售有限公司
1264 600 2314103729410 北京快客利餐饮管理有限公司
1265 1899 7944103729416 北京快客利餐饮管理有限公司
1266 1205 5137103737605 北京四海祥云塑料零件有限公司
1267 1785 7458103740238 北京市中兆律师事务所
1268 2277 9645103760982 北京睿博美佳商贸有限公司
1269 1123 4648103811961 北京市地铁建筑安装工程公司
1270 1714 7183103614241 北京嘉林药业股份有限公司
1271 1613 6843103729524 中国城市建设控股集团有限公司
1272 395 1577103889020 北京尚品宅配家居用品有限公司
1273 1903 7964103729498 中国城市建设控股集团有限公司
1274 2222 9365103611702 北京天地玛珂电液控制系统有限公司
1275 608 2347103839478 北京祥瑞驰通汽车销售有限公司
1276 495 1891103773732 北京新华电广影视技术有限公司
1277 830 3300103839544 北京中电加美环保科技有限公司
1278 1318 5692103628419 北京信威永胜通信技术有限公司
1279 2091 8763103602703 新湖财富投资管理有限公司
1280 673 2598103685839 北京市建筑设计研究院有限公司
1281 800 3175103671638 北京东方艾狄尔会展有限公司
1282 1093 4515103731120 北京市金木堂数码科技有限公司
1283 1850 7730103765052 北京世纪正源房地产开发有限公司
1284 2176 9128103787831 北京中润发汽车销售有限公司
1285 240 0979103804375 北京京东世纪贸易有限公司
1286 1890 7893103883713 高晟财富（北京）投资管理有限公司
1287 1831 7646103748639 北京齐尔布莱特科技有限公司
1288 1527 6513103671190 中航捷锐（北京）光电技术有限公司
1289 538 2075103627543 北京以岭药业有限公司
1290 2225 9378103819395 北京京泰同成置业有限公司
1291 1604 6810103605758 北京通发动经贸有限公司
1292 324 1293103822342 北京驰然文化传媒有限公司
1293 517 1997103852521 中国大唐集团公司
-37-1294 621 2396103634824 北京兴华会计师事务所有限责任公司
1295 1121 4640103686616 国兴汽车服务中心
1296 721 2845103895032 加多宝（中国）饮料有限公司
1297 54 0235103656973 北京三盈联合石油技术有限公司
1298 1672 7070103744460 北京市远东德力电子有限公司
1299 1237 5302103880347 北京网康科技有限公司
1300 276 1119103765206 北京京华都房地产开发有限公司
1301 1781 7447103827384 精碳伟业（北京）科技有限公司
1302 2289 9699103895002 加多宝（中国）饮料有限公司
1303 201 0846103774098 北京盛华泰医疗科技有限公司
1304 878 3509103634565 山重融资租赁有限公司
1305 774 3097103773749 北京新华电广影视技术有限公司
1306 1087 4478103765591 北京中恒博瑞数字电力科技有限公司
1307 1726 7234103786625 中国光大银行股份有限公司信用卡中心
1308 2032 8528103806166 北京斯利安药业有限公司
1309 1313 5675103699544 北京中盾安民分析技术有限公司
1310 1108 4598103729411 北京快客利餐饮管理有限公司
1311 1542 6559103821424 北京市通州区淘乐思艺术幼儿园
1312 715 2837103895701 北京腾峰创美物业管理有限公司
1313 1437 6149103765593 北京中恒博瑞数字电力科技有限公司
1314 1650 6974103806169 北京斯利安药业有限公司
1315 1880 7855103767629 北京安诺信通信技术有限公司
1316 1944 8169103852527 中国大唐集团公司
1317 1259 5398103870649 北京新凤凰城房地产开发有限公司
1318 1826 7635103760512 北京恒远恒信科技发展有限公司
1319 149 0588103736241 北京中广群星至盛文化传播有限公司
1320 1141 4741103839361 北京壹人壹本信息科技有限公司
1321 67 0269103654310 北京同仁堂健康药品经营有限公司
1322 2208 9296103684234 北京互信互通信息技术股份有限公司
1323 35 0150103699538 北京中盾安民分析技术有限公司
1324 1355 5813103693216 北京侨福置业有限公司
1325 1922 8068103797616 北京海纳川汽车部件股份有限公司北京
分公司
1326 296 1185103594935 北京利祥制药有限公司
1327 1206 5145103819838 北京华贸奥苑房地产开发有限公司
1328 2019 8482103682666 中科软科技股份有限公司
1329 1231 5258103800025 北京爱德发科技有限公司
1330 2008 8437103765047 北京世纪正源房地产开发有限公司
-38-1331 415 1641103650533 锦州银行股份有限公司北京分行
1332 1220 5214103760986 北京睿博美佳商贸有限公司
1333 221 0894103734422 北京恒天财富投资管理有限公司
1334 725 2873103768584 北京法旺律师事务所
1335 2282 9677103626645 北京汽车贸易中心有限公司
1336 2191 9212103812134 中关村知识产权战略研究院
1337 206 0857103735936 北京清大远景企业咨询中心
1338 2327 9864103767628 北京安诺信通信技术有限公司
1339 155 0606103594717 北京利福瑞达科贸有限公司
1340 359 1442103628301 北京瑞平通信技术有限公司
1341 1984 8343103755735 亿通万方科技（北京）有限公司
1342 434 1704103787812 北京中润发汽车销售有限公司
1343 1615 6860103806367 北京中美华艺文化传播有限公司
1344 525 2015103627720 中投发展有限责任公司
1345 1157 4855103870945 依文服饰股份有限公司
1346 2280 9655103632442 北京盘古氏投资有限公司
1347 657 2550103796127 北京鄂尔多斯创展服装有限公司
1348 1224 5236103762971 北京众合泰鑫科贸有限公司
1349 960 3881103895190 北京亿赫天博科技发展有限公司
1350 53 0229103901490 北京麦迪克斯科技有限公司
1351 2168 9101103736424 北京思妍丽美容有限公司
1352 1493 6376103601361 北京恒基安泰装饰工程有限公司
1353 334 1338103765056 北京世纪正源房地产开发有限公司
1354 285 1151103695321 北京市大瀚律师事务所
1355 510 1976103594369 北京市宝盈律师事务所
1356 1160 4864103839392 北京壹人壹本信息科技有限公司
1357 474 1831103883714 高晟财富（北京）投资管理有限公司
1358 399 1590103890323 北京市南彩建筑工程公司
1359 223 0908103595912 北京海顺德钛催化剂有限公司
1360 847 3364103760987 北京睿博美佳商贸有限公司
1361 363 1472103804300 北京京东世纪信息技术有限公司
1362 872 3472103685813 北京市建筑设计研究院有限公司
1363 799 3169103695946 北京天越门窗制造有限公司
1364 1683 7089103876507 北京中光华会计师事务所有限责任公司
1365 1964 8224103682641 中科软科技股份有限公司
1366 288 1162103765195 北京京华都房地产开发有限公司
1367 473 1827103762374 北京阜康国际广告艺术有限公司
1368 555 2138103774081 中国职工之家
-39-1369 512 1979103617412 北京鼎力兴商贸有限责任公司
1370 1073 4415103791998 北京比亚迪模具有限公司
1371 2221 9361103740836 北京恒嘉国际融资租赁有限公司
1372 1229 5249103637828 北京安宝房地产开发有限公司
1373 2124 8900103859576 北京链家房地产经纪有限公司
1374 360 1466103734435 北京恒天财富投资管理有限公司
1375 1341 5763103786847 北京内蒙古大厦有限责任公司
1376 2187 9201103811358 中国药文化研究会
1377 147 0576103674388 中国电信股份有限公司
1378 1267 5426103676603 西马克技术（北京）有限公司
1379 259 1048103702703 北京巴瑞医疗器械有限公司
1380 1552 6598103727096 北京今朝装饰设计有限公司
1381 944 3808103735808 北京波士通达汽车销售服务有限公司
1382 2286 9689103804302 北京京东世纪信息技术有限公司
1383 1691 7112103594475 中国长寿工程基金会有限公司北京代表
处
1384 916 3670103695130 北京华恩房地产开发有限公司
1385 1727 7237103747674 北京市金韵达速递有限公司
1386 2102 8825103729500 中国城市建设控股集团有限公司
1387 1097 4533103676565 西马克国际贸易（北京）有限公司
1388 1746 7312103674392 中国电信股份有限公司
1389 88 0343103760518 北京恒远恒信科技发展有限公司
1390 1525 6511103846386 伊特克斯惰性气体系统（北京）有限公
司
1391 757 3022103837701 北京国服信奥兴汽车有限公司
1392 461 1786103783872 北京市中迈律师事务所
1393 1757 7361103620471 ＳＭＣ（中国）有限公司
1394 1566 6642103764268 中国中建设计集团有限公司
1395 1608 6826103839388 北京壹人壹本信息科技有限公司
1396 2020 8482103734441 北京恒天财富投资管理有限公司
1397 66 0268103674389 中国电信股份有限公司
1398 1814 7569103614998 北京鼎合金通经贸有限责任公司
1399 937 3781103874545 北京新水源景科技有限公司
1400 2321 9822103618666 北京宏强富瑞技术有限公司
1401 128 0483103839389 北京壹人壹本信息科技有限公司
1402 171 0715103874291 安徽省阜阳市人民政府驻北京联络处
1403 172 0716103856554 北京瑞丽浩佳贸易有限公司
1404 2030 8524103695785 北京中盾安民分析技术有限公司
-40-1405 805 3190103685803 北京市建筑设计研究院有限公司
1406 1050 4311103627602 北京以岭药业有限公司
1407 1391 5945103686623 国兴汽车服务中心
1408 1257 5396103839405 北京壹人壹本信息科技有限公司
1409 989 4005103765326 北京城乡一建设工程有限责任公司
1410 1792 7496103695272 北京龙熙顺景房地产开发有限责任公司
1411 1210 5153103748304 中国兵器装备集团公司
1412 809 3211103737385 新浪网技术（中国）有限公司
1413 188 0781103729503 中国城市建设控股集团有限公司
1414 1923 8070103766392 纳新塑化（上海）有限公司北京分公司
1415 1025 4184103735671 北京神州灵山叶腊石有限公司
1416 26 0113103765059 北京世纪正源房地产开发有限公司
1417 711 2806103596709 北京福泉投资有限公司
1418 109 0400103646690 中铁电气化局集团第一工程有限公司
1419 2112 8867103771475 北京朝音信德贸易有限公司
1420 2046 8584103748673 北京车之家信息技术有限公司
1421 1849 7729103838891 北京页川斯达汽车销售服务有限公司
1422 397 1588103824617 北京捷亚泰汽贸有限公司
1423 1838 7685103757431 北京城建银地物业管理有限责任公司
1424 488 1872103660110 标银投资咨询（北京）有限公司
1425 1601 6790103804382 北京京东世纪贸易有限公司
1426 638 2474103792030 北京比亚迪模具有限公司
1427 2312 9786103748314 中国兵器装备集团公司
1428 1203 5113103597629 中国黄金集团黄金珠宝有限公司
1429 215 0879103747677 北京市金韵达速递有限公司
1430 1322 5711103797466 北京锄禾食品有限责任公司
1431 882 3523103756286 北京瑞森韦尔自控设备有限公司
1432 1286 5545103812295 北京大地江山科技有限公司
1433 1883 7862103630914 北京京港地铁有限公司
1434 1283 5517103784582 北京窝窝团信息技术有限公司
1435 150 0588103765302 北京城乡一建设工程有限责任公司
1436 1769 7405103895045 加多宝（中国）饮料有限公司
1437 1265 5422103857180 北京古城房地产开发有限公司
1438 369 1487103674996 北京高联汽车俱乐部有限公司
1439 34 0145103747454 中国人民解放军北京卫戍区东郊招待所
1440 12 0064103890415 北京环尚博科技发展有限公司
1441 729 2897103795666 北京南北天地科技股份有限公司
1442 1435 6144103823598 北京中关村开发建设股份有限公司第四
建筑工程分公司
-41-1443 1749 7334103819394 北京京泰同成置业有限公司
1444 433 1704103638791 北京新京润房地产有限公司
1445 1266 5426103589158 北京市智舟律师事务所
1446 74 0291103806178 北京斯利安药业有限公司
1447 417 1653103650553 锦州银行股份有限公司北京分行
1448 2309 9765103835619 北京戎利实业总公司
1449 373 1511103632744 北京北信源软件股份有限公司
1450 557 2144103592208 北京市海淀区新纪元培训学校
1451 2116 8883103637598 北京比亚迪模具有限公司
1452 967 3918103748302 中国兵器装备集团公司
1453 1169 4912103623000 北京市自来水集团有限责任公司
1454 195 0825103645808 北京中汽雷日汽车有限公司
1455 854 3395103870428 北京触控科技有限公司
1456 1885 7876103773735 北京新华电广影视技术有限公司
1457 2203 9279103637626 北京比亚迪模具有限公司
1458 2186 9200103765188 北京京华都房地产开发有限公司
1459 2264 9587103748629 北京齐尔布莱特科技有限公司
1460 421 1662103734429 北京恒天财富投资管理有限公司
1461 938 3782103787816 北京中润发汽车销售有限公司
1462 1359 5820103760495 北京恒远恒信科技发展有限公司
1463 100 0372103632436 北京盘古氏投资有限公司
1464 310 1250103788890 中江融华（北京）投资担保有限公司
1465 217 0886103810321 北京多维视通技术有限公司
1466 6 0029103602702 新湖财富投资管理有限公司
1467 1637 6934103774089 中国职工之家
1468 549 2107103776782 现代女性领导力研究院
1469 1342 5766103637782 北京安宝房地产开发有限公司
1470 834 3323103637790 北京安宝房地产开发有限公司
1471 1932 8131103836422 北京中佰龙置业有限公司
1472 1300 5630103770684 中铁资源集团有限公司
1473 775 3098103765016 北京世纪正源房地产开发有限公司
1474 1940 8164103599869 北京万博创业科技发展有限公司
1475 1187 5025103654328 上海期货交易所驻北京联络处
1476 1262 5406103895030 加多宝（中国）饮料有限公司
1477 213 0873103744667 昆吾九鼎投资管理有限公司
1478 1969 8251103723322 北京鼎普科技股份有限公司
1479 2243 9490103852696 北京鼎汉技术股份有限公司
1480 493 1885103760499 北京恒远恒信科技发展有限公司
-42-1481 1278 5488103792767 北京晒客天地科技有限公司
1482 1066 4372103815661 北京天航瑞晨汽车销售有限公司
1483 1041 4269103637773 北京安宝房地产开发有限公司
1484 117 0435103656786 森特士兴集团股份有限公司
1485 734 2917103702654 北京思立达科技有限公司
1486 1938 8160103769985 北京简单科技有限公司
1487 376 1516103630129 时代华睿（北京）科技有限公司
1488 57 0242103736415 北京思妍丽美容有限公司
1489 825 3276103748597 北京齐尔布莱特科技有限公司
1490 2014 8458103836417 北京中佰龙置业有限公司
1491 1858 7757103792177 北京盛世雅歌乐器销售有限公司
1492 1539 6557103789369 北京岱摩斯变速器有限公司
1493 2142 8966103838997 北京欣维尔玻璃仪器有限公司
1494 1578 6691103637776 北京安宝房地产开发有限公司
1495 763 3038103740838 北京恒嘉国际融资租赁有限公司
1496 329 1301103740834 北京恒嘉国际融资租赁有限公司
1497 174 0726103852510 中国大唐集团公司
1498 576 2227103634154 北京中建乐孚装饰工程有限责任公司
1499 545 2097103658175 北京金宝房地产开发有限公司
1500 497 1896103830392 北京市林发商贸公司
1501 506 1938103615228 北京比特易湃信息技术有限公司
1502 1667 7044103680492 中建一局集团第三建筑有限公司
1503 1490 6347103748315 中国兵器装备集团公司
1504 913 3657103824993 北京捷亚泰中盛汽车销售有限公司
1505 2104 8837103628976 北京平安力合科技发展股份有限公司
1506 1623 6878103632425 北京盘古氏投资有限公司
1507 8 0050103736416 北京思妍丽美容有限公司
1508 601 2319103734431 北京恒天财富投资管理有限公司
1509 893 3579103773750 北京新华电广影视技术有限公司
1510 578 2233103702716 北京巴瑞医疗器械有限公司
1511 1960 8201103692855 北京巴瑞医疗器械有限公司
1512 917 3672103836414 北京中佰龙置业有限公司
1513 1130 4668103804378 北京京东世纪贸易有限公司
1514 744 2952103787824 北京中润发汽车销售有限公司
1515 2062 8636103730956 北京日月房地产开发有限公司
1516 46 0205103760519 北京恒远恒信科技发展有限公司
1517 272 1115103692848 北京巴瑞医疗器械有限公司
1518 2092 8766103736419 北京思妍丽美容有限公司
-43-1519 325 1293103910121 北京瑞征汽车贸易有限公司
1520 1320 5701103802701 北京欧地安科技股份有限公司
1521 1298 5630103637764 北京安宝房地产开发有限公司
1522 1860 7762103889769 北京朗月通路文化传播有限公司
1523 320 1269103637756 北京安宝房地产开发有限公司
1524 674 2613103765057 北京世纪正源房地产开发有限公司
1525 1789 7478103628907 山东鲁花集团商贸有限公司北京分公司
1526 45 0194103787820 北京中润发汽车销售有限公司
1527 1573 6676103894819 中石化中铁油品销售有限公司
1528 649 2528103765586 北京中恒博瑞数字电力科技有限公司
1529 1200 5091103674984 北京北星行汽车销售有限公司
1530 1128 4668103597711 中国黄金集团营销有限公司
1531 2057 8621103852515 中国大唐集团公司
1532 2146 8986103806177 北京斯利安药业有限公司
1533 1737 7271103773742 北京新华电广影视技术有限公司
1534 928 3758103634794 北京兴华会计师事务所有限责任公司
1535 2314 9794103881193 北京鑫敏恒永嘉汽车销售有限公司
1536 581 2250103695948 北京天越门窗制造有限公司
1537 2028 8504103609778 北京市西城区现代管理培训学校
1538 788 3150103685816 北京市建筑设计研究院有限公司
1539 2150 8991103791849 北京安德固脚手架工程有限公司
1540 1484 6321103748677 北京车之家信息技术有限公司
1541 372 1501103858479 北京华锦源耐磨材料有限公司
1542 977 3963103800018 北京爱德发科技有限公司
1543 1072 4414103695944 北京天越门窗制造有限公司
1544 669 2591103626511 北京华滨投资有限公司华滨国际大酒店
1545 801 3180103695453 北京天地方中资产管理有限公司
1546 884 3534103851164 中国人民解放军总参谋部第六十一研究
所试制工厂
1547 1399 5967103791317 北京邦远律师事务所
1548 340 1365103791877 北京市奕明律师事务所
1549 1428 6098103770686 中铁资源集团有限公司
1550 1409 6001103695277 北京龙熙顺景房地产开发有限责任公司
1551 253 1027103620764 北京天行网安信息技术有限责任公司
1552 354 1428103784583 北京窝窝团信息技术有限公司
1553 1052 4313103734417 北京恒天财富投资管理有限公司
1554 120 0440103634796 北京兴华会计师事务所有限责任公司
1555 2254 9544103656971 北京三盈联合石油技术有限公司
-44-1556 865 3455103674942 北京北星行汽车销售有限公司
1557 1319 5694103748601 北京齐尔布莱特科技有限公司
1558 2326 9856103819840 北京华贸奥苑房地产开发有限公司
1559 1929 8118103594294 北京朗依制药有限公司
1560 931 3762103804324 北京京东世纪信息技术有限公司
1561 1177 4973103774086 中国职工之家
1562 1441 6166103686664 国兴汽车服务中心
1563 1754 7353103632773 北京益而康生物工程开发中心
1564 220 0893103857179 北京古城房地产开发有限公司
1565 1115 4619103650535 锦州银行股份有限公司北京分行
1566 448 1748103765595 北京中恒博瑞数字电力科技有限公司
1567 2206 9290103747670 北京市金韵达速递有限公司
1568 1173 4955103872499 北京胜世嘉业科技有限责任公司
1569 1427 6093103800007 北京爱德发科技有限公司
1570 1577 6690103765185 北京京华都房地产开发有限公司
1571 963 3905103736422 北京思妍丽美容有限公司
1572 139 0535103737383 新浪网技术（中国）有限公司
1573 2262 9578103623006 北京市自来水集团有限责任公司
1574 2100 8810103800019 北京爱德发科技有限公司
1575 1048 4296103823301 北京天高隔膜压缩机有限公司
1576 293 1179103888931 北京航天伟良科技有限公司
1577 783 3121103748305 中国兵器装备集团公司
1578 2107 8856103627585 北京以岭药业有限公司
1579 1657 7014103791164 北京科住物业管理有限公司
1580 2068 8652103760494 北京恒远恒信科技发展有限公司
1581 1194 5066103727176 贝壳网际（北京）安全技术有限公司
1582 1027 4194103748600 北京齐尔布莱特科技有限公司
1583 1559 6622103620524 北京现代汽车有限公司
1584 2160 9066103787813 北京中润发汽车销售有限公司
1585 1092 4514103770713 北京磨铁图书有限公司
1586 546 2098103747679 北京市金韵达速递有限公司
1587 642 2502103760994 北京睿博美佳商贸有限公司
1588 771 3094103632445 北京盘古氏投资有限公司
1589 1291 5585103697155 北京中科金财科技股份有限公司
1590 1038 4265103611683 北京天地玛珂电液控制系统有限公司
1591 2201 9266103789373 北京岱摩斯变速器有限公司
1592 1616 6863103622988 北京市自来水集团有限责任公司
1593 983 3990103794564 北京船舶宾馆
-45-1594 1522 6500103787830 北京中润发汽车销售有限公司
1595 684 2653103890555 北京方大炭素科技有限公司
1596 1917 8046103910349 卡尔拉得优胜汽车修复系统（北京）有
限公司
1597 650 2529103760497 北京恒远恒信科技发展有限公司
1598 1150 4814103783561 众志恒阳（北京）工业设备有限公司
1599 1022 4149103791542 北京证券期货研究院
1600 1472 6268103890321 北京市南彩建筑工程公司
1601 635 2456103852695 北京鼎汉技术股份有限公司
1602 333 1327103597717 中国黄金集团营销有限公司
1603 1495 6382103620466 ＳＭＣ（中国）有限公司
1604 292 1179103647225 北京智成高科技产业发展研究所
1605 2022 8493103806179 北京斯利安药业有限公司
1606 459 1781103699215 包商银行公益基金会
1607 1245 5334103788278 学成世纪（北京）信息技术有限公司
1608 111 0410103676593 西马克技术（北京）有限公司
1609 1660 7020103594714 北京利福瑞达科贸有限公司
1610 2231 9434103824135 北京元六鸿远电子技术有限公司
1611 2114 8872103774325 北京马山东宝商贸有限公司
1612 1768 7397103720510 北京嘉克新兴科技有限公司
1613 1029 4200103734414 北京恒天财富投资管理有限公司
1614 2011 8449103823592 北京中关村开发建设股份有限公司第四
建筑工程分公司
1615 874 3496103802636 北京艺中宝电子系统集成工程有限公司
1616 1003 4060103685812 北京市建筑设计研究院有限公司
1617 1887 7884103839397 北京壹人壹本信息科技有限公司
1618 1301 5632103791993 北京比亚迪模具有限公司
1619 4 0009103622817 人民网股份有限公司
1620 1659 7019103890320 北京市南彩建筑工程公司
1621 879 3513103695787 北京中盾安民分析技术有限公司
1622 1952 8187103616691 科电航宇（北京）信息技术有限公司
1623 1113 4611103837695 北京国服信奥兴汽车有限公司
1624 1402 5978103845196 北京龙文环球教育科技有限公司
1625 1698 7127103771443 中视联动科技（北京）有限公司
1626 787 3145103800006 北京爱德发科技有限公司
1627 573 2218103767248 中视科华有限公司
1628 663 2570103780082 四川达宽（北京）律师事务所
1629 1947 8176103870647 北京新凤凰城房地产开发有限公司
-46-1630 2033 8539103853554 北京瑞志龙腾科技有限公司
1631 2058 8622103740833 北京恒嘉国际融资租赁有限公司
1632 2212 9300103748635 北京齐尔布莱特科技有限公司
1633 1227 5245103685794 北京市建筑设计研究院有限公司
1634 441 1732103615002 北京鼎合金通经贸有限责任公司
1635 2356 9971103798021 北京捷亚泰中兴汽车销售有限公司
1636 196 0829103824022 北京三元基因工程有限公司
1637 1254 5388103869399 北京市两高律师事务所
1638 1535 6544103735670 北京神州灵山叶腊石有限公司
1639 396 1579103845197 北京龙文环球教育科技有限公司
1640 2021 8491103823601 北京中关村开发建设股份有限公司第四
建筑工程分公司
1641 1246 5335103784904 北京天空建筑设计顾问有限公司
1642 2106 8851103765053 北京世纪正源房地产开发有限公司
1643 2121 8891103804606 北京中科可来博电子科技股份有限公司
1644 2207 9294103695662 北京富源盛达房地产开发有限公司
1645 1704 7162103630128 时代华睿（北京）科技有限公司
1646 1953 8190103769535 北京市国泰恒基建筑劳务分包有限公司
1647 96 0364103798855 北京市龙鼎华源房地产开发有限责任公
司
1648 36 0152103718612 拉卡拉支付有限公司
1649 539 2076103633744 北京波士瑞达汽车销售服务有限公司
1650 451 1757103819876 北京国华置业有限公司
1651 85 0336103664215 北京维通利电气有限公司
1652 439 1721103620446 ＳＭＣ（中国）有限公司
1653 883 3525103614233 北京嘉林药业股份有限公司
1654 20 0090103892510 北京中陆贸易有限公司
1655 515 1988103824619 北京捷亚泰汽贸有限公司
1656 1675 7072103748669 北京车之家信息技术有限公司
1657 1353 5795103773766 北京友安盛防火技术有限公司
1658 59 0249103702718 北京巴瑞医疗器械有限公司
1659 364 1475103839400 北京壹人壹本信息科技有限公司
1660 1910 8018103674988 北京北星行汽车销售有限公司
1661 647 2523103674959 北京北星行汽车销售有限公司
1662 2097 8794103784392 北京金佳景汽车销售有限公司
1663 1680 7080103634801 北京兴华会计师事务所有限责任公司
1664 2081 8711103783027 北京胜多商贸有限责任公司
1665 1261 5403103777031 北京双喜兴盛科贸有限公司
-47-1666 831 3314103674711 北京数梦活力传媒文化有限公司
