1             17990      2602104529107      北京冠军铭威咨询顾问有限公司 

         2             53743      8109104526150      北京报发永联塑料制品有限公司 

         3              8247      1175104599123      北京宏诚嘉豪贸易有限公司 

         4             39762      5942104605999      北京市丰台区铁营社区卫生服务中心 

         5             20558      2980104552459      北京创精伟业装饰工程有限公司 

         6              8671      1230104765415      国泰君安证券股份有限公司北京知春路证券营业部 

         7             45067      6759104575033      嘉事瑞康（北京）医药有限公司 

         8             40064      5989104540033      北京淳中视讯科技有限公司 

         9             58617      8862104501216      北京六合汇通科技有限公司 

        10              6517      0939104539329      北辰正方建设集团有限公司 

        11             30719      4543104687177      北京天阳宏业软件技术有限公司 

        12             25370      3700104752339      北京唐韵山庄酒店有限责任公司 

        13               441      0060104672928      北京和润恺安科技发展有限责任公司 

        14             22717      3301104472478      北京鑫宇和医疗器械有限公司 

        15             24584      3584104552664      北京零距离信息技术有限公司 

        16             24970      3638104579020      北京沃通开成文化传媒有限公司 

        17             19620      2837104776087      中节能绿洲（北京）太阳能科技有限公司 

        18             45436      6813104628008      北京捷威恒达数据处理有限公司 

        19              5897      0854104474237      北京环宇富地科技有限公司 

                                      -1- 

----------------------- Page 2-----------------------

        20             13067      1871104530496      北京港馨家园物业管理有限公司 

        21              9642      1373104521670      天地图有限公司 

        22             14406      2068104691300      北京兴融信息技术有限公司 

        23             25807      3768104487520      联合医化（北京）投资咨询有限公司 

        24             45820      6876104606810      德威华泰（北京）科技有限公司 

        25             56895      8601104510537      中咨泰克交通工程集团有限公司 

        26             62299      9424104517553      中铁十八局集团第六工程有限公司北京分公司 

        27             10709      1536104480405      北京瑞盈科仪科技发展有限公司 

        28             28829      4227104481894      北京合纵实科电力科技有限公司 

        29             54531      8233104663869      北京力美广告有限公司 

        30              3498      0509104498510      北京和美易信息技术有限公司 

        31               774      0104104694780      北京迈创伟业液压设备有限公司 

        32               586      0081104492580      北京中润国建环保检测咨询中心 

        33             53461      8067104592145      北京优炫软件股份有限公司 

        34             38285      5729104740815      北京墨柏林咨询有限公司 

        35             43550      6528104577524      北京中交兴路供应链管理有限公司 

        36              9415      1342104567576      北京格林阳光科技有限公司 

        37             28975      4252104499130      北京华油联恒石油技术有限公司 

        38              2447      0349104625383      北京博辉在线科技发展有限公司 

        39              2399      0342104737634      快乐的狗（北京）新媒体技术有限责任公司 

        40             42086      6296104503085      北京创通建设集团有限公司 

        41              6362      0914104663219      北京金网安泰信息技术有限公司 

        42             55978      8457104580328      北京海泉电力安装有限公司 

        43             36245      5421104599073      北京慧丰清轩环境卫生清洁服务有限公司 

        44             24784      3613104606644      北京陆道培干细胞生物技术有限公司 

        45             19852      2872104488628      北京京燕水利管理有限公司 

        46             54380      8210104645225      北京新创富邦科技有限公司 

        47             16505      2367104551638      北京航天慧舟装饰工程有限公司 

        48             43527      6525104534653      北京灵智精锐整合营销顾问有限公司 

        49             65245      9870104545209      北京金立方电子商务有限公司 

        50             10881      1562104495200      中铁十九局集团有限公司 

        51               539      0074104509739      北京通联地基基础工程有限公司 

        52             60846      9198104608381      北京世纪鑫星建筑工程有限公司 

        53             64210      9720104694939      北京佳时正通科技有限责任公司 

        54              7001      1004104557718      招商局地产（北京）有限公司 

                                         -2- 

----------------------- Page 3-----------------------

        55             20231      2928104739060      保仕特（北京）模型技术开发有限公司 

        56              3584      0521104510689      北京北方瑞德仪器仪表有限公司 

        57             27937      4085104557198      北京国安电气有限责任公司 

        58             28544      4182104534278      北京万企动力国际企业投资顾问有限公司 

        59             48984      7364104758359      北京盛世慧才教育科技有限公司 

        60             24375      3552104658442      北京天士安国际经济技术合作有限公司 

        61             64079      9696104774814      北京冠亚伟业民用建筑设计有限公司市政工程设计分公司 

        62             16239      2331104482594      北京精维康拓科技有限公司 

        63             51649      7785104556975      北京圣鼎铭商贸有限责任公司 

        64             55119      8322104627431      北京泓源投资集团有限公司 

        65              5744      0828104622546      北京耀莱金榜酒业有限公司 

        66             30133      4444104740412      北京商智朗宸科技有限公司 

        67             38025      5693104756440      北京中联税软件科技有限公司 

        68             28273      4137104697297      北京世纪星空影业投资有限公司丰台分公司 

        69             45283      6794104534860      北京上元柏昌印刷有限公司 

        70             15170      2183104491412      北京达天元科技有限公司 

        71             62112      9391104673241      北京众成天极信息技术有限责任公司 

        72             17173      2480104526488      北京泽天盛海石油工程技术有限公司 

        73             43037      6441104552704      北京中福石油投资发展有限公司 

        74             29927      4411104562005      北京张德满律师事务所 

        75              6705      0966104588812      北京中寰科安科技发展有限公司 

        76             19780      2861104558602      天安人寿保险股份有限公司 

        77             44277      6639104680268      北京航升飞宇科技有限公司 

        78              1023      0143104737564      北京网天下信息技术有限公司 

        79             25968      3790104652980      北京慧博创测通信技术有限公司 

        80              2515      0360104528397      北京途昊机电设备有限公司 

        81             45795      6873104497554      华夏人寿保险股份有限公司北京分公司 

        82             33298      4968104483007      北京格瑞科创科技有限公司 

        83             29700      4371104551128      北京智合联创展览有限公司 

        84             43651      6544104739570      北京富德芯创国际科技有限公司 

        85              2959      0429104564750      北京碧天联创管理咨询有限公司 

        86              6044      0872104472437      北京永盛天合科技有限公司 

        87              2493      0357104759341      北京华夏农企文化交流中心 

        88             46461      6969104505357      北京瑞文华信贸易有限公司 

        89             18054      2612104748950      北京智联数通科技有限公司 

                                         -3- 

----------------------- Page 4-----------------------

        90             39967      5975104614636      北京东方艾迪普数码科技有限公司 

        91             47595      7148104509260      北京润禾物业管理有限公司 

        92               431      0059104559297      宁波银行股份有限公司北京分行 

        93             19580      2831104736440      中青旅联科(北京)公关顾问有限公司 

        94             44141      6617104514901      北京协力泽仁科技发展有限公司 

        95             44124      6615104561301      北京天信宏达科技有限公司 

        96             56239      8500104611074      北京东源圣业医疗科技有限公司 

        97              4330      0625104521047      北京华星勘查新技术公司 

        98             47243      7095104585418      北京今印联图像设备有限公司 

        99             19041      2760104606781      北京华亘安邦科技有限公司 

       100             55836      8430104660001      香港奔达东方有限公司北京代表处 

       101             16355      2346104557648      北京城建道桥建设集团有限公司 

       102             54348      8204104558159      北京铭畅嘉业贸易有限公司 

       103             64360      9742104527668      中软信息系统工程有限公司 

       104             50076      7553104660196      北京博纳电气股份有限公司 

       105             14886      2139104685096      悉地（北京）国际建筑设计顾问有限公司 

       106             49483      7458104510621      北京惠德混凝土有限公司 

       107             17810      2575104528286      北京极品无限科技发展有限责任公司 

       108             34283      5119104756531      北京四季海星电梯工程有限公司 

       109               296      0040104625944      北京可口可乐饮料有限公司 

       110               451      0061104684032      北京恒枫景观照明工程有限公司 

       111             25423      3708104504733      华高莱斯国际地产顾问（北京）有限公司 

       112             26914      3926104745771      北京新粤创力贸易有限公司 

       113              2577      0369104496536      北京鹏晟维康医疗器械有限责任公司 

       114             46469      6970104497245      神雾环保技术股份有限公司 

       115             44696      6701104528764      北京天地通信息技术有限公司 

       116             30781      4555104546444      北京轩辕盛世科技有限责任公司 

       117             52656      7943104546342      北京九州通医药有限公司 

       118              7999      1141104484610      北京瑞立信印刷设备有限公司 

       119             52160      7863104580197      北京金峰创商贸有限公司 

       120             65816      9954104526353      北京银行股份有限公司北清路支行 

       121             27641      4034104715398      北京泰年丰泽科技有限公司 

       122             57680      8720104729982      金阳恒业（北京）纸业有限公司 

       123             10220      1463104739082      华科智慧科技股份有限公司 

       124              5317      0767104697365      北京天府邓家菜餐饮管理有限公司 

       125             33691      5030104656940      北京鑫鹏世纪汽车销售服务有限公司 

                                         -4- 

----------------------- Page 5-----------------------

       126             61682      9324104592295      北京懋源宏业科技有限公司 

       127             63710      9642104575418      北京卓金工贸有限公司 

       128             65013      9834104489285      北京永兴永联机电设备有限公司 

       129             51920      7827104505198      奕霖四海（天津）置业有限公司北京物业管理分公司 

       130             16583      2380104711269      华夏明科（北京）数字技术有限公司 

       131             15451      2223104485972      北京南北天地软件技术有限公司 

       132             63151      9561104565157      北京市海淀区温泉镇敬老院 

       133             48098      7225104584928      北京冀发贵汽车贸易有限公司 

       134             36248      5422104513567      北京优利阳新能源科技有限公司 

       135             52276      7880104756728      北京环图炫视广告有限公司 

       136             57564      8703104559392      北京长安达消防科技有限公司 

       137             35054      5233104527398      北京恒达天成运输有限公司 

       138             45741      6864104513866      北京博维亚讯技术有限公司 

       139             28765      4217104533046      中国建筑材料科学研究总院管庄东里医院 

       140             19593      2834104501633      北京赛特百货有限公司 

       141             54351      8205104563069      北京泽华源科技有限公司 

       142             34326      5125104658134      北京全式金生物技术有限公司 

       143             46166      6924104571035      奇飞翔艺（北京）软件有限公司 

       144             17604      2542104552045      北京鹏通加越机电设备有限公司 

       145             14544      2089104675668      北京泊士联汽车销售中心 

       146             20681      2997104506839      北京盟力星科技有限公司 

       147             63970      9679104508483      协宇东盈医疗科技（北京）有限公司 

       148             39227      5859104680393      人民交通出版社 

       149             65561      9916104759255      北京隆畅达科技有限公司 

       150             13343      1909104609809      北京昌茂宏业科技有限公司 

       151             62447      9450104487142      北京国电腾达电气有限公司 

       152             61200      9255104657154      中嘉能源管理（北京）有限公司 

       153             19342      2798104771469      北京欧勤远景技术发展有限公司 

       154             28195      4127104539255      中国民生银行股份有限公司信用卡中心 

       155             24792      3614104768918      北京泽洋建筑装饰工程有限公司 

       156             44129      6615104727924      北京俊瑞祥和建筑劳务分包有限公司 

       157             59044      8924104528806      北京玉渊潭物业管理集团有限公司第八分公司 

       158             16385      2350104562945      北京市凌云宇阳房地产开发有限公司 

       159             19321      2796104585169      金利易胜科技发展（北京）有限公司 

       160             51889      7823104497246      神雾环保技术股份有限公司 

                                         -5- 

----------------------- Page 6-----------------------

       161             18913      2741104527228      北京中岳时代国际商贸有限公司 

       162             48480      7286104492410      北京瑞森伟业商贸有限公司 

       163             49829      7512104759642      北京华泰焦化工程技术有限公司 

       164             51116      7705104692898      北京市尚然市政公用工程有限公司 

       165             28389      4156104746557      派欧尼尔环境净化工程（北京）有限公司 

       166             44933      6738104771947      北京鼎盛恒巨自动化技术有限公司 

       167             32445      4830104749834      北京麦格天渱科技发展有限公司 

       168             60309      9122104522051      北京京创盈新机械有限责任公司 

       169             53249      8037104532385      罗格斯达（北京）科技发展有限公司 

       170             61843      9347104491310      北京传世比邻信息咨询有限公司 

       171              6915      0992104694770      北京凯德华兴建筑有限公司 

       172             45350      6803104690671      北京国环建邦环保科技有限公司 

       173             32567      4851104667467      阳光天意建筑工程技术（北京）有限公司 

       174             11466      1646104673537      永港伟方（北京）科技股份有限公司 

       175             59432      8985104591164      北京顺鑫天宇建设工程有限公司 

       176             11514      1653104666105      北京华龙通科技有限公司 

       177             58732      8878104581844      北京龙豪百年装饰工程有限公司 

       178             56890      8600104526412      北京新创迪克系统集成技术有限公司 

       179             13011      1863104576329      北京禹华集成房屋有限公司 

       180             63828      9658104707310      北京盛创兴业科技有限公司 

       181             24484      3569104732271      北京古城房地产开发有限公司 

       182             65568      9917104707180      北京龙熙伟业建筑装饰工程有限公司 

       183             38577      5771104686514      北京智诚天泽网络技术有限责任公司 

       184             13000      1862104488562      北京斯凯瑞达电气有限公司 

       185             19121      2770104497527      南车财务有限公司 

       186              1951      0278104580219      北京市华泰律师事务所 

       187             28757      4216104495123      北京筑鼎建筑装饰工程有限公司 

       188              8054      1151104489138      北京众智传扬广告有限公司 

       189             27485      4009104593180      北京万达广场房地产开发有限公司 

       190             13435      1922104610591      北京大通龙源能源技术有限公司 

       191             42127      6302104484658      北京坤泰济电器销售有限公司 

       192             29356      4315104670790      北京三元博雅科技孵化器有限公司 

       193              9445      1347104684236      北京津西投资控股有限公司 

       194             33820      5051104483559      北京百业精英教育咨询有限公司 

       195             35438      5291104625942      北京可口可乐饮料有限公司 

       196             51962      7831104683668      北京广播大厦管理有限责任公司 

                                         -6- 

----------------------- Page 7-----------------------

       197             62454      9451104501842      北京众帮伟业汽车服务有限公司 

       198             32604      4857104501306      北京联通昊普汽车技术有限公司 

       199             52271      7880104565383      北京科信印刷有限公司 

       200             41865      6262104483514      北京山谷云天医疗器械有限公司 

       201             31525      4670104666161      北京中原领先科技有限公司 

       202             45034      6754104530380      北京成威博瑞实验室设备有限公司 

       203             12313      1769104514583      北京步步高教育电子产品有限公司 

       204             17616      2544104530506      北京市朝阳区阿拉丁培训学校 

       205             62785      9504104506710      北京水木罡正文化发展有限公司 

       206             17098      2468104625032      星美小镇（北京）餐饮管理有限公司 

       207             28633      4195104612658      北京聚尚名汇商贸有限公司 

       208              7877      1125104578665      北京华腾佳和科技有限公司 

       209             34880      5207104628805      北京御鼎盛源商贸有限公司 

       210             13278      1898104772318      北京德海瑞特科技开发有限公司 

       211             51513      7769104564815      北京华思拓科技有限公司 

       212              2155      0305104699049      北京五衡建筑设计事务所有限公司 

       213              3374      0491104710848      北京兴长信达科技发展有限公司 

       214             21609      3132104708042      北京亿润暖通科技有限公司 

       215             27406      3999104512440      中核华建资产管理有限公司 

       216             19462      2814104766677      北京泰和通金典建筑装饰工程有限公司 

       217              9904      1414104489883      北京贵州大厦 

       218             36830      5514104768111      北京市环宇电梯工程有限公司 

       219             31996      4753104513052      北京华电祥云软件系统有限公司 

       220             26439      3856104608274      中国公路工程咨询集团有限公司 

       221             16176      2320104593053      北京易成恒泰商贸有限公司 

       222             24392      3555104487683      中海油中铁油品销售有限公司 

       223             32824      4893104671057      北京华盛昌百旺汽车贸易有限公司 

       224             39814      5952104511456      杭州银行股份有限公司北京分行 

       225             19717      2852104548092      北京宝山商务酒店 

       226             43676      6548104684310      北京金丰和科技企业孵化器有限责任公司 

       227             35906      5369104687469      尚石尚峰（北京）石材有限公司 

       228             64863      9813104504248      北京国盛兴业投资有限公司 

       229             42144      6305104511526      北京太阳光影影视科技有限公司 

       230              7470      1070104553615      北京中海物流有限公司 

       231             15177      2184104490946      中核控制系统工程有限公司 

       232             26129      3812104659266      北京七星华创微波电子技术有限公司 

       233              4619      0667104708755      中国财富出版社 

                                          -7- 

----------------------- Page 8-----------------------

       234             37263      5576104634662      北京和霖特科技发展有限公司 

       235             32303      4805104606587      北京金日时代小商品市场有限公司 

       236             45566      6834104522129      北京金泰华包装制作有限公司 

       237             53256      8037104648808      北京先达基业科技发展有限公司 

       238             20961      3038104670901      北京中网华通设计咨询有限公司 

       239             16331      2342104736919      北京双城世缘投资咨询有限公司 

       240              2023      0289104481770      北京世纪京能科技有限公司 

       241             39434      5889104576972      北京智诚通远科技发展有限公司 

       242             20881      3024104602227      北京朗程科讯科技有限公司 

       243             39290      5867104685281      北京新发地翠鲜缘保鲜冷库有限公司 

       244             14208      2038104662889      北京华康诚信医疗科技有限公司 

       245             28039      4102104654270      北京华安远大智能电气有限公司 

       246             39973      5976104713425      北京鹏智兴科技有限公司 

       247             25982      3791104715128      北京恒久隆安消防科技发展有限责任公司 

       248             53952      8144104591724      北京恒之鸿业能源科技发展有限公司 

       249              6414      0921104610073      启皓兴业（北京）有限公司 

       250             15977      2295104489501      北京中经科环技术培训有限公司 

       251             42059      6292104495006      北京泛华恒业咨询有限公司 

       252             25624      3741104677944      北京燕华工程建设有限公司 

       253               608      0083104547895      北京道丰总部基地物业管理有限公司 

       254             25833      3771104541049      中亚太达国际物流（北京）有限公司 

       255             25689      3752104638417      北京明生宏达科技有限公司 

       256              7134      1020104516947      北京盛世华阳机械设备租赁有限公司 

       257             12210      1754104576614      北京帅蒙贸易有限公司 

       258             38615      5776104663992      北京鑫明煜翔科技有限公司 

       259             64016      9686104761740      北京中盐红色盛宴餐饮有限公司 

       260             19109      2768104514943      中国出租汽车暨汽车租赁协会 

       261             47308      7103104733603      北京宏盛昌达建筑器材租赁有限公司 

       262             29887      4405104485587      北京泰禾信康科技孵化器有限公司朝阳分公司 

       263             31849      4722104518459      北京煜明特光电技术有限公司 

       264             27411      3999104623733      吉林森林工业股份有限公司北京分公司 

       265             64217      9721104522121      荣泰威广告传媒（北京）有限公司 

       266             25384      3703104514853      北京翰艺美装饰有限公司 

       267             63652      9634104554170      北京市永康药业有限公司 

       268             32228      4792104656883      中信建投证券股份有限公司北京南大红门路证券营业部 

                                         -8- 

----------------------- Page 9-----------------------

       269             55423      8366104489107      北京广易通广告有限公司 

       270             47957      7202104728374      北京创行无限公关策划有限公司 

       271             32322      4810104676113      北京兴百设备安装工程有限责任公司 

       272             55059      8311104737134      华商基金管理有限公司 

       273             20500      2971104553308      北京中铁山城轨道交通投资管理中心（有限合伙） 

       274             29973      4418104618605      北京山林伟业汽车租赁有限公司 

       275             53121      8015104567910      北京北方华德尼奥普兰客车股份有限公司 

       276             61411      9286104709891      北京红都盛世服装服饰有限责任公司 

       277             51218      7722104571500      北京鸿信康科贸有限公司 

       278             18617      2695104537284      百拓商旅（北京）网络科技股份有限公司 

       279             11776      1688104504753      北京天贺志成科技有限公司 

       280             45860      6882104581671      北京瑞福泽商贸有限责任公司 

       281             17695      2557104482146      北京全信科工科技发展有限公司 

       282             48070      7221104563175      北京建宝利源物资有限公司 

       283             58449      8838104503505      北京威瑞森石油工程技术有限公司 

       284             26168      3817104680257      天职国际会计师事务所（特殊普通合伙） 

       285             31527      4670104756559      协合风电投资有限公司 

       286             55670      8401104592282      北京伊人城业健康美容有限责任公司 

       287             25521      3723104487742      北京中电富通电子有限公司 

       288             44902      6733104696682      北京龙威盛达科技有限公司 

       289             11574      1662104519836      北京宜人宜业传媒广告有限公司 

       290             25170      3669104774611      北京恒久世纪机电设备有限公司 

       291             33357      4977104495491      北京华煤安信科技有限公司 

       292             14641      2102104614766      北京汇金通财咨询有限公司 

       293             23061      3350104630543      北京京铁房地产开发公司 

       294             63338      9587104550602      北京望湖公园经营管理有限公司 

       295             20832      3018104592573      北京光宇华夏科技有限责任公司 

       296              9548      1362104753601      北京盛威南凌信息科技有限公司 

       297             55149      8326104528401      北京希佳杰石化设备有限公司 

       298             11880      1700104672970      北京秦天科技集团有限公司 

       299             16108      2311104705288      北京鼎事兴教育咨询有限公司 

       300              2655      0380104758451      北京顺源通泰科技有限公司 

       301             42437      6350104488402      北京佰宸讯高新技术有限公司 

       302             59870      9053104496139      北京金商祺科技股份有限公司 

                                         -9- 

----------------------- Page 10-----------------------

       303             64646      9783104630776      丰田汽车（中国）投资有限公司 

       304             24574      3582104546896      北京世纪鸿城置业有限公司 

       305             49771      7507104527990      北京英思创科技有限公司 

       306             53116      8014104620890      北京金都冶金机械厂 

       307              5125      0741104521971      北京阳光领域广告有限公司 

       308             36752      5505104554044      北京铭智佳华通信技术有限公司 

       309             38829      5803104575805      北京市泽文律师事务所 

       310             30395      4488104575028      北京康迅医药信息咨询中心 

       311             22032      3195104544235      北京云建城市建设工程有限公司巨各庄分公司 

       312             59710      9026104758266      北京八方互动广告有限公司 

       313             26839      3915104659468      北京黎马敦太平洋包装有限公司 

       314             18157      2627104528946      北京光启博远管理咨询有限公司 

       315              1415      0197104678599      北京市国盛房地产评估有限责任公司 

       316             65355      9886104492230      北京奥神传媒广告有限公司 

       317             37554      5623104503822      北京金泰凯迪汽车销售服务有限公司 

       318              5682      0820104504642      北京巴瑞医疗器械有限公司 

       319             62000      9374104536684      北京营川景观设计有限公司 

       320              8548      1218104511851      北京益友联商贸有限公司 

       321             65980      9978104756449      北京永月东文化发展有限公司 

       322             18751      2717104575356      北京市通州区优优培训学校 

       323             20654      2993104615467      北京西联联合国际石材交易市场有限公司 

       324             30253      4465104580730      北京居然尚屋家居用品有限公司 

       325             14600      2096104672096      北京市北科数字医疗技术有限公司 

       326             17681      2554104727216      邮政科学研究规划院 

       327             31998      4753104526030      北京奥吉通汽车销售有限公司 

       328             23278      3383104515927      北京金淮河商贸中心 

       329              9142      1299104590701      北京康科物业管理有限公司 

       330             43573      6530104551883      北京迪诺教育咨询有限公司 

       331              6263      0899104759988      北京数立通科技有限责任公司 

       332             39339      5875104472174      北京友钲兴达机械设备维修有限公司 

       333              2509      0359104584816      北京希优照明设备有限公司 

       334              9122      1296104580475      北京迪生动画科技有限公司 

       335              3423      0500104536179      天津进极运输有限公司北京分公司 

       336             23941      3485104559440      北京古大仪表有限公司 

       337             49541      7469104673536      永港伟方（北京）科技股份有限公司 

       338             33875      5059104526914      北京中关村开发建设股份有限公司第四建筑工程分公司 

                                         -10- 

----------------------- Page 11-----------------------

       339             42514      6363104553483      北京京城机电资产管理有限责任公司 

       340             44527      6676104534361      北京世奥森林公园开发经营有限公司 

       341             50545      7622104653721      北京市蓝鹏律师事务所 

       342             54886      8285104733043      北京金曼晶贸易有限公司 

       343              6073      0876104472473      北京康鑫爱国际文化有限公司 

       344             47296      7102104580421      北京莱格科技有限公司 

       345              3138      0454104661392      北京金亮点市政园林工程有限公司 

       346             39763      5942104681311      斯坦恩贝格（北京）电子有限公司 

       347             53919      8136104591257      中国平安财产保险股份有限公司北京市丰台支公司 

       348              4905      0707104603896      北京泰康泓博投资有限公司 

       349             61923      9362104599212      北京圣于兰科技有限公司 

       350             21593      3130104627761      北京汉达信息技术有限公司 

       351             38111      5705104569357      北京拓邦智达科技有限公司 

       352             49468      7454104591849      北京开闻信通科技有限公司 

       353             15997      2296104770669      中兵勘察设计研究院 

       354              7561      1082104683726      北京金诺百特科技有限公司 

       355              2791      0403104605910      北京市西城区勤思培训学校 

       356             23687      3443104508971      北京靓诺派时装有限公司 

       357             39217      5858104633497      北京海洋海泰科技有限公司 

       358             34393      5137104657292      北京丰达瑞祥商贸有限公司 

       359              9975      1423104531450      北京森荣顺合科技有限公司 

       360             32090      4770104487614      北京韩一理化科技有限公司 

       361             21118      3061104492927      北京新业聚源商贸有限公司 

       362             47964      7204104576126      北京华星恒业电气设备有限公司 

       363             27610      4029104620980      北京盛茂盛建设工程有限公司 

       364             61372      9280104767373      北京博途机械设备有限公司 

       365             24132      3517104690410      北京安科兴业科技股份有限公司 

       366             48810      7338104497447      北京启能万维科技有限公司 

       367             57201      8646104592580      北京金烨菲林文化传媒有限公司 

       368             17718      2560104547338      北京明利兴装饰有限责任公司 

       369             14734      2115104658787      北京赛门格电气科技有限公司 

       370             43591      6533104625892      北京聚缘鑫泉商贸有限公司 

       371             15814      2270104638488      北京维华唐宫饮食有限公司 

       372              3679      0534104482590      北京创艺间娱乐文化有限公司 

       373             29285      4303104502439      北京三聚创洁科技发展有限公司 

       374             17473      2522104477523      北京清大悦林建筑规划设计有限公司 

       375             24119      3515104612175      北京旺顺阁美食有限公司 

                                         -11- 

----------------------- Page 12-----------------------

       376             11094      1593104539078      北京精一强远科技有限公司 

       377             12678      1820104657884      北京市圣雅诗进出口有限责任公司 

       378             39475      5896104576783      北京中自百佳技术服务有限公司 

       379             27116      3955104492438      北京优购文化发展有限公司 

       380             40954      6120104579672      北京东方地景房地产开发有限公司 

       381             29879      4403104489884      北京贵州大厦 

       382             27094      3951104659803      北京木村纸业有限公司 

       383             27471      4007104563059      北京四达基业市政建设工程有限公司 

       384             53665      8098104491278      北京兰中包装制品厂 

       385              5463      0786104668561      北京市平谷区博阳社会工作事务所 

       386             22912      3330104690318      北京正江房地产开发有限公司 

       387             23343      3391104508772      北京雨辰视美科技有限公司 

       388             61065      9230104589800      网神信息技术（北京）股份有限公司 

       389              6331      0910104600615      北京恒路源科技有限公司 

       390             45853      6881104521710      北京天阳鑫辰典当有限责任公司 

       391             50840      7664104752206      北京碧洲园林景观工程有限公司 

       392             15149      2180104548141      北京凯悦通达机电安装有限公司 

       393             23901      3479104558598      天安人寿保险股份有限公司 

       394             10424      1496104610013      北京鸿科联创科技发展有限公司 

       395             23409      3400104513598      北京华航盈拓信息技术有限公司 

       396              2582      0369104615271      北京天喜韵达速递有限公司 

       397             27276      3976104538054      北京迪阳保洁杀虫技术服务有限公司 

       398             10818      1552104522070      中国农业生产资料集团公司 

       399             23164      3365104507621      北京奥一新源科技有限公司 

       400             20445      2963104539538      北京盛世恒泰土石方工程有限公司 

       401             48679      7318104741723      北京博悦幕尚文化传媒有限责任公司 

       402             36201      5413104594254      北京中物联盟传媒广告有限公司 

       403             56288      8506104693616      北京捷安特京商贸有限公司 

       404             18333      2654104488439      中进汽贸服务有限公司 

       405              5780      0835104522798      北京京西阳光投资有限公司 

       406             34432      5142104556924      北京中联建机电设备有限公司 

       407             20184      2921104631223      北京众视融合科技有限公司 

       408             64640      9782104511094      北京金一文化发展股份有限公司 

       409             49558      7471104755453      北京辰安测控科技有限公司 

       410             57814      8738104758882      北京陈阿婆火锅餐饮有限公司五棵松分公司 

       411             11009      1581104710436      北京科宝优耐家居装饰有限公司 

       412             65859      9961104543020      北京联华为创科技有限公司 

                                         -12- 

----------------------- Page 13-----------------------

       413              7278      1042104492825      北京天奕浩博科技有限公司 

       414             35137      5245104689217      北京艾特思维科技有限公司 

       415              2211      0314104530403      北京澄皓熹业保洁服务有限责任公司 

       416             60141      9097104540667      北京鼎成行汽车服务有限公司 

       417             20493      2970104627940      北京国信比林通信技术有限公司 

       418             40062      5988104711702      北京力合大科科技有限公司 

       419             55909      8442104531138      北京中恒捷运国际货运代理有限公司 

       420              1221      0171104553159      北京涵祺洪达商贸有限公司 

       421             25468      3714104657340      平安养老保险股份有限公司北京分公司 

       422             62253      9415104602602      北京兴龙马珠宝有限公司 

       423             11387      1634104696882      北京飞凌佳杰电子科技有限公司 

       424             34998      5223104718088      北京中科日升科技有限公司 

       425             58867      8896104659023      北京宇丰房地产开发有限责任公司 

       426               666      0090104535859      天下至正公关顾问（北京）有限公司 

       427             45894      6886104536706      北京万益源商贸有限公司 

       428             18861      2733104622542      北京伊力特保洁有限公司 

       429             60180      9103104500813      赛文（北京）教育科技有限公司 

       430             21538      3121104618028      北京中企合众汽车技术开发有限公司 

       431             49935      7530104579758      北京益融房地产经纪有限公司 

       432              1861      0263104776149      科腾科技(北京)有限公司 

       433             16311      2339104691073      煤炭科学技术研究院有限公司 

       434              6671      0961104627854      北京富卓电力工程技术有限公司 

       435             58391      8826104585164      北京丹青园林绿化有限责任公司 

       436             59795      9041104624564      北京上口空间实业有限公司 

       437             36922      5527104557594      北京华信东方科技有限公司 

       438              9139      1299104567776      北京鼎昌复合材料有限责任公司 

       439             47886      7194104501021      华能煤业有限公司 

       440             37147      5559104505378      北京拓尔思信息技术股份有限公司 

       441              2729      0392104774142      北京时创兴业科贸有限公司 

       442             24819      3618104727280      北京创达嘉业科技有限公司 

       443             11507      1652104736323      北京特优博仁医疗器械有限公司 

       444             14634      2101104535229      中国体育国际经济技术合作有限公司 

       445             34845      5202104580205      北京中立诚会计师事务所有限公司 

       446             51098      7703104573038      北京金辉玉禾生物技术有限公司 

       447              7872      1125104506788      北京泰达仁企业管理咨询有限公司 

       448             54880      8285104526368      北京美利林科技发展有限公司 

       449              8214      1172104484544      中工工程机械成套有限公司 

       450             29384      4321104477608      北京火红鸟科技发展有限公司 

                                          -13- 

----------------------- Page 14-----------------------

       451             48205      7239104551163      北京宏丰永正商贸有限公司 

       452             53331      8048104602011      保福（北京）科技园投资开发集团有限公司 

       453             21025      3048104500015      北京华宸智鑫科技有限公司 

       454             21944      3181104753542      北京溢美四方软件技术有限公司 

       455             61094      9236104687161      北京嘉程博维咨询有限公司 

       456             52542      7925104564118      北京杰利阳能源设备制造有限公司 

       457             24814      3618104612780      北京远隆物流有限公司 

       458             21291      3088104535455      北京市能通威科软件技术有限责任公司 

       459             25582      3735104613820      北京思泰工程造价咨询有限公司 

       460              5115      0739104561402      北京瑞得康博医药有限责任公司 

       461             54655      8252104717938      北京国鑫建投科技有限公司 

       462              1323      0184104751871      佰嘉通（北京）科技有限公司 

       463              4460      0644104640349      北京盛世伟业岩土工程有限公司 

       464             28021      4098104660397      北京长白山国际酒店 

       465              7880      1125104683222      北京启慧致远商务咨询有限公司 

       466              9148      1300104530047      北京金利华电机修理厂 

       467             49548      7470104711937      北京周大福珠宝金行有限公司 

       468               607      0083104546556      北京海晟东方建筑咨询中心 

       469             42863      6416104500833      北京博恒泰和广告有限公司 

       470              8533      1216104514137      北京东方瑞平房地产开发有限公司 

       471             23220      3374104575825      北京奥成益华消防工程有限公司 

       472             11355      1629104686043      中博农畜牧科技股份有限公司 

       473             58292      8812104563952      北京市朝阳区东方宝莲人才培训学校 

       474             18762      2719104689759      北京金创杰科技发展有限公司 

       475             64609      9777104538739      北京波士瑞达汽车销售服务有限公司 

       476               649      0088104532994      北京遒逸阳光广告有限公司 

       477             50746      7649104786236      北京隆楷餐饮有限公司 

       478             62870      9517104557092      北京中寰工程项目管理有限公司 

       479               153      0020104759359      北京东方指南针投资管理有限公司 

       480              7770      1110104540739      北京海科融通支付服务股份有限公司 

       481             58911      8904104733311      小米通讯技术有限公司 

       482             57130      8637104496567      盛元康能（北京）科技发展有限公司 

       483             10647      1527104533302      北京国瑞特机电设备有限公司 

       484             30796      4557104513465      北京景山房地产开发有限公司 

       485             39449      5891104497676      北京新城热力有限公司 

       486             62720      9495104683826      北京北宇机械设备有限公司 

       487             46952      7050104552735      北京东方雪韵文化发展有限公司 

                                         -14- 

----------------------- Page 15-----------------------

       488             60484      9145104758744      北京西派乐科贸有限公司 

       489             11694      1679104522375      北京德银通电子科技有限公司 

       490              5849      0845104600104      北京深谋财富投资管理有限公司 

       491             34981      5221104568536      北京建学工程机械租赁有限公司 

       492             15632      2245104745720      浙江华夏物业管理有限公司北京第二分公司 

       493             49674      7493104624042      北京煜航工程项目管理有限公司 

       494             42772      6400104540245      北京风火锐意文化传媒有限责任公司 

       495             48609      7308104481518      北京市房山区城乡规划设计所 

       496              1406      0196104699018      奇普世纪（北京）工程复印设备有限公司 

       497             20360      2949104497398      北京华彩之声科技有限公司 

       498             49602      7479104538590      康惠中天（北京）科技有限公司 

       499              6755      0971104554649      人民日报传媒广告有限公司 

       500             25697      3753104611934      北京同达信恒知识产权代理有限公司 

       501              1551      0218104747443      北京紫光天禾软件系统技术有限公司 

       502              7265      1039104639734      北京君山表面技术工程有限公司 

       503             12018      1720104494658      北京东方捷通科技发展有限公司 

       504             65798      9951104754682      北京华通辅助材料厂 

       505              6165      0887104624156      北京瑞鸿博装饰有限公司 

       506             36851      5517104621710      北京普睿驰管理顾问中心（普通合伙） 

       507             61155      9249104556952      北京今缘康乐科技发展有限公司 

       508              2263      0322104606664      北京捷亚泰中盛汽车销售有限公司 

       509             23451      3408104486707      北京文会启明文化传播有限公司 

       510             60445      9139104726790      北京原海桓国际贸易有限公司 

       511              1797      0253104709993      北京东兴楼餐饮管理服务有限责任公司 

       512             28061      4106104621908      北京顺泽科技有限公司 

       513             21138      3063104634453      北京大承精技汽车部件有限公司 

       514             17813      2575104686512      北京智诚天泽网络技术有限责任公司 

       515             12320      1769104713791      北京东仁庆开汽车销售服务有限公司 

       516             63641      9633104550455      北京捷酷科技有限公司 

       517             56793      8587104627481      北京天石筑仕建筑设计咨询有限公司 

       518             39780      5945104583302      国研文化传媒股份有限公司 

       519             54689      8256104602920      延锋百利得（上海）汽车安全系统有限公司北京分公司 

       520             11276      1618104764744      大唐（北京）能源管理有限公司 

       521             28312      4144104508841      北京京联众兴物业管理有限公司 

       522             55181      8330104611829      北京工信联合知识产权代理事务所（普通合伙） 

                                       -15- 

----------------------- Page 16-----------------------

       523             55030      8306104718443      北京中恒晖机电设备有限公司 

       524             37014      5541104711529      北京箭丽辉煌商贸有限公司 

       525             39668      5926104783890      安盛天平财产保险股份有限公司北京分公司东城营销服务部 

       526              7588      1086104654765      北京天下互联信息科技有限公司 

       527             27797      4060104497425      北京大道信通科技股份有限公司 

       528             15521      2231104476456      中国农业国际合作促进会 

       529             36270      5426104583851      北京李先生加州牛肉面大王有限公司 

       530             63203      9567104571937      北京睿航开元科技有限公司 

       531             46405      6960104717089      意厦国际规划设计（北京）有限公司 

       532              1144      0160104565966      北京盛和星空广告有限公司 

       533             56116      8482104759098      北京太尔化工有限公司 

       534             40573      6063104740232      北京金盟得利环保科技开发有限公司 

       535              6219      0893104658603      北京昌盛兴农石油贸易有限公司 

       536             51646      7785104497371      北京市港亿电子通信技术公司 

       537             45112      6767104510756      北京今人恒辉科技发展有限公司 

       538             10966      1576104513289      北京桑德环境工程有限公司 

       539             24632      3592104728919      北京东方雨晴科贸有限公司 

       540              2598      0371104762616      北京双其利物资贸易有限公司货运分公司 

       541              1565      0220104637205      北京颐园世纪房地产开发有限公司 

       542             44690      6700104582205      北京四维星科技有限责任公司 

       543             37033      5544104659152      百度在线网络技术（北京）有限公司 

       544             17365      2508104666132      北京京卓利科贸有限公司 

       545              4053      0587104589416      北京磐声文化传媒有限公司 

       546              6921      0993104549460      北京扶远清隆科贸有限公司 

       547             60611      9165104630433      北京宏泰君悦机电设备安装有限公司 

       548             31862      4725104485498      国电隆基（北京）电力工程有限公司 

       549             30452      4498104678388      北京中成泰富餐饮有限公司 

       550             51084      7701104591886      北京上然国际标识制造有限公司 

       551             10730      1538104615644      北京千禧久隆酒店设备有限公司 

       552             46697      7002104536991      天一星辰（北京）科技有限公司 

       553             61030      9225104601008      北京中泰信达科技有限公司 

       554             61595      9314104617420      北京创业幸旺土石方工程有限公司 

       555             63501      9612104499343      鑫叶同创机电设备（北京）有限公司 

       556             12486      1793104773179      北京展跃体育推广有限公司 

       557             18352      2655104685367      北京塔沃拉餐饮有限责任公司 

       558             41121      6146104525949      北京合盛汇祥科贸有限公司 

                                         -16- 

----------------------- Page 17-----------------------

       559             26130      3812104686124      中国国机重工集团有限公司 

       560             64694      9789104726695      北京北铃专用汽车有限公司 

       561              9054      1286104536468      北京麦迪海药业有限责任公司 

       562             45635      6843104670500      北京嘉华通软科技有限公司 

       563             32110      4772104600877      北京赛瑞博文化发展有限公司 

       564             26364      3845104723561      北京明航科海机械制造有限公司 

       565             14041      2012104684417      北京国威通达科技有限公司 

       566               653      0088104588757      北京钱袋宝支付技术有限公司 

       567             38061      5698104658270      北京阳光优视广告传播有限公司 

       568             46682      7000104573793      北京宏伟建筑工程有限公司 

       569             11594      1664104736674      北京福信通科技有限公司 

       570             26791      3909104478933      北京靳朝晖室内装饰设计有限公司 

       571             18530      2680104656970      中恒国际租赁有限公司 

       572             45827      6877104695372      北京中天鑫旺科贸有限公司 

       573             52092      7852104625329      北京方正富邦创融资产管理有限公司 

       574              9712      1384104485534      中国金域黄金物资总公司 

       575             49739      7502104524341      北京九虹中工工程机械有限公司 

       576             18148      2626104566015      北京硕人商贸有限责任公司 

       577             37665      5638104505448      北京山水之光园林工程有限公司 

       578             32961      4917104536189      北京河家园饭庄有限公司 

       579             32748      4880104679324      北京盛兴建筑工程机械施工有限公司 

       580             13093      1875104503607      北京光彩世纪文化艺术有限公司 

       581             62052      9382104720228      北京安跃特机械有限公司 

       582             51186      7715104511227      北京华宇畅通物流有限公司 

       583             51302      7737104721658      北京金百万望合餐饮有限公司 

       584             52474      7910104672479      北京紫微天星经贸有限公司 

       585             65825      9955104480401      北京花园桥丰田汽车销售服务有限公司 

       586              6231      0895104488909      北京昆泰嘉禾酒店有限公司 

       587             60637      9167104689700      北京思瑞营销策划有限公司 

       588             43188      6468104758939      北京海格瑞净化设备有限公司 

       589             59850      9049104534849      北京博恩特药业有限公司 

       590             33294      4967104585870      悦读天下（北京）国际教育科技有限公司 

       591              3991      0579104501014      北京市昌平县华禽加油站 

       592             50952      7681104735968      北京茂元星铄科贸有限公司 

       593             26054      3801104480294      常州市绿洲园林建筑工程有限公司北京顺义分公司 

       594             59660      9018104717669      北京诺兰特旅游规划设计有限公司 

                                         -17- 

----------------------- Page 18-----------------------

       595             22046      3197104600350      北京渔公渔婆海鲜餐饮有限公司 

       596             12580      1807104489412      北京国服信奥兴汽车有限公司 

       597             10669      1529104736258      北京国建贸易有限公司 

       598              3325      0486104594021      北京欣亚中物业服务有限公司 

       599              3401      0496104627670      腾尚国际传媒广告（北京）有限公司 

       600             34976      5221104502436      北京三聚创洁科技发展有限公司 

       601             13930      1997104532998      龙源祥宝（北京）汽车装饰服务有限公司 

       602             20269      2935104673057      克丽缇娜（上海）贸易有限公司北京分公司 

       603              3661      0531104777189      中视柏莱特（北京）文化传播有限公司 

       604             32555      4850104554772      葛洲坝能源重工有限公司 

       605             31019      4591104766093      首都机场地产集团有限公司 

       606             31548      4673104706760      北京睿意德房地产咨询有限公司 

       607              8939      1270104540308      北京朗山律师事务所 

       608             51884      7822104561218      北京八达电缆管有限公司 

       609             13763      1975104640602      北京招金颐和文化投资有限公司 

       610             60455      9141104531731      创联信(北京)机电系统有限公司 

       611             46803      7023104629581      北京鸿祥恒通电气设备安装有限公司分公司 

       612              8161      1163104770817      北京中泰创盈企业管理有限公司 

       613             59499      8995104479285      北京市晋鹏鑫磊电气有限公司 

       614             51601      7778104753660      高晟财富（北京）投资管理有限公司 

       615             13119      1878104489345      北京恒辉世通科技开发有限公司 

       616             60566      9159104559437      北京古大仪表有限公司 

       617             46925      7045104729839      北京科荣达新技术有限公司 

       618             40007      5982104510955      鹦鹉螺网络科技（北京）有限公司 

       619             14332      2057104591675      北京盈拓博雅装饰有限公司 

       620             60538      9155104526535      北京恒信传诚电子有限公司 

       621             43541      6527104567203      北京鼎鑫汇通科技有限公司 

       622              3494      0508104756987      北京金奥恒丰国际酒店管理有限公司 

       623             17860      2583104759882      北京门窗发展有限公司 

       624             59613      9011104498282      北京和悦致远通讯科技有限公司 

       625             14539      2089104602354      梅翠思生物科技（北京）有限公司 

       626             60991      9220104507420      北京赛诺静远科技发展有限公司 

       627             55212      8335104487873      北京贤娥奎效咨询有限公司 

       628             58548      8852104659942      中国文化管理协会 

       629             53782      8115104481909      北京合纵开创电气技术有限公司 

                                         -18- 

----------------------- Page 19-----------------------

       630             37160      5562104628424      北京北一机床股份有限公司 

       631              7480      1071104670403      北京亚盟环保科技有限公司 

       632             34341      5127104692171      北京京宝龙物流服务有限公司 

       633             29561      4347104698762      华润雪花啤酒（中国）有限公司北京销 售分公司 

       634             63889      9668104588813      北京中寰科安科技发展有限公司 

       635             65280      9876104521262      北京中地大工程勘察设计研究院有限责任公司 

       636             41784      6247104557605      北京盛大维新科技发展有限公司 

       637             47525      7137104749153      艺鉴典藏（北京）网络科技有限公司 

       638             18747      2717104495334      北京嘉德利达科技有限公司 

       639             21456      3110104496389      北京枫之杨企业策划有限公司 

       640             34277      5119104484663      北京中瑞科源电气有限公司 

       641             63409      9597104684124      北京中科博联环境工程有限公司 

       642              8754      1242104489091      乐得科技有限公司北京分公司 

       643             29425      4327104524120      河南京晟园林工程有限公司北京分公司 

       644             65511      9909104565795      中国社会组织促进会基金会分会 

       645             52608      7936104573689      北京新兴诚信防腐保温工程有限责任公司 

       646             61947      9366104491658      北京华信兴达科技有限公司 

       647             57570      8704104602531      北京正邦兴业建筑技术开发有限公司 

       648             40569      6063104657408      北京科锐国际人力资源股份有限公司 

       649             46542      6978104580025      北京展祥经济咨询中心 

       650             27597      4028104493172      美卓软件设计（北京）有限公司 

       651             31772      4708104706759      北京睿意德房地产咨询有限公司 

       652             36779      5508104513239      北京神龙圣达国际贸易有限公司 

       653             55109      8320104658706      北京首都机场航空安保有限公司 

       654              8979      1276104549047      北京涛平建筑工程有限公司 

       655             57551      8701104489332      北京亿赛通科技发展有限责任公司 

       656             10436      1497104705846      北京平安力合科技发展股份有限公司 

       657              2409      0344104561733      北京德高富经济贸易发展有限责任公司 

       658             10164      1455104565335      北京诚信达汽车销售有限公司 

       659             18017      2606104574391      北京瑞鼎经贸有限公司 

       660             36144      5401104746428      北京市首创中伟贸易有限责任公司 

       661             42453      6353104571598      北京泽浩天科技发展有限公司 

       662             16507      2367104587277      北京安耐吉能源工程技术有限公司 

       663             64218      9721104556103      北京市丰台区阳光起点锦城幼儿园 

       664             42720      6393104684686      北京木斯建筑装饰有限公司 

                                        -19- 

----------------------- Page 20-----------------------

       665             52976      7993104707118      北京龙熙温泉度假酒店有限公司 

       666             12463      1790104555613      北京美高怡医疗设备有限公司 

       667             44717      6705104489120      中国农业产业发展基金有限公司 

       668             61726      9330104489013      北京华电海外技术有限公司 

       669             52438      7905104781547      北京丰色机电设备有限公司 

       670             37451      5606104688757      中视金鑫国际广告（北京）有限公司 

       671             13041      1868104485533      中国金域黄金物资总公司 

       672             28178      4124104556263      北京振兴亚北土地开发有限公司 

       673             18552      2684104503254      北京市瑾瑞律师事务所 

       674             46171      6924104684111      北京城建亚泰建设集团有限公司 

       675             63246      9571104786643      北京城建燕远物业管理有限责任公司 

       676             34787      5196104471986      北京德诺威科技有限公司 

       677             40185      6007104593329      北京德琦知识产权代理有限公司 

       678             18465      2672104584664      北京捷特康绰科技有限责任公司 

       679              7006      1004104664833      北京松柏瑞科技有限责任公司 

       680             18708      2709104667201      北京荣誉百年医疗设备有限公司 

       681              3421      0500104500195      北京昌达兴盛建筑机械设备租赁有限公司 

       682             14643      2102104721019      北京丽豪投资有限公司 

       683             12006      1718104621205      北京市新奥物业管理有限公司 

       684             26185      3819104629005      北京汇京世纪汽车贸易发展有限公司 

       685              5388      0777104591375      北京市林业送变电工程处 

       686             36817      5512104752390      北京地心本源装饰工程有限公司 

       687             45348      6803104588904      北京建芳伟业建筑工程有限责任公司 

       688             20582      2984104548227      北京骏马百特投资管理有限公司 

       689              6338      0911104667437      北京威瑞亚太科技有限公司 

       690             54845      8280104657375      北京首华物业管理有限公司 

       691             39375      5880104523135      北京子文印象文化传播有限公司 

       692             37361      5592104652655      北京双良长恒技术服务有限公司 

       693               730      0098104579311      北京东方锐镭科技有限公司 

       694             51428      7758104504940      北京搜狐新媒体信息技术有限公司 

       695             57941      8756104573455      北京盛世彩纳文化传播有限公司 

       696             46902      7041104698075      北京阅联信息技术有限公司 

       697             10652      1528104483921      北京永新视博数字电视技术有限公司 

       698             52822      7968104666369      中安保实业有限公司 

       699             12536      1800104770645      北京鹏睿房地产开发有限公司 

       700             40146      6000104717529      北京中盈视通科技有限公司 

       701             17231      2489104536064      北京音达斯超尼克工业电子设备有限公司 

                                         -20- 

----------------------- Page 21-----------------------

       702             61961      9369104575643      北京市九州风神科技有限公司 

       703             54248      8192104540804      北京宏鹏电脑有限公司 

       704              9091      1292104504773      北京瀚景锦河科技有限公司 

       705             14557      2091104527925      北京飞点网络技术有限公司 

       706              3594      0522104495023      北京铱金惠通能源控股有限公司 

       707             18228      2636104680523      北京标进科技发展有限公司 

       708             11850      1698104567994      佰募汇（北京）投资股份有限公司 

       709             22764      3308104510403      北京昭贵科技开发有限责任公司 

       710             36367      5441104556293      中国中信集团有限公司 

       711             50060      7552104480211      仕高玛机械设备（北京）有限公司 

       712              3159      0457104764702      北京美迪天利医疗器械有限公司 

       713             65426      9896104736481      北京福寿春医药科技发展有限公司 

       714             32723      4877104758501      北京鸣浩时空国际广告有限公司 

       715             27811      4062104553759      北京泰宇固诚建筑劳务有限公司 

       716              4502      0652104705619      北京宏森木业有限公司 

       717             38033      5694104633816      北矿机电科技有限责任公司 

       718             37332      5588104587035      京石铁路客运专线有限责任公司 

       719             16159      2318104484609      北京工上科技有限公司 

       720             33231      4958104579132      北京华融义缘消防技术有限公司 

       721             24135      3517104764484      北京鑫阳恒业商贸中心 

       722             55389      8360104670023      华融证券股份有限公司 

       723             63709      9642104571213      北京国锐众邦科技有限公司 

       724             64193      9717104672839      北京银行股份有限公司琉璃厂支行 

       725             41796      6249104731272      北京以秋斫琴文化发展有限公司 

       726             27448      4004104495109      北京国电华商机电设备工程有限公司 

       727             33240      4959104663205      北京明韩电子有限公司 

       728             54347      8204104543925      北京星球通科技发展有限公司 

       729             16344      2344104611626      北京联想利泰软件有限公司 

       730             53480      8069104764586      北京市京浙电子技术有限公司 

       731              5930      0858104588249      北京凤王美容美体有限公司 

       732             32977      4918104771610      一九零五（北京）技术服务有限公司 

       733              1478      0207104689281      北京市朝阳区庆丰公园 

       734              7577      1085104563711      北京市新港永豪水务工程有限公司 

       735             26512      3867104705698      北京凯伦科贸有限公司 

       736              2916      0422104686087      北京航德正翔装饰有限公司 

       737             11629      1670104538799      北京齐鲁物流有限公司 

       738              1795      0253104559260      北京燕化天钲建筑工程有限责任公司 

       739             18590      2690104685722      北京视光光学行业协会 

                                          -21- 

----------------------- Page 22-----------------------

       740             36410      5447104713907      中数通科（北京）信息技术有限公司 

       741              8733      1238104698005      北京富林思博石油科技有限责任公司 

       742             49690      7496104481928      北京看山科技有限公司 

       743             18478      2673104666039      中建投咨询有限责任公司 

       744             55432      8367104516652      北京紫兴诚商贸有限公司 

       745             34203      5108104512164      北京广策咨询有限公司 

       746              1421      0198104603881      北京华信恒隆投资管理有限公司 

       747             18705      2709104617577      北京德木行装饰有限公司 

       748             30130      4444104547933      中铁六局集团物资工贸有限公司 

       749             42401      6344104699076      北京上地四方汽车销售服务有限公司 

       750             38736      5791104491542      北京亿联信通科技有限公司 

       751             15491      2228104535681      北京兰会时光科技有限公司 

       752             62494      9458104654695      北京智鑫博达科技股份有限公司 

       753              6916      0992104694961      北京有乐通网络科技有限公司 

       754             59212      8951104693130      北京巨采文化公司 

       755              6572      0947104507154      北京万亨房地产开发有限公司 

       756             56655      8566104522041      爱刷（北京）科技有限公司 

       757             11015      1582104623904      北京赫宸环境设备有限公司 

       758             38877      5808104675813      北京科工国际装饰设计有限公司 

       759             42262      6324104480228      北京金万众机械科技有限公司 

       760             51104      7704104697141      北京奥润通贸易有限公司 

       761             20708      3001104533772      北京迪赛公关策划有限公司 

       762             61622      9318104488916      北京美堡·饰家丽装饰材料有限公司 

       763             64745      9797104548170      北京博思源房地产咨询有限公司 

       764             49004      7367104615893      北京亚太轩豪科技发展有限公司 

       765             44131      6616104585112      北京心灵方舟科技发展有限公司 

       766             36299      5431104675111      北京丰茂华建筑有限公司 

       767             63948      9676104513092      北京运河壹号置业有限公司 

       768             25147      3667104551622      普赛斯（北京）工程技术有限公司 

       769              1300      0182104558940      北京克力爱尔技术有限公司 

       770              1587      0222104771021      北京新花工贸有限公司 

       771             26404      3852104563891      雷欧尼斯（北京）信息技术有限公司 

       772             35537      5307104714622      北京茂华物业服务有限公司 

       773             63685      9639104501069      北京融音塑业有限公司 

       774             62937      9528104586899      北京医保全新大药房有限责任公司 

       775             15403      2216104753193      北京祥和伟业运输有限公司 

       776              5700      0822104507570      北京华电工程有限公司 

       777             45232      6785104479380      北京德驰苓志贸易有限公司 

                                          -22- 

----------------------- Page 23-----------------------

       778              8761      1243104709439      北京科依诺尔厨房设备有限公司 

       779              7594      1086104772193      北京幸福三千里餐饮有限公司 

       780             26028      3798104561114      北京艺苑广厦建筑装饰有限责任公司 

       781             14536      2089104490127      北京启创远景科技有限公司 

       782             24217      3528104631853      北京美意阳食品有限公司 

       783             40060      5988104682779      北京欣宇幼儿园 

       784             51516      7769104730681      北京三和农友商贸有限公司 

       785             37989      5688104663426      北京市大瀚律师事务所 

       786              9552      1363104553009      北京天润建设有限公司 

       787             26061      3802104523668      北京天禾沐电子技术有限责任公司 

       788              8382      1193104489786      北京博源视通科技有限公司 

       789              1006      0139104678573      北京天德正宣园林绿化有限公司 

       790             35973      5379104496943      北京宏大恒业科技有限公司 

       791             58017      8769104530493      北京基恒通信技术有限公司 

       792             38868      5807104594414      北京青宝保洁有限公司 

       793             25649      3746104552192      中国石油工程建设公司 

       794             33603      5019104675766      北京丰欣管理科技有限公司 

       795             15702      2258104565121      北京永通保险代理有限公司 

       796             13228      1892104771772      北京政华建业建设投资有限公司 

       797             51061      7697104684757      北京松正科技有限责任公司 

       798             35591      5315104659768      北京博丰长久丰田汽车销售服务有限公司 

       799             11302      1621104610272      中铁工程设计咨询集团有限公司 

       800             64020      9687104579602      北京航天颐航科技有限公司 

       801              3590      0521104603844      北京齐鲁北方钢铁有限公司 

       802             59675      9020104690290      北京光芒在线网络科技有限公司 

       803             28831      4227104563113      北京綦齿机电有限公司 

       804             40815      6097104680131      北京中铁润丰房地产开发有限公司 

       805             12332      1771104692926      北京希安科电子系统工程有限责任公司 

       806             46070      6910104495640      北京协众联城房地产顾问有限公司 

       807             64926      9822104514736      北京基业达电气有限公司 

       808             10095      1444104554678      中国新兴保信建设总公司 

       809             43810      6567104697450      北京东方鸿润物业服务有限公司 

       810               872      0119104556343      北京瑞盛恒达国际策划服务有限公司 

       811             11424      1640104673626      北京金狮麟酒店管理有限责任公司 

       812              2255      0320104714321      北京四合兴生物科技有限责任公司 

       813             31284      4632104727607      北京鑫科健体育发展有限公司 

       814             16235      2330104562587      北京通利达汽车租赁有限责任公司 

                                         -23- 

----------------------- Page 24-----------------------

       815             36569      5477104520085      北京吉得利食品有限公司 

       816             62608      9479104522945      北京中汇际会计事务所 

       817             21562      3124104732026      中国移动通信集团财务有限公司 

       818             13230      1893104502572      北京市西城区志友培训学校 

       819             34579      5167104569529      北京美凯华家具有限公司 

       820             10238      1466104527579      北京朗晏科技有限公司 

       821             55567      8386104491265      中国农业大学出版社有限公司 

       822             24141      3518104610766      海湾环境科技（北京）股份有限公司 

       823             31443      4657104757575      北京中税众智税务咨询服务有限公司 

       824              9686      1378104621298      北京东亚时代物业管理有限公司 

       825             53653      8095104628982      北京汇京世纪汽车贸易发展有限公司 

       826              9888      1410104694739      北京中消伟业安全技术工程有限公司 

       827             30083      4437104566008      北京天正华特房地产开发有限公司 

       828             47236      7094104670917      北京鸿基印务发展有限公司 

       829              2176      0308104695130      北京市百荣世贸商城市场有限责任公司 

       830             20756      3008104759232      北京民防通信技术有限公司 

       831              9641      1373104494944      北京中质伟联科技中心 

       832             63576      9622104698601      北京大燃图艺文化传播有限公司 

       833              9690      1379104507451      北京数通广告有限责任公司 

       834             22439      3257104672141      北京明日之星玻璃机械有限公司 

       835             20977      3040104697615      中电科安（北京）系统集成有限公司 

       836             61502      9298104567508      中彩嘉胜网络科技有限公司 

       837             65362      9886104737168      北京北信恒隆厨卫有限公司 

       838             39185      5854104593333      北京巨通恒安电梯工程有限公司 

       839             58036      8772104552395      北京汇通金隆保险代理有限公司 

       840             10743      1539104777281      北京和平传媒有限公司 

       841             15967      2293104800111      北京老万生物质能科技有限责任公司 

       842             30689      4538104582818      北京建国伟业洗涤有限公司 

       843               134      0017104726745      北京天宇汽车用品有限公司 

       844             24550      3579104672295      江苏银行股份有限公司北京分行 

       845             55763      8418104576282      北京普天傲鑫科技有限公司 

       846              7585      1086104554502      北京福润芝科技有限公司 

       847             19211      2782104539510      北京轩慧科技有限公司 

       848             57782      8735104540480      北京万方荣辉文化发展有限公司 

       849             37831      5663104656764      北京康泰丰源科技发展有限公司 

       850             24576      3582104634132      北京华联商厦股份有限公司 

       851             42839      6410104720457      北京察知墨士品牌管理有限责任公司 

       852             14139      2026104551868      北京国铁路阳软件有限公司 

                                          -24- 

----------------------- Page 25-----------------------

       853             35534      5306104720153      北京恒祥基业投资有限公司 

       854             63505      9612104547586      北京浩博众达科技有限公司 

       855             31129      4608104667868      北京怡孚和融科技有限公司 

       856             24796      3615104567257      北京旭龙东方制冷设备制造有限公司 

       857             36182      5409104697521      北京宏兴志达科技有限公司 

       858             34843      5202104502082      北京钢研高纳科技股份有限公司 

       859             28976      4252104500991      安邦财产保险股份有限公司北京分公司 

       860             41635      6224104482379      北京希恩机械设备有限公司 

       861             46233      6933104786815      北京瀚海博联公关策划有限公司 

       862              1783      0251104721113      北京金进通汽车销售服务有限公司 

       863              4795      0692104482694      北京昊诚泰矿山设备有限公司 

       864             21594      3130104692955      北京瑞嘉迅联科技有限公司 

       865             59913      9060104584912      大公国际资信评估有限公司 

       866             15592      2240104501606      凯特投资管理有限公司 

       867              1106      0155104576929      中国城市建设研究院有限公司 

       868             22317      3237104734608      北京颖泰嘉和分析技术有限公司 

       869             40162      6003104718151      北京移联信华照明工程有限公司 

       870             19096      2767104535751      北京瑞策国际物业管理有限公司 

       871             23837      3468104489236      北京国彩印刷有限公司 

       872             60388      9132104692927      北京希安科电子系统工程有限责任公司 

       873             24879      3626104766340      北京聚义石医疗器械有限公司 

       874             24008      3498104482406      北京长润化工有限公司 

       875              6893      0989104613905      北京弘高建筑装饰设计工程有限公司 

       876             20040      2897104600164      北京星光裕华照明技术开发有限公司 

       877             46068      6909104748704      四川海底捞餐饮股份有限公司北京第八分公司 

       878               474      0064104712001      中国行为法学会 

       879             33049      4930104566893      北京富士特锅炉有限公司 

       880             28025      4099104510673      泰康之家（北京）投资有限公司 

       881             10511      1508104519159      北京琴鹏远翔科技发展有限公司 

       882             49041      7373104740708      北京爱朗格瑞科技有限公司 

       883             51181      7713104557337      北京天鸿经典装饰工程设计有限公司 

       884             20737      3006104681822      新时代证券有限责任公司北京中关村东路证券营业部 

       885             22024      3194104511481      北京神州付科技有限公司 

       886              8300      1181104688773      北京高阳通联信息技术有限公司 

       887             51560      7774104730691      北京化学工业集团有限责任公司 

       888             64114      9702104538735      北京波士瑞达汽车销售服务有限公司 

                                         -25- 

----------------------- Page 26-----------------------

       889             34233      5112104502348      塞浦路斯范思科海洋管理有限公司北京代表处 

       890             14389      2066104522054      北京中益泽华酿酒设备有限公司 

       891             21854      3168104529890      北京捷泰鸿力科技有限公司 

       892             42016      6285104706920      北京御锦天餐饮有限责任公司 

       893             53108      8012104659981      中博龙辉（北京）科技有限公司 

       894             55171      8328104692992      北京博道天路文化发展有限公司 

       895             20017      2895104586195      北京华清源环境科技有限公司 

       896             22768      3308104783643      北京德润胜达科技发展有限公司 

       897             50968      7683104766202      北京阳光海天停车管理有限公司 

       898             52107      7855104498302      北京学友园中少报刊发行有限责任公司 

       899             15619      2244104622276      北京酷朋广告有限公司 

       900             47559      7142104653075      北京阳光万康医疗器械有限责任公司 

       901             18106      2620104783546      北京亿本房地产开发有限公司 

       902             35465      5295104559254      紫光集团有限公司 

       903             63786      9653104603572      中国化学工程股份有限公司 

       904              5481      0788104667867      北京怡孚和融科技有限公司 

       905             19003      2754104615316      北京龙惠源装饰有限公司 

       906             59511      8996104619715      北京北方联拓科技有限公司 

       907             55377      8358104686976      北京同健嘉华经贸有限公司 

       908             11527      1655104622010      北京凯业达经贸有限公司 

       909             56613      8558104562044      北京天鸿圆方建筑设计有限责任公司 

       910             11090      1592104672748      北京宏源伟晟物流有限公司 

       911             44844      6726104495639      北京协众联城房地产顾问有限公司 

       912             35709      5335104787650      北京市普利门电子科技有限公司 

       913               951      0130104491277      北京碧青园林绿化有限公司 

       914             31125      4608104535994      北京蓝泰吉科技有限公司 

       915             63309      9582104672135      北京恒昌德盛信用管理有限公司 

       916             16718      2398104587190      北京奥琳威尔饰品有限公司 

       917             50175      7567104523107      北京同鑫永道科技发展有限公司 

       918             65686      9933104612253      旺顺阁商务会馆（北京）有限公司 

       919             51614      7780104589216      北京龙泉达节能科技有限责任公司 

       920             30149      4448104627938      北京国信比林通信技术有限公司 

       921              3109      0450104512501      北京鹏博同创科技有限公司 

       922             54200      8185104683679      北京中兴通软件科技股份有限公司 

       923             25773      3764104561580      北京神州博奥科技有限公司 

       924             63359      9589104764881      北京瑞通仓储有限公司 

       925             47937      7200104515235      北京中集顺通物流有限公司 

                                         -26- 

----------------------- Page 27-----------------------

       926              7280      1042104657210      北京安泰信达消防工程有限公司 

       927             35824      5355104511894      北京德信通物流有限公司 

       928             50241      7578104565357      北京华源亿泊停车管理有限公司 

       929             35188      5255104489892      北京华信空天科技有限公司 

       930             60078      9086104537066      北京科睿创达科技发展有限公司 

       931             50972      7684104526338      北京倍和阳光科技发展有限公司 

       932             51606      7779104569937      北京特冶工贸有限责任公司 

       933              9920      1416104565987      北京启明信源电力工程有限公司 

       934             41162      6152104514334      北京金山恒大科技有限公司 

       935             51371      7749104639434      北京中创汇盈投资有限公司 

       936             45701      6858104491329      北京京投亿雅捷交通科技有限公司 

       937              1735      0243104615133      北京鑫兴伟业科技有限公司 

       938             28629      4194104617364      北京攀腾伟业建筑机械设备租赁有限公司 

       939             19039      2760104563025      北京凯美佳德消防设备有限公司 

       940             40033      5985104539651      北京大明五洲科技有限公司 

       941              7501      1073104772373      北京厚味居餐厅西城第三分店 

       942             23144      3361104749499      天隆圣源（北京）科贸有限公司 

       943             35662      5327104652774      北京红黄蓝科技发展有限公司 

       944             52262      7879104652926      华农财产保险股份有限公司北京市分公司 

       945             40222      6013104485285      北京炎黄联合国际工程设计有限公司 

       946             52157      7863104486018      北京博瑞东贸汽车销售服务有限公司 

       947             24047      3504104554673      中国新兴保信建设总公司 

       948             22824      3317104621073      北京东方志禾商贸有限公司 

       949              6051      0872104683869      大龙兴创实验仪器（北京）有限公司 

       950               794      0107104581450      北京鱼西美屋商贸有限公司 

       951             52537      7923104681275      北京旭科置业有限公司 

       952             30121      4442104639374      北京正美丰业汽车玻璃安装有限公司 

       953             17411      2514104539292      北京佳杰祥德流体科技有限公司 

       954             14997      2158104602815      北京知凡文化艺术有限公司 

       955             47381      7113104749580      国科政信科技（北京）有限公司 

       956             38013      5692104504366      北京洪武徽源餐饮管理有限公司 

       957              8239      1174104490976      北京马连道茶缘茶叶批发市场有限公司 

       958             37182      5564104746155      北京锦瑞昌宏科技发展有限公司 

       959             52232      7874104770415      中国建筑第二工程局有限公司 

       960             19553      2827104751936      高塔品牌管理（北京）有限公司 

       961              7536      1079104553544      北京启航智通科技有限公司 

                                         -27- 

----------------------- Page 28-----------------------

       962              6372      0916104550413      北京瑞祥天下科技有限公司 

       963             42019      6286104489832      北京盛世鑫硕建筑设备租赁有限公司 

       964             50882      7670104554228      北京中和中成科技有限公司 

       965             50854      7666104562906      北京成业市政工程有限责任公司 

       966             16305      2339104498631      北京华保泰科技有限公司 

       967             57147      8639104556845      北京中源创能工程技术有限公司 

       968             56079      8477104483225      司麦澳（北京）文化艺术有限公司 

       969             11938      1708104700164      北京杰顺物流有限公司 

       970             37133      5556104696597      北京雨硕房地产开发有限公司第一分公司 

       971             48440      7279104576708      北京鹏达瑞商贸有限公司 

       972             37057      5547104553894      北京中熙正保远程教育技术有限公司 

       973             32575      4852104614883      北京简单科技有限公司 

       974             56232      8499104503463      北京国融兴华资产评估有限责任公司 

       975             61724      9329104752945      柏定生物工程（北京）有限公司 

       976             31057      4597104574241      北京五方天雅汽配城市场有限责任公司 

       977             56228      8498104679932      北京仁和日升房地产有限公司 

       978             11097      1593104554371      北京江南博仁科技有限公司 

       979              7715      1102104770332      北京东方慧博劳务派遣有限公司 

       980             21239      3080104577256      北京金华旗科技发展有限公司 

       981             11778      1688104526099      北京亮彩一品广告有限公司 

       982             47283      7100104557193      北京国安电气有限责任公司 

       983             44191      6627104486046      北京路易互动信息技术有限公司 

       984             34395      5137104686634      北京宏发电声继电器有限公司 

       985              7541      1080104552665      北京金商祺移动互联信息技术有限公司 

       986             20851      3020104711538      北京荣之联科技股份有限公司 

       987             34196      5107104687295      北京墨客丹青文化传播有限公司 

       988             61040      9226104731530      北京盛世洋洋保洁有限公司 

       989             59897      9057104610556      中海阳能源集团股份有限公司 

       990             13359      1911104746099      北京顺鑫绿洲锦绣园林工程有限公司 

       991             37463      5608104517191      北京市盛世民通商贸有限公司 

       992             30669      4534104725139      三环永磁（北京）科技有限公司 

       993             65602      9922104547973      北京市定慧桥集美家具城市场有限公司 

       994             32498      4839104556969      北京中搜网络技术股份有限公司第一分公司 

       995              1129      0158104554613      北京东方欣悦贸易有限公司 

       996             47241      7095104567618      北京汇龙易星科技发展有限公司 

       997             50896      7673104664385      北京康明济生医药有限公司 

                                         -28- 

----------------------- Page 29-----------------------

       998              1408      0196104766371      北京创世华亿文化传媒有限公司 

       999             23918      3481104580753      神州学人（北京）文化传播中心 

      1000             61126      9243104539851      易智瑞（中国）信息技术有限公司 

      1001             34084      5090104622828      北京化标源科技有限公司 

      1002             10887      1562104663406      北京新世纪硅谷移动通讯科技发展有限公司 

      1003             35034      5229104684825      北京鑫盾保安技术服务有限公司 

      1004             18470      2673104559068      北京英联口腔设备有限公司 

      1005             15480      2226104731527      北京东方远创化工有限责任公司 

      1006             63663      9636104518938      北京市博丰隆轻钢彩板有限公司 

      1007             27296      3979104512843      北京合丰远达科技有限公司 

      1008             19389      2805104624818      北京佰仁医疗科技有限公司 

      1009             16324      2341104771840      东投能源投资有限公司 

      1010             47902      7196104555332      北京乐驰建筑装饰工程有限公司 

      1011             63258      9573104736464      中青旅联科(北京)公关顾问有限公司 

      1012             29468      4332104659562      中商国际旅行社有限公司 

      1013             30993      4587104694475      北京清韵堂文化艺术有限公司 

      1014              7775      1111104490724      中国电子工程设计院 

      1015             26369      3846104707701      北京骄星棋骏网络科技有限公司 

      1016             28297      4141104575602      北京天台山房地产开发有限公司 

      1017              7624      1090104634256      北京鼎合金通经贸有限责任公司 

      1018             43342      6496104734318      北京中天万融投资有限公司 

      1019             30004      4422104504398      北京思信通科技有限公司 

      1020             48226      7243104721562      朝阳天弘伟业建筑劳务分包有限公司北京分公司 

      1021             62224      9409104713768      北京天龙时代广告有限公司 

      1022             62298      9424104504112      北京乐教乐学教育科技有限责任公司 

      1023             64696      9790104606204      建峰建设集团股份有限公司 

      1024             65787      9950104739482      北京天宇嘉业咨询服务有限公司 

      1025             17771      2568104765497      奔讯电子科技（北京）有限公司 

      1026             60660      9171104499482      北京龙翔华恒商贸有限公司 

      1027             33090      4935104665248      北京英诺伟行科技发展有限公司 

      1028             23734      3451104706781      北京富迪斯莫控制设备有限公司 

      1029             60596      9164104527667      中软信息系统工程有限公司 

      1030             49932      7528104737739      北京中韩友仁自动门有限公司 

      1031              5332      0769104505493      中科众能（北京）泵阀有限责任公司 

      1032              9689      1379104475938      北京市房山区石花洞旅游服务中心 

      1033             49913      7526104548560      北京精捷塑料包装厂 

                                         -29- 

----------------------- Page 30-----------------------

      1034             26230      3826104675827      北京海量水箱制造有限公司 

      1035             43811      6567104742125      北京星球伟业不锈钢有限公司 

      1036             36397      5446104481066      北京奥盛科技有限公司 

      1037              9158      1302104719671      中国专利技术开发公司 

      1038             15925      2288104621484      北京明智思达公关顾问有限责任公司 

      1039             58177      8793104516249      北京博信易达信息技术有限公司 

      1040             23304      3386104688817      北京德顺宏页科技发展有限公司 

      1041              6900      0991104534437      北京长怡汽车销售服务有限公司 

      1042             41651      6227104502437      北京三聚创洁科技发展有限公司 

      1043             43574      6530104631170      北京市良乡万达工贸有限公司 

      1044             31573      4678104567528      北京昆仑华港清洁能源技术开发有限公司 

      1045             40321      6027104688825      北京场道市政工程集团有限公司 

      1046              1202      0167104559151      中关村光电产业协会 

      1047             11522      1654104615806      北京盛世润宁建材销售中心 

      1048             57827      8742104554665      北京智讯天成技术有限公司 

      1049              6129      0882104538987      北京欣联石油化工有限公司 

      1050             38948      5819104488971      正和通科技（北京）有限公司 

      1051             39617      5918104486833      北京海吉乐科技有限公司 

      1052              7555      1081104759710      北京恒天财富投资管理有限公司 

      1053             37521      5618104477017      北京依依亮洁商贸有限公司 

      1054             41809      6252104545033      北京众智汇医科技有限公司 

      1055             65019      9835104537141      北京普力文科贸有限公司 

      1056             37903      5674104478468      北京天凯通达商贸有限公司 

      1057             12307      1768104546583      北京康懿医疗设备有限公司 

      1058             35363      5280104765546      北京莱克伟业科贸有限公司 

      1059               699      0094104739492      北京中希遥电子科技有限公司 

      1060             20937      3032104767625      北京京客隆商业集团股份有限公司 

      1061             30573      4518104740563      北京金诺雷德建筑装饰工程有限公司 

      1062              3562      0518104713424      盘古（北京）物流有限公司 

      1063             24910      3631104528765      北京天地通信息技术有限公司 

      1064             32508      4840104720834      北京秉辰信通科技发展有限公司 

      1065             42571      6371104706213      北京荣盛景元建筑装饰工程有限公司 

      1066             53569      8083104670288      北京建优成业汽车销售有限公司 

      1067             45671      6852104701236      北京日源香料有限公司 

      1068              4764      0688104558854      万朝财务咨询（北京）有限公司 

      1069             30081      4436104707316      中盛建材有限公司 

      1070             56089      8478104756730      中金创新（北京）国际投资管理顾问有限公司 

                                         -30- 

----------------------- Page 31-----------------------

      1071             19140      2772104527732      中华书局有限公司 

      1072             57816      8739104771435      北京华成恒信机电设备安装有限公司 

      1073             51281      7734104709298      北京林晶桐乐文化科技有限公司 

      1074              6700      0965104664554      北京二商骏德酒业有限公司 

      1075             41326      6175104697108      北京万龙羽科技发展有限公司 

      1076             20574      2983104504134      信心控股有限公司 

      1077             18725      2714104666607      北京恩吉威机电科技发展有限公司 

      1078             33124      4940104720483      美迪丰色（北京）保洁有限公司 

      1079             25466      3714104478225      北京继来律师事务所 

      1080             16570      2378104681161      北京睿博美佳商贸有限公司 

      1081             49138      7387104717889      北京同盛安电力工程有限公司 

      1082             41379      6185104679143      晶龙科技控股有限公司 

      1083             17606      2542104733169      光大永明资产管理股份有限公司 

      1084             21648      3139104579269      东兴世纪机械（北京）有限公司 

      1085             10315      1478104683941      北京文安科技发展有限公司 

      1086             63893      9669104552855      北京沃特尔水技术股份有限公司 

      1087             38284      5729104736295      北京中天一维科技有限公司 

      1088              8105      1157104483119      北京中博巨石文化传媒有限公司 

      1089             27328      3985104606904      北京融许众拓投资管理有限公司 

      1090              5909      0855104575961      北京宸瑞科技有限公司 

      1091             24090      3510104558137      北京大汉全和电力建设有限公司 

      1092             39911      5967104600241      北京信美国际展览有限公司 

      1093             15226      2191104483964      中国通信工业协会移动电话售后服务委员会 

      1094             37241      5573104486406      北京金红展科贸中心 

      1095             58848      8894104556484      北京安宝房地产开发有限公司 

      1096              3338      0488104550855      北京联龙博通电子商务技术有限公司 

      1097             16741      2401104592146      北京优炫软件股份有限公司 

      1098             11066      1588104687174      北京天阳宏业软件技术有限公司 

      1099             55118      8322104615371      商务印书馆有限公司 

      1100             52869      7975104652313      快乐金芒果（北京）文化传媒有限公司 

      1101              6759      0972104537238      北京盈果建筑工程有限公司 

      1102             27747      4050104612855      北京安吉利达停车管理有限公司 

      1103             16156      2317104604515      北京博文逸铭医疗用品有限公司 

      1104             19809      2865104552372      圣源轩（北京）餐饮管理有限公司 

      1105             47918      7198104587536      安科泰克（北京）科技发展有限公司 

      1106             22391      3250104556239      北京顺恒达汽车零部件制造有限公司 

      1107             30822      4559104576849      北京康美泰商贸有限公司 

                                         -31- 

----------------------- Page 32-----------------------

      1108               483      0066104579287      北京中新鼎电气设备有限公司 

      1109             44445      6665104495553      北京市昌平区金山文化技能培训学校 

      1110             19178      2778104624908      北京领克特信息技术有限公司 

      1111             45300      6797104491085      北京九州一轨隔振技术有限公司 

      1112              9898      1412104552213      北京神州同正科技有限公司 

      1113             50246      7578104764812      北京慧点科技有限公司 

      1114             37915      5676104539951      北京宝得瑞食品有限公司 

      1115             55311      8350104671257      北京康速医疗器材有限责任公司 

      1116             52072      7850104573575      北京光海恒远信息技术有限公司 

      1117              3263      0475104615870      北京星尚传媒科技有限公司 

      1118             22193      3218104510100      北京科能腾达信息技术股份有限公司 

      1119             44794      6717104708028      北京奇客星空网络技术有限公司 

      1120             15285      2199104592400      北京彬福食品有限公司 

      1121             37566      5624104558421      北京汇特嘉新材料科技有限公司 

      1122             43553      6528104656312      北京信诚兴创科技有限公司 

      1123             24173      3523104562024      北京安平仁合科技服务有限公司 

      1124             31999      4753104526997      通号工程局集团有限公司 

      1125             45345      6802104693135      北京网库互通信息技术有限公司 

      1126             42590      6375104495685      北京百年方圆营销策划有限公司 

      1127             14040      2012104665955      北京德鑫泉物联网科技股份有限公司 

      1128             13968      2002104634822      北京六间房科技有限公司 

      1129              3833      0555104587271      北京安耐吉能源工程技术有限公司 

      1130              7659      1096104504665      北京巴瑞医疗器械有限公司 

      1131             44122      6615104508546      北京通汇佳会展服务有限公司 

      1132             38714      5788104746031      北京燃气绿源达清洁燃料有限公司 

      1133             61038      9226104668202      北京恒科天地矿业测控技术有限公司 

      1134             42380      6340104776577      北京钰龙科技有限公司 

      1135             13633      1953104482293      北京紫光制药有限公司 

      1136              1451      0203104636189      北京世纪坐标科技有限公司 

      1137              1840      0260104571012      北京华域绿洲科技有限公司 

      1138             28514      4177104491598      北京立诚石化技术有限公司 

      1139             41503      6203104573846      中航油大厦管理中心 

      1140              7463      1069104540994      北京华瑞东方科技有限公司 

      1141              7623      1090104565423      中国建筑材料集团有限公司 

      1142             48999      7367104551377      越野一族（北京）传媒科技有限公司 

      1143             52847      7972104499118      北京合力景通汽车销售服务有限公司 

      1144             44907      6734104664249      东方网力科技股份有限公司 

      1145             30014      4423104528546      北京中康博生物科技有限公司 

                                          -32- 

----------------------- Page 33-----------------------

      1146             31097      4603104599741      北京华证普惠信息股份有限公司 

      1147             65442      9899104539285      北京金超菘源矿产贸易有限公司 

      1148              3537      0515104593175      北京万达广场房地产开发有限公司 

      1149             17382      2510104679089      北京盛世互动网络科技有限公司 

      1150             13479      1929104716926      北京鑫瑞昌达道路养护有限公司 

      1151             54989      8299104740034      北京恒顿传媒有限公司 

      1152             10325      1480104678902      北京金郁金香文化发展有限公司 

      1153             37584      5626104621631      北京易联讯达商贸有限公司 

      1154             50199      7571104566125      北京招金膜天科技有限公司 

      1155             29323      4310104768817      北京紫贝龙科技股份有限公司 

      1156              3574      0520104513432      北京远景世纪科技投资有限公司 

      1157             50274      7583104536122      中恒宝达（北京）国际商务服务中心 

      1158             40580      6064104606483      北京东方长缨科技有限公司 

      1159              5329      0768104625753      北京美联房地产经纪有限公司 

      1160              8351      1189104675374      北京前成物流有限公司 

      1161             16854      2422104503451      大通期货经纪有限公司北京营业部 

      1162             28611      4192104623925      北京四方电气设备有限公司 

      1163             40613      6068104709380      北京市设备安装工程集团有限公司 

      1164             11519      1653104783063      中储粮服务有限公司 

      1165              1178      0164104481371      北京派帝新能源科技有限公司 

      1166             37301      5582104580710      北京微控时代文化传媒有限公司 

      1167             55324      8351104658114      北京摩达时代广告有限公司 

      1168             61652      9321104488679      北京中联鼎泰物流有限公司 

      1169             41678      6230104618235      北京东方磁源新材料有限公司 

      1170             50622      7633104665325      北京明智格雅市场咨询有限公司 

      1171              1423      0198104723696      北京官也街餐饮管理有限公司 

      1172             59796      9041104697563      北京华建联造价工程师事务所 

      1173              3292      0480104706640      北京奥精医药科技有限公司 

      1174              7823      1118104561718      北京天诚盛业科技有限公司 

      1175             29944      4413104590913      深圳市世纪领航科技发展有限公司北京分公司 

      1176             60670      9172104784330      北京益晖优品图文制作有限公司 

      1177             37442      5606104504917      中节能大地环境修复有限公司 

      1178             53208      8029104482208      晶创越世科技（北京）有限公司 

      1179             15332      2207104549325      北京北方福瑞汽车销售服务有限公司 

      1180             11493      1650104664543      北京瑞博赛工贸有限公司 

      1181             14714      2111104715184      北京世纪合兴起重科技有限公司 

      1182             10432      1497104546548      北京国培创新教育咨询有限公司 

                                         -33- 

----------------------- Page 34-----------------------

      1183             20607      2988104508586      北京灵思远景互动广告有限公司 

      1184             56470      8537104554669      北京智讯天成技术有限公司 

      1185             18787      2723104600985      北京市海淀区冷泉加油站 

      1186             33798      5047104565424      北京科信印刷有限公司 

      1187              1130      0158104592526      北京金瑞安通商贸有限公司 

      1188             10840      1555104527715      北京华远卫士保安服务有限公司 

      1189             13058      1870104579268      北京朗朗书房出版顾问有限公司 

      1190             10059      1438104502337      北京世纪京泰家具有限公司 

      1191             17293      2498104473482      北京亨通翔商贸有限公司 

      1192             27376      3994104640595      北京招金颐和文化投资有限公司 

      1193             23186      3368104600461      北京硕华泰工程咨询有限公司 

      1194             33152      4945104606707      北京中邦源劳务有限公司 

      1195             56725      8578104508326      北京龙跃伟逸科贸有限公司 

      1196             45129      6769104685662      北京东方至宝文化发展有限公司 

      1197              8387      1193104706079      北京东铁营工贸集团 

      1198             41328      6176104561367      北京中瑞蓝科电动汽车技术有限公司 

      1199             43729      6556104597094      北京富凯玻璃有限责任公司 

      1200             58830      8891104550596      中关村绿色碳汇研究院 
