1 1 0002104115592 农村教育发展中心
2 2 0009104116223 北京京成天宝饲料有限公司
3 3 0020104181669 北京恒誉新能源汽车租赁有限公司
4 4 0023104151224 北京十三陵石油工人疗养院
5 5 0041104104899 北京冀东丰汽车销售服务有限公司
6 6 0041104181634 北京恒誉新能源汽车租赁有限公司
7 7 0044104171501 北京集佳知识产权代理有限公司
8 8 0054104161041 北京铭隆世纪科技有限公司
9 9 0058104141470 北京庞大兴驰汽车科技有限公司
10 10 0066104148907 北京华信时代物业管理有限公司
11 11 0068104136784 北京世纪伙伴文化传媒股份有限公司
12 12 0081104181550 北京恒誉新能源汽车租赁有限公司
13 13 0104104178620 北京宏远信诚汽车销售有限公司
14 14 0124104130059 北京同成普利建筑装饰工程有限责任公
司
15 15 0124104145007 北京冀发贵汽车贸易有限公司
16 16 0126104181630 北京恒誉新能源汽车租赁有限公司
17 17 0135104156322 北京经开光谷置业有限公司
18 18 0135104176378 北京冀贵汽车贸易有限公司
19 19 0142104182219 中体彩印务技术有限公司
20 20 0159104131739 北京万茗堂商贸有限公司
21 21 0163104113574 北京金华锦业工程咨询有限公司
-2-22 22 0164104181623 北京恒誉新能源汽车租赁有限公司
23 23 0186104156311 北京经开光谷置业有限公司
24 24 0210104176385 北京冀贵汽车贸易有限公司
25 25 0213104101666 北京爱乐空间文化传播有限公司
26 26 0218104071184 北京能源协会
27 27 0221104127350 中国电力建设企业协会
28 28 0247104059889 北京金融街国际酒店有限公司
29 29 0255104181767 北京恒誉新能源汽车租赁有限公司
30 30 0261104107110 北京庞大冀瑞汽车销售有限公司
31 31 0295104181621 北京恒誉新能源汽车租赁有限公司
32 32 0298104179178 北京瑞岚卓越科技有限公司
33 33 0303104123488 北京新奥通城房地产开发有限公司
34 34 0316104086623 北京中联环工程股份有限公司
35 35 0352104181707 北京恒誉新能源汽车租赁有限公司
36 36 0357104181811 北京恒誉新能源汽车租赁有限公司
37 37 0369104105039 北京太重机械成套设备有限公司
38 38 0378104104265 北京鸿嘉汽车修理厂
39 39 0380104107031 北京华鑫丰盛汽车销售有限公司
40 40 0388104181807 北京恒誉新能源汽车租赁有限公司
41 41 0391104178699 北京中冀兴旺汽车销售有限公司
42 42 0396104171508 北京集佳知识产权代理有限公司
43 43 0396104181806 北京恒誉新能源汽车租赁有限公司
44 44 0407104163568 北京市警视达机电设备研究所有限公司
45 45 0409104182217 中体彩印务技术有限公司
46 46 0443104103921 北京菁茂园林绿化工程有限公司
47 47 0456104107017 北京松影舞美艺术有限公司
48 48 0457104181673 北京恒誉新能源汽车租赁有限公司
49 49 0460104176388 北京冀贵汽车贸易有限公司
50 50 0461104181731 北京恒誉新能源汽车租赁有限公司
51 51 0477104070534 中国市场经济研究会
52 52 0481104181611 北京恒誉新能源汽车租赁有限公司
53 53 0487104147100 三星数据系统（中国）有限公司
54 54 0502104147077 三星数据系统（中国）有限公司
55 55 0537104090677 北京空港宏远物流有限公司
56 56 0556104181615 北京恒誉新能源汽车租赁有限公司
57 57 0569104181672 北京恒誉新能源汽车租赁有限公司
58 58 0602104131735 中元智合（北京）商贸有限公司
59 59 0606104181686 北京恒誉新能源汽车租赁有限公司
-3-60 60 0610104119297 北京蒙利百佳食品有限公司
61 61 0613104182215 中体彩印务技术有限公司
62 62 0664104181593 北京恒誉新能源汽车租赁有限公司
63 63 0678104118805 北京新兴创业装饰工程有限公司
64 64 0685104145010 北京冀发贵汽车贸易有限公司
65 65 0691104181560 北京恒誉新能源汽车租赁有限公司
66 66 0694104182243 中体彩印务技术有限公司
67 67 0697104104897 北京冀东丰汽车销售服务有限公司
68 68 0700104071455 炎黄视讯（北京）科技有限公司
69 69 0704104181629 北京恒誉新能源汽车租赁有限公司
70 70 0712104181548 北京恒誉新能源汽车租赁有限公司
71 71 0714104149082 北京市海淀区聚智堂培训学校
72 72 0742104171510 北京集佳知识产权代理有限公司
73 73 0745104182236 中体彩印务技术有限公司
74 74 0776104136815 北京保险研究院
75 75 0777104062346 北京市国福汽车修理有限公司
76 76 0790104181768 北京恒誉新能源汽车租赁有限公司
77 77 0796104181625 北京恒誉新能源汽车租赁有限公司
78 78 0796104182214 中体彩印务技术有限公司
79 79 0804104181762 北京恒誉新能源汽车租赁有限公司
80 80 0807104171504 北京集佳知识产权代理有限公司
81 81 0813104181645 北京恒誉新能源汽车租赁有限公司
82 82 0820104181606 北京恒誉新能源汽车租赁有限公司
83 83 0825104115097 北京环球众人众轻纺市场有限责任公司
84 84 0849104181613 北京恒誉新能源汽车租赁有限公司
85 85 0878104181720 北京恒誉新能源汽车租赁有限公司
86 86 0888104115176 戴姆勒大中华区投资有限公司
87 87 0908104141471 北京庞大兴驰汽车科技有限公司
88 88 0937104147097 三星数据系统（中国）有限公司
89 89 0939104181719 北京恒誉新能源汽车租赁有限公司
90 90 0944104082497 北京筑基兴业建设工程有限公司
91 91 0955104181774 北京恒誉新能源汽车租赁有限公司
92 92 0980104096370 北京博远江山科技发展有限责任公司
93 93 1000104181722 北京恒誉新能源汽车租赁有限公司
94 94 1006104147085 三星数据系统（中国）有限公司
95 95 1013104182235 中体彩印务技术有限公司
96 96 1023104156325 北京经开光谷置业有限公司
97 97 1034104181557 北京恒誉新能源汽车租赁有限公司
-4-98 98 1048104181810 北京恒誉新能源汽车租赁有限公司
99 99 1051104136785 北京世纪伙伴文化传媒股份有限公司
100 100 1061104181687 北京恒誉新能源汽车租赁有限公司
101 101 1067104156321 北京经开光谷置业有限公司
102 102 1093104164403 北京友利行酒店用品有限公司
103 103 1095104179593 北京恒誉新能源汽车租赁有限公司
104 104 1102104173933 北京君颜律师事务所
105 105 1109104114398 梅赛德斯-奔驰（中国）汽车销售有限
公司
106 106 1117104181658 北京恒誉新能源汽车租赁有限公司
107 107 1121104182218 中体彩印务技术有限公司
108 108 1123104075505 北京香江盛富房地产开发有限公司
109 109 1137104104896 北京冀东丰汽车销售服务有限公司
110 110 1139104131555 河北恒裕科贸有限公司北京工程机械分
公司
111 111 1187104176376 北京冀贵汽车贸易有限公司
112 112 1214104181738 北京恒誉新能源汽车租赁有限公司
113 113 1243104179555 北京恒誉新能源汽车租赁有限公司
114 114 1273104090678 北京空港宏远物流有限公司
115 115 1274104181708 北京恒誉新能源汽车租赁有限公司
116 116 1283104104290 北京洁城清洗工程有限责任公司
117 117 1290104097689 北京晟唐嘉禾艺术有限公司
118 118 1313104147090 三星数据系统（中国）有限公司
119 119 1321104163830 中国经济导报社
120 120 1337104182230 中体彩印务技术有限公司
121 121 1346104179591 北京恒誉新能源汽车租赁有限公司
122 122 1357104064554 华油惠博普科技股份有限公司
123 123 1372104107109 北京庞大冀瑞汽车销售有限公司
124 124 1379104156026 北京平房合兴商贸有限公司
125 125 1380104119298 北京蒙利百佳食品有限公司
126 126 1380104156326 北京经开光谷置业有限公司
127 127 1385104181562 北京恒誉新能源汽车租赁有限公司
128 128 1387104117125 北京市居欢化工有限责任公司
129 129 1398104169932 北京劲木郎科贸有限公司
130 130 1411104181565 北京恒誉新能源汽车租赁有限公司
131 131 1425104099742 北京中物理想房地产开发有限公司
132 132 1452104178633 北京冀东兴汽车销售有限公司
133 133 1462104181797 北京恒誉新能源汽车租赁有限公司
-5-134 134 1493104145009 北京冀发贵汽车贸易有限公司
135 135 1507104181558 北京恒誉新能源汽车租赁有限公司
136 136 1526104181553 北京恒誉新能源汽车租赁有限公司
137 137 1531104061714 北京康泰丰源科技发展有限公司
138 138 1538104101411 青年电影制片厂
139 139 1546104171295 英属维尔京群岛科威特投资有限公司北
京代表处
140 140 1562104181589 北京恒誉新能源汽车租赁有限公司
141 141 1584104181654 北京恒誉新能源汽车租赁有限公司
142 142 1589104181729 北京恒誉新能源汽车租赁有限公司
143 143 1597104077270 广安市人民政府驻北京联络处
144 144 1612104181743 北京恒誉新能源汽车租赁有限公司
145 145 1668104163439 北京劳动大厦有限责任公司
146 146 1675104146534 北京伊夫马丁国际文化传媒股份有限公
司
147 147 1697104147081 三星数据系统（中国）有限公司
148 148 1716104181744 北京恒誉新能源汽车租赁有限公司
149 149 1729104181616 北京恒誉新能源汽车租赁有限公司
150 150 1737104182229 中体彩印务技术有限公司
151 151 1748104123456 北京央广联合传媒投资有限公司
152 152 1760104181665 北京恒誉新能源汽车租赁有限公司
153 153 1771104181657 北京恒誉新能源汽车租赁有限公司
154 154 1786104119293 北京蒙利百佳食品有限公司
155 155 1787104181685 北京恒誉新能源汽车租赁有限公司
156 156 1803104181725 北京恒誉新能源汽车租赁有限公司
157 157 1821104181791 北京恒誉新能源汽车租赁有限公司
158 158 1822104176383 北京冀贵汽车贸易有限公司
159 159 1827104086248 北京市昌平区幸福童年幼儿园
160 160 1852104181667 北京恒誉新能源汽车租赁有限公司
161 161 1861104104902 北京冀东丰汽车销售服务有限公司
162 162 1864104171502 北京集佳知识产权代理有限公司
163 163 1870104181765 北京恒誉新能源汽车租赁有限公司
164 164 1901104181583 北京恒誉新能源汽车租赁有限公司
165 165 1902104090946 北京慧点科技有限公司
166 166 1941104179587 北京恒誉新能源汽车租赁有限公司
167 167 1946104176389 北京冀贵汽车贸易有限公司
168 168 1957104092990 北京安速道路照明设备安装工程有限公
司
-6-169 169 1968104179176 北京瑞岚卓越科技有限公司
170 170 1969104090716 北京市朝阳区年轮康复中心
171 171 1987104093131 中国产业海外发展和规划协会
172 172 2008104171506 北京集佳知识产权代理有限公司
173 173 2013104181648 北京恒誉新能源汽车租赁有限公司
174 174 2015104171509 北京集佳知识产权代理有限公司
175 175 2019104181758 北京恒誉新能源汽车租赁有限公司
176 176 2022104181783 北京恒誉新能源汽车租赁有限公司
177 177 2028104181780 北京恒誉新能源汽车租赁有限公司
178 178 2032104201498 北京天诚同创电气有限公司
179 179 2046104148937 欧派制安（北京）家具有限公司
180 180 2048104115347 北京汇通德融投资咨询有限公司
181 181 2055104181676 北京恒誉新能源汽车租赁有限公司
182 182 2066104181663 北京恒誉新能源汽车租赁有限公司
183 183 2082104094940 北京华教工贸有限公司
184 184 2104104064553 华油惠博普科技股份有限公司
185 185 2140104181699 北京恒誉新能源汽车租赁有限公司
186 186 2148104181620 北京恒誉新能源汽车租赁有限公司
187 187 2154104082223 北京汇林印务有限公司
188 188 2164104156262 北京经开光谷置业有限公司
189 189 2165104131584 北京华安麦科生物技术有限公司
190 190 2169104182221 中体彩印务技术有限公司
191 191 2186104181586 北京恒誉新能源汽车租赁有限公司
192 192 2192104094955 北京枫翔世纪科技有限责任公司
193 193 2197104156305 北京经开光谷置业有限公司
194 194 2214104106508 北京邬巢世纪餐饮管理有限责任公司
195 195 2226104176710 北京振远兴华安全防范技术有限公司
196 196 2234104181742 北京恒誉新能源汽车租赁有限公司
197 197 2250104075508 北京香江盛富房地产开发有限公司
198 198 2279104091153 北京市丰台区鸿基培训中心
199 199 2285104178634 北京冀东兴汽车销售有限公司
200 200 2296104181567 北京恒誉新能源汽车租赁有限公司
201 201 2302104181600 北京恒誉新能源汽车租赁有限公司
202 202 2302104181759 北京恒誉新能源汽车租赁有限公司
203 203 2321104181701 北京恒誉新能源汽车租赁有限公司
204 204 2375104089704 中国证券投资基金业协会
205 205 2375104158312 北京茂思商贸有限公司
206 206 2380104148983 中华全国工商业联合会医药业商会
-7-207 207 2382104156323 北京经开光谷置业有限公司
208 208 2405104181809 北京恒誉新能源汽车租赁有限公司
209 209 2405104189546 黑龙江省伊春市人民政府驻北京联络处
210 210 2406104089654 当代节能置业股份有限公司
211 211 2415104089681 北京东君房地产开发有限公司
212 212 2426104181551 北京恒誉新能源汽车租赁有限公司
213 213 2432104090803 北京城市捷运汽车贸易有限公司
214 214 2435104171497 北京集佳知识产权代理有限公司
215 215 2452104181815 北京恒誉新能源汽车租赁有限公司
216 216 2457104095309 江苏兴厦建筑安装有限公司北京建筑分
公司
217 217 2457104181693 北京恒誉新能源汽车租赁有限公司
218 218 2466104170958 绿友机械集团股份有限公司
219 219 2484104181715 北京恒誉新能源汽车租赁有限公司
220 220 2499104179177 北京瑞岚卓越科技有限公司
221 221 2517104115175 戴姆勒大中华区投资有限公司
222 222 2522104075037 北京林大林业科技股份有限公司
223 223 2542104145012 北京冀发贵汽车贸易有限公司
224 224 2550104064559 华油惠博普科技股份有限公司
225 225 2551104123395 北京开运联合信息技术有限公司
226 226 2555104181647 北京恒誉新能源汽车租赁有限公司
227 227 2580104181571 北京恒誉新能源汽车租赁有限公司
228 228 2581104065135 北京君业兴文化发展中心
229 229 2629104059860 北京金融街国际酒店有限公司
230 230 2668104158319 北京茂思商贸有限公司
231 231 2677104150493 北京华宸文鼎科技发展有限公司
232 232 2678104170957 绿友机械集团股份有限公司
233 233 2678104181730 北京恒誉新能源汽车租赁有限公司
234 234 2681104119295 北京蒙利百佳食品有限公司
235 235 2686104179590 北京恒誉新能源汽车租赁有限公司
236 236 2694104077346 北京鑫台华科技有限公司
237 237 2697104181563 北京恒誉新能源汽车租赁有限公司
238 238 2706104181596 北京恒誉新能源汽车租赁有限公司
239 239 2715104089318 北京市丰台区瑞普华老年护理中心
240 240 2723104107108 北京庞大冀瑞汽车销售有限公司
241 241 2731104119294 北京蒙利百佳食品有限公司
242 242 2743104182239 中体彩印务技术有限公司
243 243 2745104059884 北京金融街国际酒店有限公司
-8-244 244 2749104181626 北京恒誉新能源汽车租赁有限公司
245 245 2758104181641 北京恒誉新能源汽车租赁有限公司
246 246 2779104089844 北京刘开渠艺术研究院
247 247 2787104147076 三星数据系统（中国）有限公司
248 248 2799104181740 北京恒誉新能源汽车租赁有限公司
249 249 2810104075506 北京香江盛富房地产开发有限公司
250 250 2816104147089 三星数据系统（中国）有限公司
251 251 2835104147104 三星数据系统（中国）有限公司
252 252 2836104181640 北京恒誉新能源汽车租赁有限公司
253 253 2843104179554 北京恒誉新能源汽车租赁有限公司
254 254 2854104092500 北京开源润德机械有限公司
255 255 2861104107566 来拓自动导游科技（北京）有限公司
256 256 2879104182242 中体彩印务技术有限公司
257 257 2897104077345 北京鑫台华科技有限公司
258 258 2900104104893 北京冀东丰汽车销售服务有限公司
259 259 2921104181572 北京恒誉新能源汽车租赁有限公司
260 260 2923104171503 北京集佳知识产权代理有限公司
261 261 2925104064550 华油惠博普科技股份有限公司
262 262 2935104165968 北京市通州区马驹桥镇第二社会福利服
务中心
263 263 2963104156328 北京经开光谷置业有限公司
264 264 2968104082222 北京汇林印务有限公司
265 265 2973104158314 北京茂思商贸有限公司
266 266 2977104181614 北京恒誉新能源汽车租赁有限公司
267 267 2990104176382 北京冀贵汽车贸易有限公司
268 268 2992104145029 北京庞大润华汽车销售服务有限公司
269 269 2996104107029 北京华鑫丰盛汽车销售有限公司
270 270 3014104179556 北京恒誉新能源汽车租赁有限公司
271 271 3043104104669 北京东风南方汽车销售服务有限公司
272 272 3070104059887 北京金融街国际酒店有限公司
273 273 3070104178468 北京极拓装饰装璜有限公司
274 274 3082104151233 京乐驰光电技术（北京）有限公司
275 275 3112104092362 北京中盾安全技术开发公司
276 276 3112104181675 北京恒誉新能源汽车租赁有限公司
277 277 3128104114126 现代首选二手车经营有限公司
278 278 3132104181788 北京恒誉新能源汽车租赁有限公司
279 279 3148104181786 北京恒誉新能源汽车租赁有限公司
280 280 3163104181633 北京恒誉新能源汽车租赁有限公司
-9-281 281 3168104181681 北京恒誉新能源汽车租赁有限公司
282 282 3189104108708 北京国佳建材招待所
283 283 3189104181656 北京恒誉新能源汽车租赁有限公司
284 284 3189104181799 北京恒誉新能源汽车租赁有限公司
285 285 3194104119657 北京元泰宏商贸有限责任公司
286 286 3255104178617 北京宏远信诚汽车销售有限公司
287 287 3256104181805 北京恒誉新能源汽车租赁有限公司
288 288 3259104059886 北京金融街国际酒店有限公司
289 289 3259104181671 北京恒誉新能源汽车租赁有限公司
290 290 3269104103949 北京品恩科技股份有限公司
291 291 3319104178812 慧众行知科技（北京）有限公司
292 292 3323104117516 美国温洛克国际农业开发中心北京代表
处
293 293 3336104176377 北京冀贵汽车贸易有限公司
294 294 3341104107027 北京华鑫丰盛汽车销售有限公司
295 295 3365104181585 北京恒誉新能源汽车租赁有限公司
296 296 3372104182237 中体彩印务技术有限公司
297 297 3389104131326 北京信诚鼎立科贸有限公司
298 298 3390104178635 北京冀东兴汽车销售有限公司
299 299 3404104069132 北京福建企业总商会
300 300 3406104107028 北京华鑫丰盛汽车销售有限公司
301 301 3416104104667 北京东风南方汽车销售服务有限公司
302 302 3428104104668 北京东风南方汽车销售服务有限公司
303 303 3428104181714 北京恒誉新能源汽车租赁有限公司
304 304 3429104104895 北京冀东丰汽车销售服务有限公司
305 305 3430104176380 北京冀贵汽车贸易有限公司
306 306 3462104104666 北京东风南方汽车销售服务有限公司
307 307 3469104181588 北京恒誉新能源汽车租赁有限公司
308 308 3502104181650 北京恒誉新能源汽车租赁有限公司
309 309 3506104170956 绿友机械集团股份有限公司
310 310 3507104181576 北京恒誉新能源汽车租赁有限公司
311 311 3508104181755 北京恒誉新能源汽车租赁有限公司
312 312 3525104155772 北京吉兆光电仪器有限公司
313 313 3533104116917 北京市中博律师事务所
314 314 3540104144220 北京腾信睿德科技发展有限公司
315 315 3548104181554 北京恒誉新能源汽车租赁有限公司
316 316 3552104181763 北京恒誉新能源汽车租赁有限公司
317 317 3564104182238 中体彩印务技术有限公司
-10-318 318 3581104147096 三星数据系统（中国）有限公司
319 319 3581104158317 北京茂思商贸有限公司
320 320 3585104123455 北京央广联合传媒投资有限公司
321 321 3585104181716 北京恒誉新能源汽车租赁有限公司
322 322 3586104121030 北京天庆房地产开发有限公司
323 323 3593104114394 梅赛德斯-奔驰（中国）汽车销售有限
公司
324 324 3639104181692 北京恒誉新能源汽车租赁有限公司
325 325 3647104154104 北京哲君科技开发有限公司
326 326 3650104059859 北京金融街国际酒店有限公司
327 327 3688104179599 北京恒誉新能源汽车租赁有限公司
328 328 3693104176384 北京冀贵汽车贸易有限公司
329 329 3695104181772 北京恒誉新能源汽车租赁有限公司
330 330 3709104147105 三星数据系统（中国）有限公司
331 331 3720104064557 华油惠博普科技股份有限公司
332 332 3745104181793 北京恒誉新能源汽车租赁有限公司
333 333 3749104181706 北京恒誉新能源汽车租赁有限公司
334 334 3756104181737 北京恒誉新能源汽车租赁有限公司
335 335 3762104181661 北京恒誉新能源汽车租赁有限公司
336 336 3770104102750 北京中咨华宇环保技术有限公司
337 337 3773104156027 北京平房合兴商贸有限公司
338 338 3776104075032 北京林大林业科技股份有限公司
339 339 3801104178698 北京中冀兴旺汽车销售有限公司
340 340 3816104181698 北京恒誉新能源汽车租赁有限公司
341 341 3838104058247 北京培康佳业技术发展有限公司
342 342 3876104059536 北京华科葆台文化发展有限公司
343 343 3882104163202 北京宏源南门涮肉城有限责任公司
344 344 3938104181775 北京恒誉新能源汽车租赁有限公司
345 345 3953104181682 北京恒誉新能源汽车租赁有限公司
346 346 3998104182231 中体彩印务技术有限公司
347 347 4026104181668 北京恒誉新能源汽车租赁有限公司
348 348 4034104178619 北京宏远信诚汽车销售有限公司
349 349 4039104163438 北京劳动大厦有限责任公司
350 350 4041104119292 北京蒙利百佳食品有限公司
351 351 4047104181733 北京恒誉新能源汽车租赁有限公司
352 352 4051104181746 北京恒誉新能源汽车租赁有限公司
353 353 4065104123459 北京央广联合传媒投资有限公司
354 354 4113104181664 北京恒誉新能源汽车租赁有限公司
-11-355 355 4140104171505 北京集佳知识产权代理有限公司
356 356 4167104166017 北京市海维律师事务所
357 357 4188104156314 北京经开光谷置业有限公司
358 358 4198104150209 北京韦仕伟业装饰工程有限公司
359 359 4199104181766 北京恒誉新能源汽车租赁有限公司
360 360 4203104181735 北京恒誉新能源汽车租赁有限公司
361 361 4204104158315 北京茂思商贸有限公司
362 362 4206104181655 北京恒誉新能源汽车租赁有限公司
363 363 4225104075034 北京林大林业科技股份有限公司
364 364 4226104092427 北京绿海鑫发商贸有限公司
365 365 4275104181750 北京恒誉新能源汽车租赁有限公司
366 366 4276104178669 北京五方桥丰田汽车销售服务有限公司
367 367 4282104147086 三星数据系统（中国）有限公司
368 368 4306104156382 中国认知科学学会
369 369 4311104178643 北京千里行汽车服务有限公司
370 370 4311104182225 中体彩印务技术有限公司
371 371 4313104191877 北京市品源律师事务所
372 372 4338104181752 北京恒誉新能源汽车租赁有限公司
373 373 4347104145028 北京庞大润华汽车销售服务有限公司
374 374 4376104178700 北京中冀兴旺汽车销售有限公司
375 375 4377104141829 北京森木建筑设计咨询有限公司
376 376 4385104176375 北京冀贵汽车贸易有限公司
377 377 4426104074245 加拿大皇家投资集团北京代表处
378 378 4429104181754 北京恒誉新能源汽车租赁有限公司
379 379 4451104160670 北京赤橙黄绿商务服务有限公司
380 380 4453104179552 北京恒誉新能源汽车租赁有限公司
381 381 4461104176379 北京冀贵汽车贸易有限公司
382 382 4468104181757 北京恒誉新能源汽车租赁有限公司
383 383 4474104121955 北京世盈律师事务所
384 384 4480104181659 北京恒誉新能源汽车租赁有限公司
385 385 4497104181607 北京恒誉新能源汽车租赁有限公司
386 386 4498104147079 三星数据系统（中国）有限公司
387 387 4512104155978 密云镇社会福利中心
388 388 4512104181618 北京恒誉新能源汽车租赁有限公司
389 389 4518104102025 北京市铸成律师事务所
390 390 4520104075036 北京林大林业科技股份有限公司
391 391 4522104181800 北京恒誉新能源汽车租赁有限公司
392 392 4530104145823 北京经中太联首源物业管理有限公司
-12-393 393 4531104177134 北京强进科技有限公司
394 394 4534104115490 北京数字太和科技有限责任公司
395 395 4544104181803 北京恒誉新能源汽车租赁有限公司
396 396 4616104179597 北京恒誉新能源汽车租赁有限公司
397 397 4626104181751 北京恒誉新能源汽车租赁有限公司
398 398 4682104179595 北京恒誉新能源汽车租赁有限公司
399 399 4703104147078 三星数据系统（中国）有限公司
400 400 4708104181597 北京恒誉新能源汽车租赁有限公司
401 401 4727104099052 观复博物馆
402 402 4734104208304 北京丰台华康中医医院
403 403 4743104181622 北京恒誉新能源汽车租赁有限公司
404 404 4746104123474 中国电影导演协会
405 405 4754104179553 北京恒誉新能源汽车租赁有限公司
406 406 4755104099104 北京东盛宏伟印章刻制有限公司
407 407 4761104144953 北京庞大星光汽车销售服务有限公司
408 408 4779104181573 北京恒誉新能源汽车租赁有限公司
409 409 4806104181718 北京恒誉新能源汽车租赁有限公司
410 410 4829104156324 北京经开光谷置业有限公司
411 411 4875104181732 北京恒誉新能源汽车租赁有限公司
412 412 4882104181813 北京恒誉新能源汽车租赁有限公司
413 413 4906104181749 北京恒誉新能源汽车租赁有限公司
414 414 4909104113937 北京东西分析仪器有限公司
415 415 4960104181584 北京恒誉新能源汽车租赁有限公司
416 416 4962104092424 盟科投资控股有限公司
417 417 5007104181610 北京恒誉新能源汽车租赁有限公司
418 418 5042104075035 北京林大林业科技股份有限公司
419 419 5063104102835 鼎力联合（北京）科技有限公司
420 420 5074104179600 北京恒誉新能源汽车租赁有限公司
421 421 5098104163109 北京龙泰通装科技有限公司
422 422 5118104181631 北京恒誉新能源汽车租赁有限公司
423 423 5180104181561 北京恒誉新能源汽车租赁有限公司
424 424 5190104181587 北京恒誉新能源汽车租赁有限公司
425 425 5196104081747 北京市大兴区京军医院
426 426 5197104075031 北京林大林业科技股份有限公司
427 427 5200104121619 北京百睿宏嘉生物科技有限公司
428 428 5208104145011 北京冀发贵汽车贸易有限公司
429 429 5222104179598 北京恒誉新能源汽车租赁有限公司
430 430 5222104181696 北京恒誉新能源汽车租赁有限公司
-13-431 431 5240104181747 北京恒誉新能源汽车租赁有限公司
432 432 5255104104901 北京冀东丰汽车销售服务有限公司
433 433 5277104147092 三星数据系统（中国）有限公司
434 434 5282104147094 三星数据系统（中国）有限公司
435 435 5294104156320 北京经开光谷置业有限公司
436 436 5370104161040 北京铭隆世纪科技有限公司
437 437 5391104178618 北京宏远信诚汽车销售有限公司
438 438 5391104181684 北京恒誉新能源汽车租赁有限公司
439 439 5440104181652 北京恒誉新能源汽车租赁有限公司
440 440 5456104181574 北京恒誉新能源汽车租赁有限公司
441 441 5460104107463 北京金丰餐饮有限公司
442 442 5489104181619 北京恒誉新能源汽车租赁有限公司
443 443 5500104181594 北京恒誉新能源汽车租赁有限公司
444 444 5508104181702 北京恒誉新能源汽车租赁有限公司
445 445 5510104181703 北京恒誉新能源汽车租赁有限公司
446 446 5531104099449 北京奥特电子设备有限公司
447 447 5540104181795 北京恒誉新能源汽车租赁有限公司
448 448 5555104090737 北京东视利通科技发展有限公司
449 449 5572104158313 北京茂思商贸有限公司
450 450 5584104174361 北京勤邦生物技术有限公司
451 451 5598104181697 北京恒誉新能源汽车租赁有限公司
452 452 5600104075849 北京邦越人力资源培训有限公司
453 453 5607104181609 北京恒誉新能源汽车租赁有限公司
454 454 5626104181792 北京恒誉新能源汽车租赁有限公司
455 455 5641104181808 北京恒誉新能源汽车租赁有限公司
456 456 5654104174363 北京勤邦生物技术有限公司
457 457 5654104181748 北京恒誉新能源汽车租赁有限公司
458 458 5655104147099 三星数据系统（中国）有限公司
459 459 5656104181568 北京恒誉新能源汽车租赁有限公司
460 460 5658104147088 三星数据系统（中国）有限公司
461 461 5691104087553 北京中装华宸科贸有限公司
462 462 5697104171499 北京集佳知识产权代理有限公司
463 463 5707104114823 北京东华兴盛物业管理有限责任公司
464 464 5731104181643 北京恒誉新能源汽车租赁有限公司
465 465 5733104179594 北京恒誉新能源汽车租赁有限公司
466 466 5739104181605 北京恒誉新能源汽车租赁有限公司
467 467 5768104181710 北京恒誉新能源汽车租赁有限公司
468 468 5775104179558 北京恒誉新能源汽车租赁有限公司
-14-469 469 5786104071380 北京联通隆福汽车销售服务有限公司
470 470 5796104125886 北京博哲利达科技有限公司
471 471 5804104181578 北京恒誉新能源汽车租赁有限公司
472 472 5820104181604 北京恒誉新能源汽车租赁有限公司
473 473 5888104182220 中体彩印务技术有限公司
474 474 5894104181577 北京恒誉新能源汽车租赁有限公司
475 475 5896104070759 北京翻译研修学院
476 476 5896104210762 北京市西城区高思培训学校
477 477 5898104181680 北京恒誉新能源汽车租赁有限公司
478 478 5915104182240 中体彩印务技术有限公司
479 479 5917104181690 北京恒誉新能源汽车租赁有限公司
480 480 5958104147103 三星数据系统（中国）有限公司
481 481 5973104120311 北京市海淀区北京现代教育培训学校
482 482 5978104120928 北京欧亚新科技发展有限公司
483 483 5984104182216 中体彩印务技术有限公司
484 484 6047104161070 北京军地专修学院
485 485 6048104182227 中体彩印务技术有限公司
486 486 6072104181678 北京恒誉新能源汽车租赁有限公司
487 487 6076104181651 北京恒誉新能源汽车租赁有限公司
488 488 6079104181736 北京恒誉新能源汽车租赁有限公司
489 489 6090104143441 北京巨电国宏电力工程有限责任公司第
五分公司
490 490 6091104136783 北京世纪伙伴文化传媒股份有限公司
491 491 6091104151365 北京有色金属研究总院幼儿园
492 492 6092104179596 北京恒誉新能源汽车租赁有限公司
493 493 6103104176387 北京冀贵汽车贸易有限公司
494 494 6105104059863 北京金融街国际酒店有限公司
495 495 6116104181723 北京恒誉新能源汽车租赁有限公司
496 496 6118104181760 北京恒誉新能源汽车租赁有限公司
497 497 6139104182232 中体彩印务技术有限公司
498 498 6147104181632 北京恒誉新能源汽车租赁有限公司
499 499 6155104115174 戴姆勒大中华区投资有限公司
500 500 6160104179561 北京恒誉新能源汽车租赁有限公司
501 501 6165104064558 华油惠博普科技股份有限公司
502 502 6171104058100 北京市东城区低碳生态社区发展中心
503 503 6181104120185 北京鼎尚利亨贸易有限公司
504 504 6182104181771 北京恒誉新能源汽车租赁有限公司
505 505 6186104179563 北京恒誉新能源汽车租赁有限公司
-15-506 506 6205104156319 北京经开光谷置业有限公司
507 507 6211104181549 北京恒誉新能源汽车租赁有限公司
508 508 6214104171820 北京博睿吉智公关顾问有限公司
509 509 6235104145008 北京冀发贵汽车贸易有限公司
510 510 6264104176386 北京冀贵汽车贸易有限公司
511 511 6268104182234 中体彩印务技术有限公司
512 512 6276104181660 北京恒誉新能源汽车租赁有限公司
513 513 6282104181700 北京恒誉新能源汽车租赁有限公司
514 514 6290104179557 北京恒誉新能源汽车租赁有限公司
515 515 6310104181712 北京恒誉新能源汽车租赁有限公司
516 516 6341104104226 北京嘉诚汇智咨询有限公司
517 517 6348104059861 北京金融街国际酒店有限公司
518 518 6354104181677 北京恒誉新能源汽车租赁有限公司
519 519 6360104181694 北京恒誉新能源汽车租赁有限公司
520 520 6363104181617 北京恒誉新能源汽车租赁有限公司
521 521 6398104056232 北京晴乐新能源管理有限公司
522 522 6429104091796 北京盛云星医疗器械有限公司
523 523 6436104122139 北京安联国科科技咨询有限公司
524 524 6446104143404 北京友联万胜机电制冷设备有限公司
525 525 6458104103932 北京强中酒业有限公司
526 526 6471104089021 北京瑞特沃斯机电设备有限公司
527 527 6488104181638 北京恒誉新能源汽车租赁有限公司
528 528 6501104106323 北京银行股份有限公司大钟寺支行
529 529 6515104152453 北京周黑鸭商贸有限公司
530 530 6521104104898 北京冀东丰汽车销售服务有限公司
531 531 6569104147087 三星数据系统（中国）有限公司
532 532 6575104156259 北京经开光谷置业有限公司
533 533 6592104181580 北京恒誉新能源汽车租赁有限公司
534 534 6594104181010 北京三合伟业机电设备安装有限公司
535 535 6616104181776 北京恒誉新能源汽车租赁有限公司
536 536 6619104070461 国家人口计生委流动人口信息管理中心
537 537 6658104135951 北京中能科创信息技术有限公司
538 538 6668104181770 北京恒誉新能源汽车租赁有限公司
539 539 6670104089222 北京瑞普华老年救助基金会
540 540 6676104181739 北京恒誉新能源汽车租赁有限公司
541 541 6679104181556 北京恒誉新能源汽车租赁有限公司
542 542 6691104182223 中体彩印务技术有限公司
543 543 6694104181769 北京恒誉新能源汽车租赁有限公司
-16-544 544 6705104098868 朝鲜智能贸易公司北京代表处
545 545 6710104182233 中体彩印务技术有限公司
546 546 6711104156316 北京经开光谷置业有限公司
547 547 6725104128152 北京忠源顺园林绿化工程有限公司
548 548 6733104181683 北京恒誉新能源汽车租赁有限公司
549 549 6745104179562 北京恒誉新能源汽车租赁有限公司
550 550 6763104181724 北京恒誉新能源汽车租赁有限公司
551 551 6769104106509 北京邬巢世纪餐饮管理有限责任公司
552 552 6794104064556 华油惠博普科技股份有限公司
553 553 6808104179586 北京恒誉新能源汽车租赁有限公司
554 554 6810104147080 三星数据系统（中国）有限公司
555 555 6811104104900 北京冀东丰汽车销售服务有限公司
556 556 6841104156263 北京经开光谷置业有限公司
557 557 6849104181789 北京恒誉新能源汽车租赁有限公司
558 558 6852104163523 北京佳安世纪物业管理有限公司
559 559 6853104170307 吉林省通化市人民政府驻北京联络处
560 560 6861104107484 北京金丰餐饮有限公司
561 561 6878104174359 北京勤邦生物技术有限公司
562 562 6898104110661 北京市大兴区魏善庄镇河北辛庄村股份
经济合作社
563 563 6900104111381 锦州市人民政府驻北京联络处
564 564 6911104060230 北京朝阳隆华电线电缆有限公司
565 565 6918104181582 北京恒誉新能源汽车租赁有限公司
566 566 6927104059888 北京金融街国际酒店有限公司
567 567 6935104181581 北京恒誉新能源汽车租赁有限公司
568 568 6953104181612 北京恒誉新能源汽车租赁有限公司
569 569 6954104181753 北京恒誉新能源汽车租赁有限公司
570 570 6955104104894 北京冀东丰汽车销售服务有限公司
571 571 6969104181636 北京恒誉新能源汽车租赁有限公司
572 572 6982104156315 北京经开光谷置业有限公司
573 573 6999104114396 梅赛德斯-奔驰（中国）汽车销售有限
公司
574 574 7012104181756 北京恒誉新能源汽车租赁有限公司
575 575 7031104075507 北京香江盛富房地产开发有限公司
576 576 7042104147093 三星数据系统（中国）有限公司
577 577 7043104181920 北京美得佳装饰工程有限公司
578 578 7049104171512 北京集佳知识产权代理有限公司
579 579 7060104181816 北京恒誉新能源汽车租赁有限公司
-17-580 580 7089104181570 北京恒誉新能源汽车租赁有限公司
581 581 7092104173050 北京虹信北方通信技术有限公司
582 582 7092104174155 北京市丹宁律师事务所
583 583 7120104119296 北京蒙利百佳食品有限公司
584 584 7131104181794 北京恒誉新能源汽车租赁有限公司
585 585 7134104156312 北京经开光谷置业有限公司
586 586 7157104181782 北京恒誉新能源汽车租赁有限公司
587 587 7178104148698 北京恒都律师事务所
588 588 7179104176212 北京年年香九九嘉餐饮有限公司
589 589 7190104181796 北京恒誉新能源汽车租赁有限公司
590 590 7199104158311 北京茂思商贸有限公司
591 591 7204104181709 北京恒誉新能源汽车租赁有限公司
592 592 7230104179592 北京恒誉新能源汽车租赁有限公司
593 593 7230104181591 北京恒誉新能源汽车租赁有限公司
594 594 7234104090534 北京市格瑞特建筑装饰工程有限责任公
司
595 595 7249104129752 北京四方腾泰电力科技有限公司
596 596 7256104182224 中体彩印务技术有限公司
597 597 7257104075511 北京香江盛富房地产开发有限公司
598 598 7268104163339 德瑞默（北京）自动化控制设备有限公
司
599 599 7276104120184 北京鼎尚利亨贸易有限公司
600 600 7279104174362 北京勤邦生物技术有限公司
601 601 7286104123457 北京央广联合传媒投资有限公司
602 602 7291104181569 北京恒誉新能源汽车租赁有限公司
603 603 7305104181785 北京恒誉新能源汽车租赁有限公司
604 604 7319104181728 北京恒誉新能源汽车租赁有限公司
605 605 7363104179237 北京大董烤鸭店有限责任公司
606 606 7371104181745 北京恒誉新能源汽车租赁有限公司
607 607 7379104064549 华油惠博普科技股份有限公司
608 608 7422104156317 北京经开光谷置业有限公司
609 609 7425104059885 北京金融街国际酒店有限公司
610 610 7425104088875 北京开源通力电力设备安装工程有限公
司
611 611 7426104075509 北京香江盛富房地产开发有限公司
612 612 7433104088876 北京开源通力电力设备安装工程有限公
司
613 613 7443104181662 北京恒誉新能源汽车租赁有限公司
-18-614 614 7453104178670 北京五方桥丰田汽车销售服务有限公司
615 615 7459104096168 英国汇丰实业国际投资集团有限公司北
京代表处
616 616 7462104181787 北京恒誉新能源汽车租赁有限公司
617 617 7475104181559 北京恒誉新能源汽车租赁有限公司
618 618 7489104090791 北京市延庆县绿美农产品产业协会
619 619 7502104155860 河南金卉园林绿化工程有限公司北京分
公司
620 620 7517104181575 北京恒誉新能源汽车租赁有限公司
621 621 7524104116987 北京德肯创业装饰材料有限公司
622 622 7533104092361 北京中盾安全技术开发公司
623 623 7563104181781 北京恒誉新能源汽车租赁有限公司
624 624 7563104182226 中体彩印务技术有限公司
625 625 7570104181726 北京恒誉新能源汽车租赁有限公司
626 626 7573104181552 北京恒誉新能源汽车租赁有限公司
627 627 7583104160466 中福丽宫（北京）投资管理有限公司
628 628 7591104147102 三星数据系统（中国）有限公司
629 629 7601104181688 北京恒誉新能源汽车租赁有限公司
630 630 7604104179559 北京恒誉新能源汽车租赁有限公司
631 631 7619104091908 北京林润通达园林绿化工程有限公司
632 632 7621104123460 北京邵青汽车服务有限公司
633 633 7624104181646 北京恒誉新能源汽车租赁有限公司
634 634 7637104156308 北京经开光谷置业有限公司
635 635 7648104104891 北京冀东丰汽车销售服务有限公司
636 636 7658104103948 北京品恩科技股份有限公司
637 637 7662104181635 北京恒誉新能源汽车租赁有限公司
638 638 7665104156260 北京经开光谷置业有限公司
639 639 7672104115177 戴姆勒大中华区投资有限公司
640 640 7681104181734 北京恒誉新能源汽车租赁有限公司
641 641 7682104114844 北京东华兴盛物业管理有限责任公司
642 642 7698104181689 北京恒誉新能源汽车租赁有限公司
643 643 7710104181804 北京恒誉新能源汽车租赁有限公司
644 644 7720104182222 中体彩印务技术有限公司
645 645 7723104099832 中铁城建集团北京工程有限公司
646 646 7723104181592 北京恒誉新能源汽车租赁有限公司
647 647 7726104176381 北京冀贵汽车贸易有限公司
648 648 7731104166349 北京九天龙建筑石材工程有限公司
649 649 7742104181812 北京恒誉新能源汽车租赁有限公司
-19-650 650 7744104148554 北京奥体创合体育科技发展有限公司
651 651 7745104181801 北京恒誉新能源汽车租赁有限公司
652 652 7752104181649 北京恒誉新能源汽车租赁有限公司
653 653 7762104171496 北京集佳知识产权代理有限公司
654 654 7776104179560 北京恒誉新能源汽车租赁有限公司
655 655 7782104179584 北京恒誉新能源汽车租赁有限公司
656 656 7793104181777 北京恒誉新能源汽车租赁有限公司
657 657 7817104182241 中体彩印务技术有限公司
658 658 7830104181603 北京恒誉新能源汽车租赁有限公司
659 659 7833104178671 北京五方桥丰田汽车销售服务有限公司
660 660 7851104123458 北京央广联合传媒投资有限公司
661 661 7899104181653 北京恒誉新能源汽车租赁有限公司
662 662 7927104179585 北京恒誉新能源汽车租赁有限公司
663 663 7933104099743 北京中物理想房地产开发有限公司
664 664 7937104181670 北京恒誉新能源汽车租赁有限公司
665 665 7942104181595 北京恒誉新能源汽车租赁有限公司
666 666 7965104104670 北京东风南方汽车销售服务有限公司
667 667 7972104132395 纳尔卡国际赛车运动（北京）有限公司
668 668 7983104181721 北京恒誉新能源汽车租赁有限公司
669 669 8017104181564 北京恒誉新能源汽车租赁有限公司
670 670 8018104124148 北京声华兴业科技有限公司
671 671 8038104107030 北京华鑫丰盛汽车销售有限公司
672 672 8042104181666 北京恒誉新能源汽车租赁有限公司
673 673 8068104181779 北京恒誉新能源汽车租赁有限公司
674 674 8122104176044 北京市世界旅游城市发展中心
675 675 8126104178664 北京千里行汽车服务有限公司
676 676 8136104075039 北京林大林业科技股份有限公司
677 677 8168104179588 北京恒誉新能源汽车租赁有限公司
678 678 8172104114395 梅赛德斯-奔驰（中国）汽车销售有限
公司
679 679 8186104146225 北京圣钰佳泰科技有限公司
680 680 8189104163159 北京日月齐辉科技发展有限公司
681 681 8200104144143 北京今日新雅彩印制版技术有限公司
682 682 8201104147091 三星数据系统（中国）有限公司
683 683 8215104171511 北京集佳知识产权代理有限公司
684 684 8221104163437 北京劳动大厦有限责任公司
685 685 8275104104892 北京冀东丰汽车销售服务有限公司
686 686 8284104147083 三星数据系统（中国）有限公司
-20-687 687 8305104179589 北京恒誉新能源汽车租赁有限公司
688 688 8322104156307 北京经开光谷置业有限公司
689 689 8332104156309 北京经开光谷置业有限公司
690 690 8339104158316 北京茂思商贸有限公司
691 691 8343104181784 北京恒誉新能源汽车租赁有限公司
692 692 8361104114397 梅赛德斯-奔驰（中国）汽车销售有限
公司
693 693 8362104156304 北京经开光谷置业有限公司
694 694 8369104098752 鑫视空间（北京）装饰艺术有限公司
695 695 8370104181590 北京恒誉新能源汽车租赁有限公司
696 696 8378104156318 北京经开光谷置业有限公司
697 697 8384104181598 北京恒誉新能源汽车租赁有限公司
698 698 8389104181704 北京恒誉新能源汽车租赁有限公司
699 699 8416104071379 北京联通隆福汽车销售服务有限公司
700 700 8427104087320 北京市通州区张家湾镇三间房村民委员
会
701 701 8446104151290 北京万鸿房地产咨询有限公司
702 702 8455104171816 北京寰球通达会展有限公司
703 703 8455104181717 北京恒誉新能源汽车租赁有限公司
704 704 8490104181798 北京恒誉新能源汽车租赁有限公司
705 705 8496104156261 北京经开光谷置业有限公司
706 706 8497104147095 三星数据系统（中国）有限公司
707 707 8511104134377 北京市朝阳区朝花幼儿园
708 708 8554104064551 华油惠博普科技股份有限公司
709 709 8636104147084 三星数据系统（中国）有限公司
710 710 8636104181566 北京恒誉新能源汽车租赁有限公司
711 711 8670104121029 北京天庆房地产开发有限公司
712 712 8772104181691 北京恒誉新能源汽车租赁有限公司
713 713 8784104094793 北京都宇设备安装工程有限公司
714 714 8790104181741 北京恒誉新能源汽车租赁有限公司
715 715 8792104147082 三星数据系统（中国）有限公司
716 716 8802104182228 中体彩印务技术有限公司
717 717 8828104181764 北京恒誉新能源汽车租赁有限公司
718 718 8830104156306 北京经开光谷置业有限公司
719 719 8866104064552 华油惠博普科技股份有限公司
720 720 8868104171498 北京集佳知识产权代理有限公司
721 721 8879104058118 北京天星浩宇国际文化传播有限责任公
司
-21-722 722 8911104064560 华油惠博普科技股份有限公司
723 723 8917104156327 北京经开光谷置业有限公司
724 724 8917104166373 北京鑫鸿云轩餐饮管理有限公司
725 725 8923104113191 北京嘉华盛通科技有限公司
726 726 8936104181608 北京恒誉新能源汽车租赁有限公司
727 727 8999104181802 北京恒誉新能源汽车租赁有限公司
728 728 9018104181599 北京恒誉新能源汽车租赁有限公司
729 729 9025104178636 北京冀东兴汽车销售有限公司
730 730 9033104181624 北京恒誉新能源汽车租赁有限公司
731 731 9036104181679 北京恒誉新能源汽车租赁有限公司
732 732 9043104098762 北京华夏搬家有限责任公司
733 733 9087104060229 北京朝阳隆华电线电缆有限公司
734 734 9120104181814 北京恒誉新能源汽车租赁有限公司
735 735 9131104102749 北京中咨华宇环保技术有限公司
736 736 9145104062368 北京鼎国昌盛生物技术有限责任公司
737 737 9151104117917 北京清河湾乡村体育俱乐部有限公司
738 738 9178104181695 北京恒誉新能源汽车租赁有限公司
739 739 9221104181628 北京恒誉新能源汽车租赁有限公司
740 740 9231104181642 北京恒誉新能源汽车租赁有限公司
741 741 9236104181727 北京恒誉新能源汽车租赁有限公司
742 742 9257104126457 北京格林时代文化传播有限公司
743 743 9270104181627 北京恒誉新能源汽车租赁有限公司
744 744 9276104181711 北京恒誉新能源汽车租赁有限公司
745 745 9289104145114 北京市庞大弘轩汽车销售有限公司
746 746 9294104064561 华油惠博普科技股份有限公司
747 747 9323104064555 华油惠博普科技股份有限公司
748 748 9327104126427 北京圣坤酒店有限责任公司
749 749 9341104181644 北京恒誉新能源汽车租赁有限公司
750 750 9371104104853 北京久洋国际贸易有限公司
751 751 9410104181579 北京恒誉新能源汽车租赁有限公司
752 752 9424104075510 北京香江盛富房地产开发有限公司
753 753 9428104126440 北京科宝优耐家居装饰有限公司
754 754 9435104156313 北京经开光谷置业有限公司
755 755 9443104181761 北京恒誉新能源汽车租赁有限公司
756 756 9450104181639 北京恒誉新能源汽车租赁有限公司
757 757 9464104161211 北京金蝶云创软件技术有限公司
758 758 9470104181602 北京恒誉新能源汽车租赁有限公司
759 759 9475104117916 北京清河湾乡村体育俱乐部有限公司
-22-760 760 9538104181555 北京恒誉新能源汽车租赁有限公司
761 761 9548104059862 北京金融街国际酒店有限公司
762 762 9573104160490 北京风华时代环境工程有限公司
763 763 9579104156310 北京经开光谷置业有限公司
764 764 9611104178642 北京千里行汽车服务有限公司
765 765 9616104075038 北京林大林业科技股份有限公司
766 766 9627104126456 北京格林时代文化传播有限公司
767 767 9631104181773 北京恒誉新能源汽车租赁有限公司
768 768 9651104115178 戴姆勒大中华区投资有限公司
769 769 9666104171500 北京集佳知识产权代理有限公司
770 770 9672104181637 北京恒誉新能源汽车租赁有限公司
771 771 9675104069123 北京市怀柔区残疾人康复协会
772 772 9703104180867 北京朝批商贸股份有限公司
773 773 9717104181817 北京恒誉新能源汽车租赁有限公司
774 774 9760104181713 北京恒誉新能源汽车租赁有限公司
775 775 9798104158318 北京茂思商贸有限公司
776 776 9799104181601 北京恒誉新能源汽车租赁有限公司
777 777 9816104179601 北京恒誉新能源汽车租赁有限公司
778 778 9825104075033 北京林大林业科技股份有限公司
779 779 9830104127015 欧美同学会机关服务中心
780 780 9861104174360 北京勤邦生物技术有限公司
781 781 9862104090945 北京慧点科技有限公司
782 782 9866104155757 北京诺百金科技发展有限公司
783 783 9868104207279 北京特冶工贸有限责任公司
784 784 9870104181705 北京恒誉新能源汽车租赁有限公司
785 785 9871104139210 加拿大超值教育集团有限公司北京代表
处
786 786 9875104147098 三星数据系统（中国）有限公司
787 787 9887104147101 三星数据系统（中国）有限公司
788 788 9908104165388 北京达文海开物业管理有限公司
789 789 9912104181674 北京恒誉新能源汽车租赁有限公司
790 790 9923104171507 北京集佳知识产权代理有限公司
791 791 9928104181778 北京恒誉新能源汽车租赁有限公司
792 792 9948104181790 北京恒誉新能源汽车租赁有限公司
793 793 9960104134345 中航拓普瑞思航空技术（北京）有限公
司
794 794 9962104058307 北京盛博兴起劳务服务有限公司
795 795 9976104154800 北京普华永利建材有限公司
