1 1 0009104608287 北京恒富物业服务有限公司
2 2 0023104562391 北京威联德骨科技术有限公司
3 3 0025104608291 北京恒富物业服务有限公司
4 4 0027104620613 北京海纳川汽车部件股份有限公司北京
分公司
5 5 0030104484277 北京星网宇达科技股份有限公司
6 6 0031104620610 北京海纳川汽车部件股份有限公司北京
分公司
7 7 0032104534419 北京供电福斯特开关设备有限公司
8 8 0034104610146 西马克技术（北京）有限公司
9 9 0038104498139 北京四方宏运物流有限公司
10 10 0049104514626 北京华信通电讯有限公司
11 11 0050104530445 北京市灏礼默律师事务所
12 12 0055104482564 北京好伦哥餐饮有限公司
13 13 0056104530613 北京中软万维网络技术有限公司
14 14 0058104581802 阿根廷博收种子有限公司北京代表处
15 15 0062104548849 北京久其软件股份有限公司
16 16 0066104608729 北京市兴顺达客运有限责任公司
17 17 0079104551477 戴姆勒大中华区投资有限公司
18 18 0088104526644 北京华安瑞祥电气安装有限公司
19 19 0092104588719 北京奇客创想信息技术有限公司
20 20 0099104481034 北京新意互动广告有限公司
-2-
21 21 0106104549962 北京一线牵缘商贸有限公司
22 22 0117104524673 北京高思律师事务所
23 23 0128104608725 北京市兴顺达客运有限责任公司
24 24 0129104498980 北京相峰伟业汽车配件有限公司
25 25 0130104591963 北京德通利达机车科技发展有限公司
26 26 0134104546832 北京鼎汉技术股份有限公司
27 27 0136104536606 国茂减速机集团北京国茂华北销售有限
公司
28 28 0136104604038 北京京威世纪建筑大厦有限公司
29 29 0138104482019 北京实佳诚业科技有限公司
30 30 0151104612107 北京宜通华瑞科技有限公司
31 31 0161104514620 北京华信通电讯有限公司
32 32 0165104541338 中国马业协会
33 33 0169104491503 北京蓝山科技股份有限公司
34 34 0169104552342 北京地海森波网络技术有限责任公司
35 35 0170104513815 新湖财富投资管理有限公司
36 36 0171104574693 北京韩美药品有限公司
37 37 0178104559360 宁波银行股份有限公司北京分行
38 38 0183104560927 北京北方出租汽车有限责任公司
39 39 0189104574345 北京金丰餐饮有限公司
40 40 0194104615193 北京德创鸿源装饰工程有限公司
41 41 0200104598816 COMLAB（北京）通信系统设备有限公司
42 42 0202104483855 北京盘古氏投资有限公司
43 43 0224104604314 北京车之家信息技术有限公司
44 44 0226104567055 北京伏尔特技术有限公司
45 45 0226104578855 北京京谷友好医院
46 46 0227104604336 北京福思维科技发展有限公司
47 47 0229104484218 北京中盾安民分析技术有限公司
48 48 0231104565254 北京艺览新天地国际展览有限公司
49 49 0232104488087 北京万家安建筑劳务有限公司
50 50 0232104600208 国金黄金集团有限公司
51 51 0235104607959 北京龙熙顺景房地产开发有限责任公司
52 52 0239104550000 盛隆电气（北京）有限公司
53 53 0257104516812 江苏省苏中建设集团股份有限公司北京
通州分公司
54 54 0258104502959 北京丹鹤电子科技有限公司
55 55 0258104604055 北京京威世纪建筑大厦有限公司
56 56 0259104488414 北京山水假日旅行社有限公司
-3-
57 57 0272104484225 北京中盾安民分析技术有限公司
58 58 0287104604041 北京京威世纪建筑大厦有限公司
59 59 0289104514035 大唐财富投资管理有限公司
60 60 0290104598817 COMLAB（北京）通信系统设备有限公司
61 61 0291104579678 北京天诚信海医药有限公司
62 62 0296104513791 新湖财富投资管理有限公司
63 63 0297104480849 北京比特易湃信息技术有限公司
64 64 0297104480851 北京比特易湃信息技术有限公司
65 65 0300104503404 北京昆仑在线网络科技有限公司
66 66 0314104604049 北京京威世纪建筑大厦有限公司
67 67 0315104521101 北京比亚迪模具有限公司
68 68 0333104558094 北京中汽雷日汽车有限公司
69 69 0345104564052 北京中恒博瑞数字电力科技有限公司
70 70 0355104556216 北京洪天力药业有限公司
71 71 0360104565935 北京鑫菲泰格化工产品有限公司
72 72 0361104559352 宁波银行股份有限公司北京分行
73 73 0365104522011 完美世界（北京）网络技术有限公司
74 74 0367104480868 北京比特易湃信息技术有限公司
75 75 0378104489747 时代华睿（北京）科技有限公司
76 76 0378104610141 西马克技术（北京）有限公司
77 77 0385104608296 北京恒富物业服务有限公司
78 78 0389104551691 北京派瑞威行广告有限公司
79 79 0399104522015 完美世界（北京）网络技术有限公司
80 80 0411104507251 中国循环经济协会
81 81 0413104579963 北京快进文化艺术有限公司
82 82 0415104480845 北京比特易湃信息技术有限公司
83 83 0418104550819 中国兵器工业集团公司
84 84 0419104564904 江河创建集团股份有限公司
85 85 0433104606893 北京捷亚泰汽贸有限公司
86 86 0436104543417 北京国宝文泰文化艺术有限公司
87 87 0437104543933 北京星球通科技发展有限公司
88 88 0437104562344 北京纳威德医疗器械有限公司
89 89 0442104554657 人民日报传媒广告有限公司
90 90 0444104524495 北京盛泰帅欣科技有限公司
91 91 0446104553950 北京市自来水集团有限责任公司
92 92 0446104610137 西马克技术（北京）有限公司
93 93 0453104513816 新湖财富投资管理有限公司
94 94 0469104513798 新湖财富投资管理有限公司
-4-
95 95 0478104549037 北京友福机械设备租赁有限公司
96 96 0479104557481 华浩信通信息技术（北京）有限公司
97 97 0492104481743 北京大董烤鸭店有限责任公司
98 98 0495104562329 北京纳通医疗技术有限公司
99 99 0498104613662 北京美汐朗洁环保科技有限公司
100 100 0499104553952 北京市自来水集团有限责任公司
101 101 0499104604339 北京福思维科技发展有限公司
102 102 0508104509990 北京碧生源商贸有限公司
103 103 0517104487824 北京炫天智科技有限公司
104 104 0522104515740 北京神州鼎泓科技有限公司
105 105 0531104591308 北京升华电梯有限公司
106 106 0538104564267 春光无限（北京）品牌管理有限公司
107 107 0558104490076 德威嘉业人力资源管理（北京）有限公
司工会委员会
108 108 0560104480853 北京比特易湃信息技术有限公司
109 109 0567104610140 西马克技术（北京）有限公司
110 110 0571104481033 北京新意互动广告有限公司
111 111 0571104497448 北京启能万维科技有限公司
112 112 0576104576398 北京突破电气有限公司
113 113 0631104512650 中融汇投资担保有限公司
114 114 0633104512621 中融汇投资担保有限公司
115 115 0636104516811 江苏省苏中建设集团股份有限公司北京
通州分公司
116 116 0642104580959 北京中科金财科技股份有限公司
117 117 0643104484273 北京星网宇达科技股份有限公司
118 118 0659104579600 中泰创展控股有限公司
119 119 0663104492727 京铁物流有限公司
120 120 0665104608286 北京恒富物业服务有限公司
121 121 0667104579601 中泰创展控股有限公司
122 122 0671104480852 北京比特易湃信息技术有限公司
123 123 0675104480854 北京比特易湃信息技术有限公司
124 124 0676104509216 北京利尔高温材料股份有限公司
125 125 0679104523375 北京微游互动网络科技有限公司
126 126 0684104577057 北京市风火轮商贸有限责任公司
127 127 0688104620599 北京海纳川汽车部件股份有限公司北京
分公司
128 128 0689104485962 北京南北天地科技股份有限公司
129 129 0694104562327 北京纳通医疗技术有限公司
-5-
130 130 0706104523374 北京微游互动网络科技有限公司
131 131 0719104553940 北京市自来水集团有限责任公司
132 132 0724104550045 天津益清（北京）律师事务所
133 133 0727104480842 北京比特易湃信息技术有限公司
134 134 0727104606895 北京捷亚泰汽贸有限公司
135 135 0731104615045 北京众诚永源节能环保技术有限公司
136 136 0732104535346 北京鸿坤伟业房地产开发有限公司
137 137 0735104580746 北京航天振邦精密机械有限公司
138 138 0743104519835 北京美菱电器营销有限公司
139 139 0743104563478 北京报农联合文化传媒有限公司
140 140 0749104604052 北京京威世纪建筑大厦有限公司
141 141 0752104608730 北京市兴顺达客运有限责任公司
142 142 0756104564036 北京中恒博瑞数字电力科技有限公司
143 143 0766104568152 北京东风南方汽车销售服务有限公司
144 144 0778104607436 北京蓝图纷飞加油站有限公司
145 145 0792104480869 北京比特易湃信息技术有限公司
146 146 0794104491697 北京银信长远科技股份有限公司
147 147 0811104497449 北京启能万维科技有限公司
148 148 0818104480844 北京比特易湃信息技术有限公司
149 149 0821104553937 北京市自来水集团有限责任公司
150 150 0836104509213 北京利尔高温材料股份有限公司
151 151 0837104611337 北京瑞普北光电子有限公司
152 152 0850104584633 北京亿赫伟信科技发展有限公司
153 153 0851104576528 北京市建筑设计研究院有限公司
154 154 0852104480804 路德通电子设备（北京）有限公司
155 155 0859104574098 北京房地集团有限公司
156 156 0875104521113 北京比亚迪模具有限公司
157 157 0877104576534 北京市建筑设计研究院有限公司
158 158 0882104556346 北京振兴亚北土地开发有限公司
159 159 0899104576544 北京市建筑设计研究院有限公司
160 160 0900104506184 北京亚太肝病诊疗技术联盟
161 161 0902104481041 北京新意互动广告有限公司
162 162 0904104480805 路德通电子设备（北京）有限公司
163 163 0904104513810 新湖财富投资管理有限公司
164 164 0913104503831 北京金泰凯迪汽车销售服务有限公司
165 165 0919104588960 中国审计学会
166 166 0933104480619 北京海顺德钛催化剂有限公司
167 167 0936104480860 北京比特易湃信息技术有限公司
-6-
168 168 0938104527552 北京东方艾狄尔会展有限公司
169 169 0941104561667 北京贵和源工程技术有限公司
170 170 0943104563321 北京北航冠新世纪软件有限公司
171 171 0950104562322 北京纳通医疗技术有限公司
172 172 0951104593012 北京键联机械设备有限公司
173 173 0952104485960 北京南北天地科技股份有限公司
174 174 0966104485386 中信国安投资有限公司
175 175 0977104533223 北京民丰祥和建筑工程有限公司
176 176 0981104521103 北京比亚迪模具有限公司
177 177 0997104480856 北京比特易湃信息技术有限公司
178 178 0997104521125 北京比亚迪模具有限公司
179 179 1002104480670 北京易车互动广告有限公司
180 180 1004104489750 时代华睿（北京）科技有限公司
181 181 1017104604502 北京海量数据技术股份有限公司
182 182 1020104496032 北京四合世纪电子科贸有限责任公司
183 183 1025104484228 北京中盾安民分析技术有限公司
184 184 1025104536654 中航拓普瑞思航空技术（北京）有限公
司
185 185 1026104508809 北京中科国信科技股份有限公司
186 186 1029104564908 江河创建集团股份有限公司
187 187 1035104607266 北京南银物业管理有限公司
188 188 1037104553022 北京首都航空有限公司
189 189 1048104513809 新湖财富投资管理有限公司
190 190 1051104558848 北京万兴建筑集团有限公司二分公司
191 191 1060104592901 北京天成瑞源电缆有限公司
192 192 1072104480858 北京比特易湃信息技术有限公司
193 193 1074104480848 北京比特易湃信息技术有限公司
194 194 1078104558606 安泊旺（北京）物业管理有限公司
195 195 1078104578715 奥迪（中国）企业管理有限公司
196 196 1080104580918 北京天行网安信息技术有限责任公司
197 197 1098104580922 北京天行网安信息技术有限责任公司
198 198 1100104608626 北京精英智通科技股份有限公司
199 199 1106104522021 完美世界（北京）网络技术有限公司
200 200 1112104578693 奥迪（中国）企业管理有限公司
201 201 1114104512644 中融汇投资担保有限公司
202 202 1116104507392 北京讯奇连城商务服务有限公司
203 203 1117104484275 北京星网宇达科技股份有限公司
204 204 1122104554936 北京中电华远科技有限公司
-7-
205 205 1128104526953 北京中关村开发建设股份有限公司第四
建筑工程分公司
206 206 1129104551482 戴姆勒大中华区投资有限公司
207 207 1134104615009 北京军洋鑫业房地产有限公司
208 208 1135104558113 北京中汽雷日汽车有限公司
209 209 1137104550002 盛隆电气（北京）有限公司
210 210 1139104564044 北京中恒博瑞数字电力科技有限公司
211 211 1139104567956 北京爱德康赛广告有限公司
212 212 1140104610151 西马克技术（北京）有限公司
213 213 1142104499299 北京新恒基房地产集团有限公司
214 214 1142104604392 北京齐尔布莱特科技有限公司
215 215 1144104498378 北京黎明文仪家具有限公司
216 216 1148104526947 北京中关村开发建设股份有限公司第四
建筑工程分公司
217 217 1150104503830 北京金泰凯迪汽车销售服务有限公司
218 218 1151104592944 北京耘美文化传媒有限公司
219 219 1155104608728 北京市兴顺达客运有限责任公司
220 220 1160104608292 北京恒富物业服务有限公司
221 221 1169104604319 北京车之家信息技术有限公司
222 222 1173104546161 北京东誉达集团有限公司
223 223 1182104565934 北京鑫菲泰格化工产品有限公司
224 224 1185104552526 北京金舟神创科技发展有限公司
225 225 1194104549998 盛隆电气（北京）有限公司
226 226 1198104481022 北京新意互动广告有限公司
227 227 1199104525200 北京市桶装饮用水销售行业协会
228 228 1203104562557 北京东方般若科技发展有限公司
229 229 1213104550820 中国兵器工业集团公司
230 230 1223104481042 北京新意互动广告有限公司
231 231 1225104567684 北京众友方圆广告设计制作有限公司
232 232 1233104559353 宁波银行股份有限公司北京分行
233 233 1245104484226 北京中盾安民分析技术有限公司
234 234 1248104507397 北京讯奇连城商务服务有限公司
235 235 1248104576539 北京市建筑设计研究院有限公司
236 236 1259104576546 北京市建筑设计研究院有限公司
237 237 1264104522523 北京国正宏音文化交流有限公司
238 238 1273104512619 中融汇投资担保有限公司
239 239 1280104485400 中信国安投资有限公司
240 240 1285104484223 北京中盾安民分析技术有限公司
-8-
241 241 1287104611692 北京燕东微电子有限公司
242 242 1295104583995 泰圣思信息系统开发（北京）有限公司
243 243 1303104549997 盛隆电气（北京）有限公司
244 244 1307104480620 北京海顺德钛催化剂有限公司
245 245 1318104612287 北京胜鸿都汽车销售服务有限公司
246 246 1320104551480 戴姆勒大中华区投资有限公司
247 247 1325104537212 亿利公益基金会
248 248 1330104581273 中关村新兴网络教育开发研究院
249 249 1332104480669 北京易车互动广告有限公司
250 250 1336104584597 北京鼎一通远科技发展有限公司
251 251 1351104562311 北京纳通医疗技术有限公司
252 252 1357104571214 北京国锐众邦科技有限公司
253 253 1361104481049 北京新意互动广告有限公司
254 254 1364104562320 北京纳通医疗技术有限公司
255 255 1389104493748 北京白家大院饮食文化传播有限公司
256 256 1394104553527 北京市燃气集团有限责任公司第二分公
司
257 257 1398104559344 宁波银行股份有限公司北京分行
258 258 1411104548339 北京华育天智机电装备有限公司
259 259 1414104604403 北京齐尔布莱特科技有限公司
260 260 1419104567056 北京伏尔特技术有限公司
261 261 1421104562325 北京纳通医疗技术有限公司
262 262 1421104575530 北京实利通和科技发展有限公司
263 263 1424104578703 奥迪（中国）企业管理有限公司
264 264 1441104485384 中信国安投资有限公司
265 265 1463104509185 北京金诚恒丰商贸有限公司
266 266 1469104610847 北京汇海中医医院
267 267 1473104504654 安诺优达基因科技（北京）有限公司
268 268 1479104480862 北京比特易湃信息技术有限公司
269 269 1480104481040 北京新意互动广告有限公司
270 270 1480104484272 北京星网宇达科技股份有限公司
271 271 1481104483165 北京市圣大律师事务所
272 272 1484104530842 北京迪玛克医药科技有限公司
273 273 1486104578709 奥迪（中国）企业管理有限公司
274 274 1491104578702 奥迪（中国）企业管理有限公司
275 275 1499104563426 山东玲珑轮胎股份有限公司北京销售分
公司
276 276 1503104559357 宁波银行股份有限公司北京分行
-9-
277 277 1504104485394 中信国安投资有限公司
278 278 1509104498981 北京相峰伟业汽车配件有限公司
279 279 1516104493723 北京白家大院饮食文化传播有限公司
280 280 1529104551470 戴姆勒大中华区投资有限公司
281 281 1536104535211 北京鑫荣茂耐磨材料有限公司
282 282 1541104481039 北京新意互动广告有限公司
283 283 1555104619586 北京腾昊博远设备安装工程有限公司
284 284 1566104528683 北京市见地社会组织能力建设促进中心
285 285 1572104531043 国兴双安（北京）物资有限公司
286 286 1574104479993 河北建设集团有限公司北京丰台分公司
287 287 1583104600209 国金黄金集团有限公司
288 288 1585104535350 北京鸿坤伟业房地产开发有限公司
289 289 1595104518774 北京哥伦伟业建筑装饰工程有限公司
290 290 1601104483873 北京盘古氏投资有限公司
291 291 1604104496525 SMC（中国）有限公司
292 292 1605104617584 北京佳朋创业科技有限公司
293 293 1615104512596 北京兴业源投资有限公司
294 294 1615104530841 北京迪玛克医药科技有限公司
295 295 1622104615154 北京实创鸿源建筑劳务有限公司
296 296 1624104562315 北京纳通医疗技术有限公司
297 297 1625104485404 中信国安投资有限公司
298 298 1629104496532 SMC（中国）有限公司
299 299 1643104574685 北京韩美药品有限公司
300 300 1644104567488 北京瑞征汽车贸易有限公司
301 301 1649104493745 北京白家大院饮食文化传播有限公司
302 302 1649104550779 中国兵器工业集团公司
303 303 1673104543931 北京星球通科技发展有限公司
304 304 1675104608703 北京市兴顺达客运有限责任公司
305 305 1685104485381 中信国安投资有限公司
306 306 1685104530592 北京同奥利建筑装饰工程有限公司
307 307 1703104551465 戴姆勒大中华区投资有限公司
308 308 1706104556345 北京振兴亚北土地开发有限公司
309 309 1718104544175 北京盛达青峻金属制品有限公司
310 310 1723104610147 西马克技术（北京）有限公司
311 311 1726104491699 北京银信长远科技股份有限公司
312 312 1726104537057 北京市闪联信息产业协会
313 313 1736104551483 戴姆勒大中华区投资有限公司
314 314 1769104560933 北京北方出租汽车有限责任公司
-10-
315 315 1776104546123 北京瑞宏亚科技有限公司
316 316 1778104536455 北京华滨投资有限公司华滨国际大酒店
317 317 1780104535362 北京鸿坤伟业房地产开发有限公司
318 318 1784104553961 北京市自来水集团有限责任公司
319 319 1789104547177 北京嘉蓝德科技有限公司
320 320 1790104483408 北京市武术运动协会空手道委员会
321 321 1793104603058 北京东方嘉诚科贸有限公司
322 322 1794104610145 西马克技术（北京）有限公司
323 323 1801104591529 神州长城国际工程有限公司
324 324 1802104535351 北京鸿坤伟业房地产开发有限公司
325 325 1830104578707 奥迪（中国）企业管理有限公司
326 326 1835104552341 北京地海森波网络技术有限责任公司
327 327 1845104480840 北京比特易湃信息技术有限公司
328 328 1850104576537 北京市建筑设计研究院有限公司
329 329 1851104563433 山东玲珑轮胎股份有限公司北京销售分
公司
330 330 1865104530429 北京科富兴科技有限公司
331 331 1872104584596 北京市中逸律师事务所
332 332 1877104611902 北京三达德科技发展有限公司
333 333 1892104488009 北京科诚中业汽车零部件制造有限公司
334 334 1899104581247 北京鑫子时科技有限公司
335 335 1913104482266 北京北汽九龙出租汽车股份有限公司
336 336 1914104559972 北京现代汽车有限公司工会
337 337 1916104580958 北京中科金财科技股份有限公司
338 338 1917104576502 北京市建筑设计研究院有限公司
339 339 1924104514558 北京柏翠酒业连锁股份有限公司
340 340 1925104568154 北京东风南方汽车销售服务有限公司
341 341 1933104604415 北京齐尔布莱特科技有限公司
342 342 1943104615501 北京乾风劲杰科技发展有限公司
343 343 1947104566032 北京市中尚律师事务所
344 344 1963104575532 北京实利通和科技发展有限公司
345 345 1969104573821 北京格通律师事务所
346 346 1977104592900 北京天成瑞源电缆有限公司
347 347 1989104591311 北京升华电梯有限公司
348 348 1993104598561 北京道尔道振动控制技术有限公司
349 349 2007104481030 北京新意互动广告有限公司
350 350 2020104488675 北京立思辰科技股份有限公司
351 351 2023104604047 北京京威世纪建筑大厦有限公司
-11-
352 352 2026104604310 北京车之家信息技术有限公司
353 353 2048104574675 北京韩美药品有限公司
354 354 2049104481024 北京新意互动广告有限公司
355 355 2059104492033 北京鑫万佳科技发展有限公司
356 356 2059104568156 北京东风南方汽车销售服务有限公司
357 357 2065104514034 大唐财富投资管理有限公司
358 358 2071104496023 北京市铭基律师事务所
359 359 2072104590435 北京中林智艺技术有限公司
360 360 2079104535360 北京鸿坤伟业房地产开发有限公司
361 361 2084104480850 北京比特易湃信息技术有限公司
362 362 2086104569220 北京五方中冀汽车销售有限公司
363 363 2088104479992 河北建设集团有限公司北京丰台分公司
364 364 2100104521998 完美世界（北京）网络技术有限公司
365 365 2106104575531 北京实利通和科技发展有限公司
366 366 2113104484369 北京瑞普北光电子有限公司
367 367 2120104480566 北京易车互联信息技术有限公司
368 368 2123104562314 北京纳通医疗技术有限公司
369 369 2124104604399 北京齐尔布莱特科技有限公司
370 370 2125104526955 北京中关村开发建设股份有限公司第四
建筑工程分公司
371 371 2132104591984 北京岐辉达金属制品有限公司
372 372 2135104530843 北京迪玛克医药科技有限公司
373 373 2138104608743 北京市兴顺达客运有限责任公司
374 374 2140104490090 北京三和药业有限公司
375 375 2146104512649 中融汇投资担保有限公司
376 376 2147104478615 北京怀柔学梓幼儿园
377 377 2149104608285 北京恒富物业服务有限公司
378 378 2173104574677 北京韩美药品有限公司
379 379 2173104610143 西马克技术（北京）有限公司
380 380 2180104483404 北京翰祺环境技术有限公司
381 381 2189104576540 北京市建筑设计研究院有限公司
382 382 2192104488870 北京融世杰机械设备有限公司
383 383 2196104541155 蓝色港湾有限公司
384 384 2199104512646 中融汇投资担保有限公司
385 385 2205104610150 西马克技术（北京）有限公司
386 386 2213104608627 北京精英智通科技股份有限公司
387 387 2221104492724 京铁物流有限公司
388 388 2229104551475 戴姆勒大中华区投资有限公司
-12-
389 389 2237104551291 北京英之杰天祥汽车技术服务有限公司
390 390 2243104559347 宁波银行股份有限公司北京分行
391 391 2256104523567 北京乐通律师事务所
392 392 2270104504387 北京市联法律师事务所
393 393 2272104603588 天马华源停车设备（北京）有限公司
394 394 2275104522023 完美世界（北京）网络技术有限公司
395 395 2279104615192 北京德创鸿源装饰工程有限公司
396 396 2280104553949 北京市自来水集团有限责任公司
397 397 2287104481025 北京新意互动广告有限公司
398 398 2294104562324 北京纳通医疗技术有限公司
399 399 2295104523812 北京市海淀区啄木鸟教育培训学校
400 400 2300104574671 北京韩美药品有限公司
401 401 2314104604391 北京齐尔布莱特科技有限公司
402 402 2324104576530 北京市建筑设计研究院有限公司
403 403 2335104484216 北京中盾安民分析技术有限公司
404 404 2336104480855 北京比特易湃信息技术有限公司
405 405 2338104526950 北京中关村开发建设股份有限公司第四
建筑工程分公司
406 406 2339104484367 北京瑞普北光电子有限公司
407 407 2358104612288 北京胜鸿都汽车销售服务有限公司
408 408 2363104505241 北京看购科技有限公司
409 409 2373104484239 北京中盾安民分析技术有限公司
410 410 2375104535356 北京鸿坤伟业房地产开发有限公司
411 411 2406104514618 北京华信通电讯有限公司
412 412 2427104486693 北京顺晓昌盛商贸中心
413 413 2436104534192 北京祥伦律师事务所
414 414 2439104578694 奥迪（中国）企业管理有限公司
415 415 2444104562397 北京威联德骨科技术有限公司
416 416 2446104583431 北京艺融国际拍卖有限公司
417 417 2449104548845 北京久其软件股份有限公司
418 418 2470104483864 北京盘古氏投资有限公司
419 419 2470104553027 北京首都航空有限公司
420 420 2486104608724 北京市兴顺达客运有限责任公司
421 421 2490104481038 北京新意互动广告有限公司
422 422 2510104611335 北京昆仑联通科技发展有限公司
423 423 2514104550782 中国兵器工业集团公司
424 424 2516104522137 北京电影电视艺术家协会
425 425 2517104497999 华创科技（北京）股份有限公司
-13-
426 426 2520104541153 蓝色港湾有限公司
427 427 2525104604405 北京齐尔布莱特科技有限公司
428 428 2531104604307 北京车之家信息技术有限公司
429 429 2533104481046 北京新意互动广告有限公司
430 430 2538104498159 北京闽嘉德贸易有限公司
431 431 2552104557048 北京博远嘉信企业管理咨询有限公司
432 432 2562104480666 北京易车互动广告有限公司
433 433 2570104514622 北京华信通电讯有限公司
434 434 2581104576529 北京市建筑设计研究院有限公司
435 435 2598104551292 北京英之杰天祥汽车技术服务有限公司
436 436 2604104506957 北京申安投资集团有限公司
437 437 2615104556215 北京洪天力药业有限公司
438 438 2625104485961 北京南北天地科技股份有限公司
439 439 2628104500998 安邦财产保险股份有限公司北京分公司
440 440 2629104541152 蓝色港湾有限公司
441 441 2634104576533 北京市建筑设计研究院有限公司
442 442 2638104481023 北京新意互动广告有限公司
443 443 2638104483973 中国通信工业协会移动电话售后服务委
员会
444 444 2640104562392 北京威联德骨科技术有限公司
445 445 2650104512645 中融汇投资担保有限公司
446 446 2657104526945 北京中关村开发建设股份有限公司第四
建筑工程分公司
447 447 2658104617868 北京市富润律师事务所
448 448 2663104480665 北京易车互动广告有限公司
449 449 2666104485773 北京市鹏达铁合金加工厂
450 450 2666104497997 华创科技（北京）股份有限公司
451 451 2682104507206 北京市浩天信和律师事务所
452 452 2691104535357 北京鸿坤伟业房地产开发有限公司
453 453 2693104482243 北京北汽九龙出租汽车股份有限公司
454 454 2694104480863 北京比特易湃信息技术有限公司
455 455 2699104480841 北京比特易湃信息技术有限公司
456 456 2700104548425 极草春天（北京）科技有限公司
457 457 2710104484237 北京中盾安民分析技术有限公司
458 458 2715104604398 北京齐尔布莱特科技有限公司
459 459 2717104489749 时代华睿（北京）科技有限公司
460 460 2721104480573 北京易车互联信息技术有限公司
461 461 2724104485402 中信国安投资有限公司
-14-
462 462 2725104500995 安邦财产保险股份有限公司北京分公司
463 463 2727104564045 北京中恒博瑞数字电力科技有限公司
464 464 2728104491501 北京蓝山科技股份有限公司
465 465 2730104483863 北京盘古氏投资有限公司
466 466 2745104591532 神州长城国际工程有限公司
467 467 2748104602174 北京信豫投资管理有限公司
468 468 2752104551461 戴姆勒大中华区投资有限公司
469 469 2753104556348 北京振兴亚北土地开发有限公司
470 470 2758104481035 北京新意互动广告有限公司
471 471 2767104562328 北京纳通医疗技术有限公司
472 472 2769104535366 北京鸿坤伟业房地产开发有限公司
473 473 2786104550804 中国兵器工业集团公司
474 474 2789104483857 北京盘古氏投资有限公司
475 475 2790104489130 广东大潮建筑装饰工程有限公司北京分
公司
476 476 2798104483870 北京盘古氏投资有限公司
477 477 2807104484278 北京星网宇达科技股份有限公司
478 478 2813104550780 中国兵器工业集团公司
479 479 2819104604305 北京车之家信息技术有限公司
480 480 2819104604595 北京时代龙翔文化发展中心
481 481 2821104574670 北京韩美药品有限公司
482 482 2826104516815 江苏省苏中建设集团股份有限公司北京
通州分公司
483 483 2830104604328 北京福思维科技发展有限公司
484 484 2837104480576 北京易车互联信息技术有限公司
485 485 2841104604330 北京福思维科技发展有限公司
486 486 2842104604496 北京海量数据技术股份有限公司
487 487 2845104485399 中信国安投资有限公司
488 488 2850104498002 华创科技（北京）股份有限公司
489 489 2857104600206 国金黄金集团有限公司
490 490 2860104590903 北京泓毅博泰机电设备有限公司
491 491 2867104526949 北京中关村开发建设股份有限公司第四
建筑工程分公司
492 492 2867104591683 北京盛世泰和国际贸易有限公司
493 493 2874104604408 北京齐尔布莱特科技有限公司
494 494 2876104547788 北京方瑞铸造有限公司
495 495 2884104482563 北京好伦哥餐饮有限公司
496 496 2886104576893 中新凯悦传媒集团有限公司
-15-
497 497 2900104521100 北京比亚迪模具有限公司
498 498 2902104535139 北京汇丰利餐饮管理有限公司
499 499 2908104590962 北京中冷物流有限公司
500 500 2911104564043 北京中恒博瑞数字电力科技有限公司
501 501 2918104521105 北京比亚迪模具有限公司
502 502 2927104551690 北京派瑞威行广告有限公司
503 503 2929104550858 北京联龙博通电子商务技术有限公司
504 504 2937104562317 北京纳通医疗技术有限公司
505 505 2951104535323 北京鸿坤伟业房地产开发有限公司
506 506 2951104543810 北京市海淀区北京世纪人才培训中心
507 507 2952104576010 北京本草方源药业有限公司
508 508 2958104487644 北京雅奥达科技有限公司
509 509 2970104506958 北京申安投资集团有限公司
510 510 2978104580921 北京天行网安信息技术有限责任公司
511 511 2983104590961 北京中冷物流有限公司
512 512 2996104491474 北京中经赛博科技有限公司
513 513 3005104571333 北京市海淀区大众健身咨询服务中心
514 514 3009104483860 北京盘古氏投资有限公司
515 515 3009104600586 北京盛拓车之家广告有限公司
516 516 3013104480568 北京易车互联信息技术有限公司
517 517 3015104592905 北京天成瑞源电缆有限公司
518 518 3028104553934 北京市自来水集团有限责任公司
519 519 3033104480727 中国和平发展基金会
520 520 3035104481568 中国（香港）品牌认证协会有限公司北
京代表处
521 521 3039104574694 北京韩美药品有限公司
522 522 3043104563427 山东玲珑轮胎股份有限公司北京销售分
公司
523 523 3058104562323 北京纳通医疗技术有限公司
524 524 3059104528212 法制晚报社
525 525 3061104488868 北京融世杰机械设备有限公司
526 526 3068104608735 北京市兴顺达客运有限责任公司
527 527 3071104551466 戴姆勒大中华区投资有限公司
528 528 3072104550825 中国兵器工业集团公司
529 529 3074104615005 北京军洋鑫业房地产有限公司
530 530 3077104516814 江苏省苏中建设集团股份有限公司北京
通州分公司
531 531 3091104535345 北京鸿坤伟业房地产开发有限公司
-16-
532 532 3095104607413 北京方艺佳制衣有限责任公司
533 533 3100104553953 北京市自来水集团有限责任公司
534 534 3103104550822 中国兵器工业集团公司
535 535 3105104484370 北京瑞普北光电子有限公司
536 536 3105104488256 北京市朝阳区十八里店乡老君堂村经济
合作社
537 537 3108104574666 北京韩美药品有限公司
538 538 3114104614888 北京简单科技有限公司
539 539 3119104604042 北京京威世纪建筑大厦有限公司
540 540 3136104598214 北京航瀛精诚科技有限公司
541 541 3144104521126 北京比亚迪模具有限公司
542 542 3149104480571 北京易车互联信息技术有限公司
543 543 3162104558110 北京中汽雷日汽车有限公司
544 544 3170104498473 北京宝利信通科技有限公司
545 545 3174104480847 北京比特易湃信息技术有限公司
546 546 3178104522003 完美世界（北京）网络技术有限公司
547 547 3186104574682 北京韩美药品有限公司
548 548 3190104558108 北京中汽雷日汽车有限公司
549 549 3191104564123 北京杰利阳能源设备制造有限公司
550 550 3202104604334 北京福思维科技发展有限公司
551 551 3211104564040 北京中恒博瑞数字电力科技有限公司
552 552 3222104591531 神州长城国际工程有限公司
553 553 3226104513807 新湖财富投资管理有限公司
554 554 3228104488867 北京融世杰机械设备有限公司
555 555 3234104514624 北京华信通电讯有限公司
556 556 3237104604059 北京京威世纪建筑大厦有限公司
557 557 3243104604313 北京车之家信息技术有限公司
558 558 3244104592903 北京天成瑞源电缆有限公司
559 559 3251104480570 北京易车互联信息技术有限公司
560 560 3261104512620 中融汇投资担保有限公司
561 561 3261104551486 戴姆勒大中华区投资有限公司
562 562 3262104522007 完美世界（北京）网络技术有限公司
563 563 3264104558112 北京中汽雷日汽车有限公司
564 564 3267104483874 北京盘古氏投资有限公司
565 565 3270104496528 SMC（中国）有限公司
566 566 3278104604337 北京福思维科技发展有限公司
567 567 3280104521999 完美世界（北京）网络技术有限公司
568 568 3280104550824 中国兵器工业集团公司
-17-
569 569 3293104480859 北京比特易湃信息技术有限公司
570 570 3301104513811 新湖财富投资管理有限公司
571 571 3305104591312 北京升华电梯有限公司
572 572 3308104576524 北京市建筑设计研究院有限公司
573 573 3313104608745 北京市兴顺达客运有限责任公司
574 574 3317104481742 北京大董烤鸭店有限责任公司
575 575 3323104620608 北京海纳川汽车部件股份有限公司北京
分公司
576 576 3327104612104 北京宜通华瑞科技有限公司
577 577 3329104535137 北京汇丰利餐饮管理有限公司
578 578 3342104526691 大连经济技术开发区三野经贸有限公司
北京海淀第一分公司
579 579 3343104535364 北京鸿坤伟业房地产开发有限公司
580 580 3351104604387 北京齐尔布莱特科技有限公司
581 581 3358104578698 奥迪（中国）企业管理有限公司
582 582 3360104550810 中国兵器工业集团公司
583 583 3362104558847 北京万兴建筑集团有限公司二分公司
584 584 3370104483869 北京盘古氏投资有限公司
585 585 3374104604053 北京京威世纪建筑大厦有限公司
586 586 3377104480565 北京易车互联信息技术有限公司
587 587 3380104563428 山东玲珑轮胎股份有限公司北京销售分
公司
588 588 3382104613573 北京北卫物业管理有限公司
589 589 3385104521111 北京比亚迪模具有限公司
590 590 3399104564034 北京中恒博瑞数字电力科技有限公司
591 591 3403104583187 北京京松达商贸有限公司
592 592 3405104604338 北京福思维科技发展有限公司
593 593 3408104482264 北京北汽九龙出租汽车股份有限公司
594 594 3412104537743 老房子（北京）投资顾问有限公司
595 595 3418104484238 北京中盾安民分析技术有限公司
596 596 3419104535348 北京鸿坤伟业房地产开发有限公司
597 597 3438104578695 奥迪（中国）企业管理有限公司
598 598 3440104484212 北京中盾安民分析技术有限公司
599 599 3459104551462 戴姆勒大中华区投资有限公司
600 600 3461104604407 北京齐尔布莱特科技有限公司
601 601 3470104485405 中信国安投资有限公司
602 602 3476104550001 盛隆电气（北京）有限公司
603 603 3496104484221 北京中盾安民分析技术有限公司
-18-
604 604 3498104598375 农银国际（中国）投资有限公司
605 605 3499104558846 北京万兴建筑集团有限公司二分公司
606 606 3513104485383 中信国安投资有限公司
607 607 3517104509700 北京市旧机动车交易市场有限公司
608 608 3526104558442 北京和佳汇智技术有限公司
609 609 3542104551484 戴姆勒大中华区投资有限公司
610 610 3547104625371 北京市邦成律师事务所
611 611 3553104478144 北京市海淀区凤凰老年养护院
612 612 3554104551478 戴姆勒大中华区投资有限公司
613 613 3564104526922 北京中关村开发建设股份有限公司第四
建筑工程分公司
614 614 3565104511309 北京合力鑫睿信息技术有限公司
615 615 3565104530611 北京中软万维网络技术有限公司
616 616 3571104574672 北京韩美药品有限公司
617 617 3578104600183 国金黄金集团有限公司
618 618 3593104507396 北京讯奇连城商务服务有限公司
619 619 3601104514621 北京华信通电讯有限公司
620 620 3603104484271 北京星网宇达科技股份有限公司
621 621 3606104578699 奥迪（中国）企业管理有限公司
622 622 3607104553524 北京市燃气集团有限责任公司第二分公
司
623 623 3610104550993 北京真浩泰汽车销售有限公司
624 624 3612104567486 北京瑞征汽车贸易有限公司
625 625 3616104491674 湛江市人民政府驻北京联络处
626 626 3619104604416 北京齐尔布莱特科技有限公司
627 627 3628104530844 北京迪玛克医药科技有限公司
628 628 3645104493744 北京白家大院饮食文化传播有限公司
629 629 3664104483858 北京盘古氏投资有限公司
630 630 3666104553957 北京市自来水集团有限责任公司
631 631 3676104522005 完美世界（北京）网络技术有限公司
632 632 3679104473038 北京中税汇通财务管理咨询有限公司
633 633 3679104608726 北京市兴顺达客运有限责任公司
634 634 3702104550806 中国兵器工业集团公司
635 635 3704104509703 北京市旧机动车交易市场有限公司
636 636 3711104551457 戴姆勒大中华区投资有限公司
637 637 3715104551290 北京英之杰天祥汽车技术服务有限公司
638 638 3718104513799 新湖财富投资管理有限公司
639 639 3724104522016 完美世界（北京）网络技术有限公司
-19-
640 640 3726104480865 北京比特易湃信息技术有限公司
641 641 3728104588630 北京天来印务有限公司
642 642 3730104553024 北京首都航空有限公司
643 643 3739104604036 北京京威世纪建筑大厦有限公司
644 644 3745104527550 北京东方艾狄尔会展有限公司
645 645 3755104481036 北京新意互动广告有限公司
646 646 3756104611730 斯帝卡（北京）体育用品有限公司
647 647 3771104491581 北京朝阳急诊抢救中心
648 648 3771104603405 北京市平谷区妇幼保健院（北京市平谷
区牙病防治所）
649 649 3781104552094 北京中普网信息技术有限公司
650 650 3781104556214 北京洪天力药业有限公司
651 651 3782104538333 加拿大超值教育集团有限公司北京代表
处
652 652 3792104503163 中国中建设计集团有限公司
653 653 3792104604056 北京京威世纪建筑大厦有限公司
654 654 3795104482562 北京好伦哥餐饮有限公司
655 655 3801104550859 北京联龙博通电子商务技术有限公司
656 656 3805104578706 奥迪（中国）企业管理有限公司
657 657 3809104564905 江河创建集团股份有限公司
658 658 3827104514811 北京捷安通达科贸有限公司
659 659 3833104480567 北京易车互联信息技术有限公司
660 660 3835104558105 北京中汽雷日汽车有限公司
661 661 3850104562339 北京纳威德医疗器械有限公司
662 662 3862104543932 北京星球通科技发展有限公司
663 663 3863104607268 北京南银物业管理有限公司
664 664 3865104562162 洲际北方建筑装饰（北京）有限公司
665 665 3865104567487 北京瑞征汽车贸易有限公司
666 666 3868104481027 北京新意互动广告有限公司
667 667 3874104496301 中关村发展集团股份有限公司
668 668 3880104604051 北京京威世纪建筑大厦有限公司
669 669 3881104559361 宁波银行股份有限公司北京分行
670 670 3905104480569 北京易车互联信息技术有限公司
671 671 3906104576501 北京市建筑设计研究院有限公司
672 672 3909104553958 北京市自来水集团有限责任公司
673 673 3912104604409 北京齐尔布莱特科技有限公司
674 674 3918104565193 北京大成国测科技有限公司
675 675 3919104490089 北京三和药业有限公司
-20-
676 676 3926104513803 新湖财富投资管理有限公司
677 677 3937104509702 北京市旧机动车交易市场有限公司
678 678 3942104564037 北京中恒博瑞数字电力科技有限公司
679 679 3943104578717 奥迪（中国）企业管理有限公司
680 680 3951104545993 北京宏鹏广告有限公司
681 681 3956104521122 北京比亚迪模具有限公司
682 682 3961104573743 北京均友欣业科技有限公司
683 683 3966104480668 北京易车互动广告有限公司
684 684 3972104535368 北京鸿坤伟业房地产开发有限公司
685 685 4003104591534 神州长城国际工程有限公司
686 686 4003104615010 北京军洋鑫业房地产有限公司
687 687 4004104557240 资和信电子支付有限公司
688 688 4022104545456 北京市海淀区翠湖敬老院
689 689 4038104519832 北京美菱电器营销有限公司
690 690 4040104562318 北京纳通医疗技术有限公司
691 691 4041104490088 北京三和药业有限公司
692 692 4041104503186 中国中建设计集团有限公司
693 693 4052104483876 北京盘古氏投资有限公司
694 694 4063104498383 北京黎明文仪家具有限公司
695 695 4066104573126 北京道州企业商会
696 696 4076104533227 北京民丰祥和建筑工程有限公司
697 697 4080104482241 北京北汽九龙出租汽车股份有限公司
698 698 4082104491502 北京蓝山科技股份有限公司
699 699 4086104611693 北京燕东微电子有限公司
700 700 4094104513800 新湖财富投资管理有限公司
701 701 4108104561543 北京东方路安商贸有限公司
702 702 4114104563320 北京北航冠新世纪软件有限公司
703 703 4121104568153 北京东风南方汽车销售服务有限公司
704 704 4133104558092 北京中汽雷日汽车有限公司
705 705 4143104558103 北京中汽雷日汽车有限公司
706 706 4173104592945 北京耘美文化传媒有限公司
707 707 4181104482440 北京维盛网域科技有限公司
708 708 4192104591533 神州长城国际工程有限公司
709 709 4223104574605 北京世纪睿科系统技术有限公司
710 710 4228104553023 北京首都航空有限公司
711 711 4232104487991 北京纪曼诺服饰有限公司
712 712 4234104500994 安邦财产保险股份有限公司北京分公司
713 713 4237104600587 北京盛拓车之家广告有限公司
-21-
714 714 4247104571594 北京市海淀区理工文化培训学校
715 715 4266104576009 北京本草方源药业有限公司
716 716 4267104484231 北京中盾安民分析技术有限公司
717 717 4274104484274 北京星网宇达科技股份有限公司
718 718 4290104472697 北京金时利物流有限公司
719 719 4294104509699 北京市旧机动车交易市场有限公司
720 720 4295104485377 中信国安投资有限公司
721 721 4305104604414 北京齐尔布莱特科技有限公司
722 722 4308104512647 中融汇投资担保有限公司
723 723 4325104608741 北京市兴顺达客运有限责任公司
724 724 4329104574668 北京韩美药品有限公司
725 725 4336104500997 安邦财产保险股份有限公司北京分公司
726 726 4337104491475 北京中经赛博科技有限公司
727 727 4341104575761 北京诚达兴盛医疗器械有限公司
728 728 4342104480846 北京比特易湃信息技术有限公司
729 729 4351104489748 时代华睿（北京）科技有限公司
730 730 4360104485378 中信国安投资有限公司
731 731 4360104514625 北京华信通电讯有限公司
732 732 4362104564041 北京中恒博瑞数字电力科技有限公司
733 733 4368104484270 北京星网宇达科技股份有限公司
734 734 4374104496531 SMC（中国）有限公司
735 735 4376104521846 北京中进万国汽车销售服务有限公司
736 736 4386104499404 北京旗舰物流有限公司
737 737 4390104489744 时代华睿（北京）科技有限公司
738 738 4396104573832 北京古德之光照明科技有限公司
739 739 4396104608733 北京市兴顺达客运有限责任公司
740 740 4399104489746 时代华睿（北京）科技有限公司
741 741 4405104490101 北京奥澎科技开发有限公司
742 742 4411104513928 北京倡衡律师事务所
743 743 4415104598815 COMLAB（北京）通信系统设备有限公司
744 744 4419104513817 新湖财富投资管理有限公司
745 745 4423104492028 北京鑫万佳科技发展有限公司
746 746 4430104553948 北京市自来水集团有限责任公司
747 747 4433104546631 北京北汽模塑科技有限公司
748 748 4435104513814 新湖财富投资管理有限公司
749 749 4440104604406 北京齐尔布莱特科技有限公司
750 750 4441104508163 北京华诚众智科技有限公司
751 751 4444104614889 北京简单科技有限公司
-22-
752 752 4447104521102 北京比亚迪模具有限公司
753 753 4449104472393 北京市顺义区雅芳助老服务中心
754 754 4455104553956 北京市自来水集团有限责任公司
755 755 4467104504146 北京京鼎大厦有限公司
756 756 4467104562313 北京纳通医疗技术有限公司
757 757 4475104491700 北京银信长远科技股份有限公司
758 758 4476104633196 北京尚品宅配家居用品有限公司
759 759 4478104615001 北京军洋鑫业房地产有限公司
760 760 4483104553522 北京市燃气集团有限责任公司第二分公
司
761 761 4491104513796 新湖财富投资管理有限公司
762 762 4497104568157 北京东风南方汽车销售服务有限公司
763 763 4503104530612 北京中软万维网络技术有限公司
764 764 4510104604003 北京光耀东方商业管理有限公司
765 765 4519104483859 北京盘古氏投资有限公司
766 766 4520104532415 北京东方汇富科技有限公司
767 767 4522104536453 北京华滨投资有限公司华滨国际大酒店
768 768 4525104624988 北京久安建设投资集团有限公司
769 769 4529104497450 北京启能万维科技有限公司
770 770 4529104512623 中融汇投资担保有限公司
771 771 4531104523162 北京捷成汽车服务有限公司
772 772 4532104480866 北京比特易湃信息技术有限公司
773 773 4547104498003 华创科技（北京）股份有限公司
774 774 4549104498001 华创科技（北京）股份有限公司
775 775 4552104481032 北京新意互动广告有限公司
776 776 4559104522014 完美世界（北京）网络技术有限公司
777 777 4565104604479 北京兴国林建筑装饰有限公司
778 778 4584104573594 北京宇阳昊天科技有限公司
779 779 4591104608736 北京市兴顺达客运有限责任公司
780 780 4610104578718 奥迪（中国）企业管理有限公司
781 781 4622104620602 北京海纳川汽车部件股份有限公司北京
分公司
782 782 4637104558096 北京中汽雷日汽车有限公司
783 783 4640104551289 北京英之杰天祥汽车技术服务有限公司
784 784 4648104484240 北京中盾安民分析技术有限公司
785 785 4661104608293 北京恒富物业服务有限公司
786 786 4662104607958 北京龙熙顺景房地产开发有限责任公司
787 787 4672104500996 安邦财产保险股份有限公司北京分公司
-23-
788 788 4678104587854 北京北科欧远科技有限公司
789 789 4689104550823 中国兵器工业集团公司
790 790 4690104553959 北京市自来水集团有限责任公司
791 791 4695104624987 北京久安建设投资集团有限公司
792 792 4698104556347 北京振兴亚北土地开发有限公司
793 793 4702104508517 北京博艺佳美印刷技术有限公司
794 794 4708104535359 北京鸿坤伟业房地产开发有限公司
795 795 4737104509989 北京碧生源商贸有限公司
796 796 4742104583432 北京艺融国际拍卖有限公司
797 797 4748104510590 北京必胜客比萨饼有限公司
798 798 4758104614998 北京军洋鑫业房地产有限公司
799 799 4772104483866 北京盘古氏投资有限公司
800 800 4772104592825 莱茵泓泰电梯（北京）有限公司
801 801 4775104536454 北京华滨投资有限公司华滨国际大酒店
802 802 4781104481021 北京新意互动广告有限公司
803 803 4781104592904 北京天成瑞源电缆有限公司
804 804 4788104496302 中关村发展集团股份有限公司
805 805 4794104578714 奥迪（中国）企业管理有限公司
806 806 4801104604308 北京车之家信息技术有限公司
807 807 4803104510733 北京红社会公益基金会
808 808 4805104484222 北京中盾安民分析技术有限公司
809 809 4808104521139 北京银达物业管理有限责任公司
810 810 4811104483802 北京阳光凤凰资产管理有限公司
811 811 4820104559302 宁波银行股份有限公司北京分行
812 812 4826104546638 北京柏莱特视听设备租赁有限公司
813 813 4840104575533 北京实利通和科技发展有限公司
814 814 4844104484214 北京中盾安民分析技术有限公司
815 815 4848104521117 北京比亚迪模具有限公司
816 816 4851104553955 北京市自来水集团有限责任公司
817 817 4852104568146 北京东风南方汽车销售服务有限公司
818 818 4853104482268 北京北汽九龙出租汽车股份有限公司
819 819 4861104578713 奥迪（中国）企业管理有限公司
820 820 4866104481044 北京新意互动广告有限公司
821 821 4866104604412 北京齐尔布莱特科技有限公司
822 822 4874104523950 国赫联行（北京）国际商务服务有限公
司
823 823 4874104550807 中国兵器工业集团公司
824 824 4880104559359 宁波银行股份有限公司北京分行
-24-
825 825 4884104550808 中国兵器工业集团公司
826 826 4885104534801 北京国电龙源京海电气工程安装有限公
司
827 827 4890104567201 北京建信衡工程管理有限公司
828 828 4900104483872 北京盘古氏投资有限公司
829 829 4905104506324 北京中天力合商贸有限公司
830 830 4905104566143 北京卓明物业管理有限公司
831 831 4911104516813 江苏省苏中建设集团股份有限公司北京
通州分公司
832 832 4916104604413 北京齐尔布莱特科技有限公司
833 833 4917104497996 华创科技（北京）股份有限公司
834 834 4918104560931 北京北方出租汽车有限责任公司
835 835 4926104552696 北京长虹建筑工程有限公司
836 836 4929104558104 北京中汽雷日汽车有限公司
837 837 4934104551473 戴姆勒大中华区投资有限公司
838 838 4938104521848 北京迅达成消防工程有限责任公司第五
分公司
839 839 4945104574691 北京韩美药品有限公司
840 840 4963104613572 北京中航七星蜂窝复合材料有限公司
841 841 4971104489271 北京华特利新能源科技有限公司
842 842 4978104615012 北京军洋鑫业房地产有限公司
843 843 4980104565160 北京润邦通达科技有限公司
844 844 4995104611631 北京兴亦兴区域电动小客车出租有限公
司
845 845 4996104551468 戴姆勒大中华区投资有限公司
846 846 5002104546802 盛世笔特（北京）模型设计有限公司
847 847 5012104522017 完美世界（北京）网络技术有限公司
848 848 5012104558098 北京中汽雷日汽车有限公司
849 849 5020104577073 北京肯德基有限公司
850 850 5022104564033 北京中恒博瑞数字电力科技有限公司
851 851 5025104503513 中博银晟（北京）文化传播有限公司
852 852 5026104522010 完美世界（北京）网络技术有限公司
853 853 5026104552359 中国城市发展研究会城市艺术专业委员
会
854 854 5028104550916 北京国能伏安节能科技有限公司
855 855 5029104604317 北京车之家信息技术有限公司
856 856 5030104495645 北京法昂律师事务所
857 857 5035104557640 北京华安麦科生物技术有限公司
-25-
858 858 5037104614368 北京天安兴达石油科技有限公司
859 859 5038104578708 奥迪（中国）企业管理有限公司
860 860 5039104604043 北京京威世纪建筑大厦有限公司
861 861 5050104562326 北京纳通医疗技术有限公司
862 862 5053104528086 北京市顺义区绿港社会工作事务所
863 863 5056104537619 北京阔博包装机械设备有限公司工会
864 864 5060104484232 北京中盾安民分析技术有限公司
865 865 5066104604306 北京车之家信息技术有限公司
866 866 5072104487617 北京韩一理化科技有限公司
867 867 5073104543929 北京星球通科技发展有限公司
868 868 5074104574680 北京韩美药品有限公司
869 869 5079104484213 北京中盾安民分析技术有限公司
870 870 5094104592304 北京美斯齐文化科技有限公司
871 871 5100104512648 中融汇投资担保有限公司
872 872 5101104568151 北京东风南方汽车销售服务有限公司
873 873 5106104533224 北京民丰祥和建筑工程有限公司
874 874 5108104651862 北京怡心养老服务中心
875 875 5120104562321 北京纳通医疗技术有限公司
876 876 5121104578716 奥迪（中国）企业管理有限公司
877 877 5123104527548 北京东方艾狄尔会展有限公司
878 878 5128104560929 北京北方出租汽车有限责任公司
879 879 5138104578700 奥迪（中国）企业管理有限公司
880 880 5141104600182 国金黄金集团有限公司
881 881 5142104491702 北京银信长远科技股份有限公司
882 882 5146104600207 国金黄金集团有限公司
883 883 5152104604039 北京京威世纪建筑大厦有限公司
884 884 5166104560935 北京北方出租汽车有限责任公司
885 885 5172104541157 蓝色港湾有限公司
886 886 5176104558091 北京中汽雷日汽车有限公司
887 887 5182104480574 北京易车互联信息技术有限公司
888 888 5192104558082 北京中科美伦医疗股份有限公司
889 889 5199104543935 北京星球通科技发展有限公司
890 890 5207104498379 北京黎明文仪家具有限公司
891 891 5209104550746 北京市塞外香驴大酒楼
892 892 5218104553944 北京市自来水集团有限责任公司
893 893 5234104495542 北京德彦兴业科贸有限公司
894 894 5236104604034 北京京威世纪建筑大厦有限公司
895 895 5243104615191 北京德创鸿源装饰工程有限公司
-26-
896 896 5245104516819 江苏省苏中建设集团股份有限公司北京
通州分公司
897 897 5246104580388 北京星洲文化发展有限公司
898 898 5248104482866 中关村大学生自主创新创业就业促进会
899 899 5248104553939 北京市自来水集团有限责任公司
900 900 5262104594939 科威嘉尼（北京）科技有限公司
901 901 5265104479743 中关村融智企业管理创新推广中心
902 902 5266104522004 完美世界（北京）网络技术有限公司
903 903 5276104620601 北京海纳川汽车部件股份有限公司北京
分公司
904 904 5280104562398 北京威联德骨科技术有限公司
905 905 5292104557500 北京中强环宇科技服务有限公司
906 906 5313104620605 北京海纳川汽车部件股份有限公司北京
分公司
907 907 5327104553529 北京市燃气集团有限责任公司第二分公
司
908 908 5328104503071 北京汽车贸易中心有限公司
909 909 5329104487893 北京国电中兴电力设备有限公司
910 910 5335104608747 北京市兴顺达客运有限责任公司
911 911 5339104600205 国金黄金集团有限公司
912 912 5340104551469 戴姆勒大中华区投资有限公司
913 913 5363104485397 中信国安投资有限公司
914 914 5363104553943 北京市自来水集团有限责任公司
915 915 5368104484976 北京三和利行物业管理有限公司
916 916 5373104578701 奥迪（中国）企业管理有限公司
917 917 5374104534639 北京市金榆家园物业管理中心
918 918 5375104562319 北京纳通医疗技术有限公司
919 919 5378104531312 北京市汉衡律师事务所
920 920 5379104576499 北京市建筑设计研究院有限公司
921 921 5400104482269 北京北汽九龙出租汽车股份有限公司
922 922 5404104610138 西马克技术（北京）有限公司
923 923 5411104483875 北京盘古氏投资有限公司
924 924 5417104564042 北京中恒博瑞数字电力科技有限公司
925 925 5418104508808 北京中科国信科技股份有限公司
926 926 5432104551153 北京铭润物业管理有限公司
927 927 5439104503832 北京金泰凯迪汽车销售服务有限公司
928 928 5441104551481 戴姆勒大中华区投资有限公司
929 929 5441104556217 北京洪天力药业有限公司
-27-
930 930 5454104584228 北京星辉世纪安装工程有限公司
931 931 5459104615007 北京军洋鑫业房地产有限公司
932 932 5461104579250 北京高联汽车俱乐部有限公司
933 933 5466104509214 北京利尔高温材料股份有限公司
934 934 5480104614999 北京军洋鑫业房地产有限公司
935 935 5489104608746 北京市兴顺达客运有限责任公司
936 936 5500104550805 中国兵器工业集团公司
937 937 5501104483458 中关村英普斯蔓软件行业知识产权促进
会
938 938 5505104591310 北京升华电梯有限公司
939 939 5530104527549 北京东方艾狄尔会展有限公司
940 940 5537104615002 北京军洋鑫业房地产有限公司
941 941 5547104564048 北京中恒博瑞数字电力科技有限公司
942 942 5551104559303 宁波银行股份有限公司北京分行
943 943 5553104604040 北京京威世纪建筑大厦有限公司
944 944 5565104553523 北京市燃气集团有限责任公司第二分公
司
945 945 5566104492726 京铁物流有限公司
946 946 5575104522009 完美世界（北京）网络技术有限公司
947 947 5580104513806 新湖财富投资管理有限公司
948 948 5609104535138 北京汇丰利餐饮管理有限公司
949 949 5626104559356 宁波银行股份有限公司北京分行
950 950 5627104608739 北京市兴顺达客运有限责任公司
951 951 5654104562316 北京纳通医疗技术有限公司
952 952 5659104604335 北京福思维科技发展有限公司
953 953 5672104576548 北京市建筑设计研究院有限公司
954 954 5674104484368 北京瑞普北光电子有限公司
955 955 5680104484227 北京中盾安民分析技术有限公司
956 956 5689104503572 北京黄花城长城旅游开发有限责任公司
957 957 5695104526550 北京顺灵科技发展有限公司
958 958 5699104535387 北京盛世笔特展示服务有限公司
959 959 5711104535000 北京思泰登高动力设备有限公司
960 960 5716104484279 北京星网宇达科技股份有限公司
961 961 5720104617869 北京世纪锦华包装制品有限公司
962 962 5724104485440 北京海维芳斯家具有限公司
963 963 5724104556669 北京讯腾科技有限公司
964 964 5738104513797 新湖财富投资管理有限公司
965 965 5744104548848 北京久其软件股份有限公司
-28-
966 966 5744104599133 中国公共外交协会
967 967 5746104480864 北京比特易湃信息技术有限公司
968 968 5746104564910 江河创建集团股份有限公司
969 969 5753104535365 北京鸿坤伟业房地产开发有限公司
970 970 5771104487941 北京亿丰惠通废品回收有限公司
971 971 5772104608742 北京市兴顺达客运有限责任公司
972 972 5775104481048 北京新意互动广告有限公司
973 973 5777104620603 北京海纳川汽车部件股份有限公司北京
分公司
974 974 5779104526948 北京中关村开发建设股份有限公司第四
建筑工程分公司
975 975 5781104550781 中国兵器工业集团公司
976 976 5786104551472 戴姆勒大中华区投资有限公司
977 977 5789104559345 宁波银行股份有限公司北京分行
978 978 5792104608701 北京市兴顺达客运有限责任公司
979 979 5793104484365 北京瑞普北光电子有限公司
980 980 5801104559358 宁波银行股份有限公司北京分行
981 981 5802104507393 北京讯奇连城商务服务有限公司
982 982 5803104490087 北京三和药业有限公司
983 983 5820104513792 新湖财富投资管理有限公司
984 984 5822104571457 北京天马顺达物流有限公司
985 985 5822104591314 北京升华电梯有限公司
986 986 5825104556344 北京振兴亚北土地开发有限公司
987 987 5829104604311 北京车之家信息技术有限公司
988 988 5830104484215 北京中盾安民分析技术有限公司
989 989 5838104491701 北京银信长远科技股份有限公司
990 990 5849104514000 北京诺文化发展研究中心
991 991 5849104568149 北京东风南方汽车销售服务有限公司
992 992 5852104576532 北京市建筑设计研究院有限公司
993 993 5855104568155 北京东风南方汽车销售服务有限公司
994 994 5875104548850 北京久其软件股份有限公司
995 995 5878104574684 北京韩美药品有限公司
996 996 5885104502413 北京友恒律师事务所
997 997 5886104546831 北京鼎汉技术股份有限公司
998 998 5888104550812 中国兵器工业集团公司
999 999 5899104522013 完美世界（北京）网络技术有限公司
1000 1000 5918104574692 北京韩美药品有限公司
1001 1001 5919104480806 路德通电子设备（北京）有限公司
-29-
1002 1002 5921104604037 北京京威世纪建筑大厦有限公司
1003 1003 5929104557917 北京电力工程协会
1004 1004 5935104485385 中信国安投资有限公司
1005 1005 5935104562399 北京威联德骨科技术有限公司
1006 1006 5941104520528 北京市力行律师事务所
1007 1007 5949104562388 北京威联德骨科技术有限公司
1008 1008 5953104604500 北京海量数据技术股份有限公司
1009 1009 5957104574690 北京韩美药品有限公司
1010 1010 5960104559121 安邦资产管理有限责任公司
1011 1011 5966104551474 戴姆勒大中华区投资有限公司
1012 1012 5974104513813 新湖财富投资管理有限公司
1013 1013 5976104568063 北京凯翔工贸有限公司
1014 1014 5988104574686 北京韩美药品有限公司
1015 1015 5990104604644 车智互通（北京）广告有限公司
1016 1016 5996104614886 北京简单科技有限公司
1017 1017 5999104592931 北京市青年党建研究会
1018 1018 6006104480867 北京比特易湃信息技术有限公司
1019 1019 6025104496529 SMC（中国）有限公司
1020 1020 6028104553526 北京市燃气集团有限责任公司第二分公
司
1021 1021 6034104513804 新湖财富投资管理有限公司
1022 1022 6039104514623 北京华信通电讯有限公司
1023 1023 6041104492032 北京鑫万佳科技发展有限公司
1024 1024 6042104550813 中国兵器工业集团公司
1025 1025 6065104509991 北京碧生源商贸有限公司
1026 1026 6072104496527 SMC（中国）有限公司
1027 1027 6074104551471 戴姆勒大中华区投资有限公司
1028 1028 6088104527711 北京思维鑫科信息技术有限公司
1029 1029 6092104491323 北京三元基因工程有限公司
1030 1030 6098104533226 北京民丰祥和建筑工程有限公司
1031 1031 6104104556218 北京洪天力药业有限公司
1032 1032 6113104507395 北京讯奇连城商务服务有限公司
1033 1033 6120104532892 北京红袖添香科技发展有限公司
1034 1034 6128104550818 中国兵器工业集团公司
1035 1035 6132104574099 北京房地集团有限公司
1036 1036 6155104509562 北京歌华有线客户服务信息咨询有限公
司
1037 1037 6168104560934 北京北方出租汽车有限责任公司
-30-
1038 1038 6173104482265 北京北汽九龙出租汽车股份有限公司
1039 1039 6176104541149 蓝色港湾有限公司
1040 1040 6188104608289 北京恒富物业服务有限公司
1041 1041 6191104484224 北京中盾安民分析技术有限公司
1042 1042 6193104560101 北京东升铁科技术有限公司
1043 1043 6195104562345 北京纳威德医疗器械有限公司
1044 1044 6200104562387 北京威联德骨科技术有限公司
1045 1045 6201104535349 北京鸿坤伟业房地产开发有限公司
1046 1046 6202104612531 北京市中唐律师事务所
1047 1047 6206104578721 奥迪（中国）企业管理有限公司
1048 1048 6209104563432 山东玲珑轮胎股份有限公司北京销售分
公司
1049 1049 6220104603306 北京粮食缘餐饮有限责任公司
1050 1050 6221104564047 北京中恒博瑞数字电力科技有限公司
1051 1051 6223104620600 北京海纳川汽车部件股份有限公司北京
分公司
1052 1052 6225104565804 北京利云技术开发公司
1053 1053 6239104574606 北京世纪睿科系统技术有限公司
1054 1054 6245104516810 江苏省苏中建设集团股份有限公司北京
通州分公司
1055 1055 6246104553520 北京市燃气集团有限责任公司第二分公
司
1056 1056 6250104576503 北京市建筑设计研究院有限公司
1057 1057 6265104555566 北京因唯思科技有限公司
1058 1058 6272104521118 北京比亚迪模具有限公司
1059 1059 6287104505107 北京中汽恒泰教育科技有限公司
1060 1060 6291104604046 北京京威世纪建筑大厦有限公司
1061 1061 6309104563435 山东玲珑轮胎股份有限公司北京销售分
公司
1062 1062 6328104567958 北京爱德康赛广告有限公司
1063 1063 6331104513793 新湖财富投资管理有限公司
1064 1064 6340104496523 SMC（中国）有限公司
1065 1065 6342104548371 北京中天正工程项目管理有限公司
1066 1066 6350104550994 北京真浩泰汽车销售有限公司
1067 1067 6356104483861 北京盘古氏投资有限公司
1068 1068 6361104522008 完美世界（北京）网络技术有限公司
1069 1069 6367104576535 北京市建筑设计研究院有限公司
1070 1070 6385104483856 北京盘古氏投资有限公司
-31-
1071 1071 6388104535320 北京鸿坤伟业房地产开发有限公司
1072 1072 6390104574679 北京韩美药品有限公司
1073 1073 6404104503161 中国中建设计集团有限公司
1074 1074 6406104615008 北京军洋鑫业房地产有限公司
1075 1075 6412104615003 北京军洋鑫业房地产有限公司
1076 1076 6424104548846 北京久其软件股份有限公司
1077 1077 6452104580960 北京中科金财科技股份有限公司
1078 1078 6456104481940 北京中天九阳建筑照明工程有限公司
1079 1079 6460104611690 北京燕东微电子有限公司
1080 1080 6471104576542 北京市建筑设计研究院有限公司
1081 1081 6480104600905 北京金色宝藏文化传播有限公司
1082 1082 6482104564907 江河创建集团股份有限公司
1083 1083 6495104562393 北京威联德骨科技术有限公司
1084 1084 6512104526237 北京林康伟达服饰有限公司
1085 1085 6512104548847 北京久其软件股份有限公司
1086 1086 6539104550783 中国兵器工业集团公司
1087 1087 6540104587853 北京北科欧远科技有限公司
1088 1088 6570104576543 北京市建筑设计研究院有限公司
1089 1089 6571104553951 北京市自来水集团有限责任公司
1090 1090 6576104559120 安邦资产管理有限责任公司
1091 1091 6580104568147 北京东风南方汽车销售服务有限公司
1092 1092 6586104557237 资和信电子支付有限公司
1093 1093 6588104610142 西马克技术（北京）有限公司
1094 1094 6590104480667 北京易车互动广告有限公司
1095 1095 6593104528526 北京龙超越汽车维修中心
1096 1096 6599104522012 完美世界（北京）网络技术有限公司
1097 1097 6611104543928 北京星球通科技发展有限公司
1098 1098 6614104530614 北京中软万维网络技术有限公司
1099 1099 6616104563318 北京北航冠新世纪软件有限公司
1100 1100 6616104611689 北京燕东微电子有限公司
1101 1101 6617104522071 北京博丰伟业物资贸易有限责任公司
1102 1102 6623104485379 中信国安投资有限公司
1103 1103 6627104526602 北京华安瑞祥电气安装有限公司
1104 1104 6641104574667 北京韩美药品有限公司
1105 1105 6644104560394 北京化学工业协会
1106 1106 6646104558845 北京万兴建筑集团有限公司二分公司
1107 1107 6649104539282 北京龙旌装饰工程有限公司
1108 1108 6650104522001 完美世界（北京）网络技术有限公司
-32-
1109 1109 6661104503130 北京意达观企展览展示有限公司
1110 1110 6669104535347 北京鸿坤伟业房地产开发有限公司
1111 1111 6683104545578 北京拓奇切割机厂
1112 1112 6684104600907 北京金色宝藏文化传播有限公司
1113 1113 6687104606892 北京捷亚泰汽贸有限公司
1114 1114 6689104600530 北京市一刻公益社区发展服务中心
1115 1115 6701104573804 北京均友欣业科技有限公司
1116 1116 6704104491227 北京市内部审计协会
1117 1117 6706104554656 人民日报传媒广告有限公司
1118 1118 6709104553933 北京市自来水集团有限责任公司
1119 1119 6718104563319 北京北航冠新世纪软件有限公司
1120 1120 6719104498380 北京黎明文仪家具有限公司
1121 1121 6719104604057 北京京威世纪建筑大厦有限公司
1122 1122 6726104510591 北京必胜客比萨饼有限公司
1123 1123 6728104580956 北京中科金财科技股份有限公司
1124 1124 6729104534418 北京供电福斯特开关设备有限公司
1125 1125 6733104568150 北京东风南方汽车销售服务有限公司
1126 1126 6733104612109 北京宜通华瑞科技有限公司
1127 1127 6735104577072 北京肯德基有限公司
1128 1128 6739104566583 中国保密协会
1129 1129 6740104489751 时代华睿（北京）科技有限公司
1130 1130 6742104576007 北京本草方源药业有限公司
1131 1131 6743104604395 北京齐尔布莱特科技有限公司
1132 1132 6750104492031 北京鑫万佳科技发展有限公司
1133 1133 6768104574665 北京韩美药品有限公司
1134 1134 6769104503184 中国中建设计集团有限公司
1135 1135 6780104604318 北京车之家信息技术有限公司
1136 1136 6781104496524 SMC（中国）有限公司
1137 1137 6794104580574 北京市盛丰小额贷款有限责任公司
1138 1138 6796104524713 北京腾达伟创科技有限公司
1139 1139 6799104548522 北京海利丰技贸有限责任公司
1140 1140 6801104498382 北京黎明文仪家具有限公司
1141 1141 6802104485389 中信国安投资有限公司
1142 1142 6803104548006 北京先进数通信息技术股份公司
1143 1143 6809104485393 中信国安投资有限公司
1144 1144 6811104551693 北京派瑞威行广告有限公司
1145 1145 6816104604331 北京福思维科技发展有限公司
1146 1146 6820104591313 北京升华电梯有限公司
-33-
1147 1147 6822104485388 中信国安投资有限公司
1148 1148 6835104481028 北京新意互动广告有限公司
1149 1149 6847104484276 北京星网宇达科技股份有限公司
1150 1150 6848104485396 中信国安投资有限公司
1151 1151 6853104526246 北京金凯福宾馆
1152 1152 6859104567957 北京爱德康赛广告有限公司
1153 1153 6862104579608 中泰创展控股有限公司
1154 1154 6868104608744 北京市兴顺达客运有限责任公司
1155 1155 6869104559355 宁波银行股份有限公司北京分行
1156 1156 6871104501535 昆仑健康保险股份有限公司北京分公司
1157 1157 6877104580919 北京天行网安信息技术有限责任公司
1158 1158 6881104564906 江河创建集团股份有限公司
1159 1159 6885104568148 北京东风南方汽车销售服务有限公司
1160 1160 6890104491698 北京银信长远科技股份有限公司
1161 1161 6916104562395 北京威联德骨科技术有限公司
1162 1162 6924104612106 北京宜通华瑞科技有限公司
1163 1163 6954104553026 北京首都航空有限公司
1164 1164 6976104497995 华创科技（北京）股份有限公司
1165 1165 6980104559351 宁波银行股份有限公司北京分行
1166 1166 6982104604333 北京福思维科技发展有限公司
1167 1167 6984104540169 北京天杰腾科贸有限公司
1168 1168 6994104484234 北京中盾安民分析技术有限公司
1169 1169 7018104526603 北京华安瑞祥电气安装有限公司
1170 1170 7018104558100 北京中汽雷日汽车有限公司
1171 1171 7019104559349 宁波银行股份有限公司北京分行
1172 1172 7024104521107 北京比亚迪模具有限公司
1173 1173 7027104551476 戴姆勒大中华区投资有限公司
1174 1174 7042104513795 新湖财富投资管理有限公司
1175 1175 7051104550815 中国兵器工业集团公司
1176 1176 7059104489742 时代华睿（北京）科技有限公司
1177 1177 7059104578719 奥迪（中国）企业管理有限公司
1178 1178 7068104604402 北京齐尔布莱特科技有限公司
1179 1179 7073104604044 北京京威世纪建筑大厦有限公司
1180 1180 7076104613601 北京东风南方亮马汽车销售服务有限公
司
1181 1181 7085104604397 北京齐尔布莱特科技有限公司
1182 1182 7090104584103 北京国诚房地产土地评估有限公司
1183 1183 7106104558095 北京中汽雷日汽车有限公司
-34-
1184 1184 7107104479994 河北建设集团有限公司北京丰台分公司
1185 1185 7117104521104 北京比亚迪模具有限公司
1186 1186 7117104557238 资和信电子支付有限公司
1187 1187 7127104550817 中国兵器工业集团公司
1188 1188 7143104553960 北京市自来水集团有限责任公司
1189 1189 7150104497998 华创科技（北京）股份有限公司
1190 1190 7151104521106 北京比亚迪模具有限公司
1191 1191 7153104526378 北京炫橙文化传媒有限公司
1192 1192 7158104499300 北京新恒基房地产集团有限公司
1193 1193 7160104559350 宁波银行股份有限公司北京分行
1194 1194 7164104592899 北京天成瑞源电缆有限公司
1195 1195 7172104579607 中泰创展控股有限公司
1196 1196 7175104527394 茅台国酒（北京）商务会所有限公司
1197 1197 7180104513788 新湖财富投资管理有限公司
1198 1198 7180104553025 北京首都航空有限公司
1199 1199 7182104482267 北京北汽九龙出租汽车股份有限公司
1200 1200 7187104535344 北京鸿坤伟业房地产开发有限公司
1201 1201 7192104498404 北京黎明文仪家具有限公司
1202 1202 7195104576527 北京市建筑设计研究院有限公司
1203 1203 7197104530840 北京迪玛克医药科技有限公司
1204 1204 7203104522026 完美世界（北京）网络技术有限公司
1205 1205 7228104550816 中国兵器工业集团公司
1206 1206 7230104498381 北京黎明文仪家具有限公司
1207 1207 7233104482242 北京北汽九龙出租汽车股份有限公司
1208 1208 7241104553945 北京市自来水集团有限责任公司
1209 1209 7243104611729 斯帝卡（北京）体育用品有限公司
1210 1210 7247104489745 时代华睿（北京）科技有限公司
1211 1211 7247104608738 北京市兴顺达客运有限责任公司
1212 1212 7251104499406 北京旗舰物流有限公司
1213 1213 7254104509215 北京利尔高温材料股份有限公司
1214 1214 7257104564911 江河创建集团股份有限公司
1215 1215 7263104620611 北京海纳川汽车部件股份有限公司北京
分公司
1216 1216 7264104591530 神州长城国际工程有限公司
1217 1217 7275104484217 北京中盾安民分析技术有限公司
1218 1218 7276104492725 京铁物流有限公司
1219 1219 7280104576724 北京布拉德科技发展有限公司
1220 1220 7293104519833 北京美菱电器营销有限公司
-35-
1221 1221 7295104481029 北京新意互动广告有限公司
1222 1222 7300104522024 完美世界（北京）网络技术有限公司
1223 1223 7303104488180 北京唐荣昊华建筑安装工程有限公司
1224 1224 7318104608290 北京恒富物业服务有限公司
1225 1225 7320104557122 北京民生现代美术馆
1226 1226 7322104503162 中国中建设计集团有限公司
1227 1227 7328104553525 北京市燃气集团有限责任公司第二分公
司
1228 1228 7356104615155 北京实创鸿源建筑劳务有限公司
1229 1229 7361104519830 北京美菱电器营销有限公司
1230 1230 7366104521120 北京比亚迪模具有限公司
1231 1231 7402104611691 北京燕东微电子有限公司
1232 1232 7405104608737 北京市兴顺达客运有限责任公司
1233 1233 7407104481045 北京新意互动广告有限公司
1234 1234 7425104608294 北京恒富物业服务有限公司
1235 1235 7432104513808 新湖财富投资管理有限公司
1236 1236 7460104514619 北京华信通电讯有限公司
1237 1237 7460104574676 北京韩美药品有限公司
1238 1238 7460104604058 北京京威世纪建筑大厦有限公司
1239 1239 7461104576531 北京市建筑设计研究院有限公司
1240 1240 7466104501740 山东省日照市人民政府驻北京联络处
1241 1241 7484104562312 北京纳通医疗技术有限公司
1242 1242 7489104558844 北京万兴建筑集团有限公司二分公司
1243 1243 7501104560930 北京北方出租汽车有限责任公司
1244 1244 7502104508989 北京奥莱梯尼科技有限公司
1245 1245 7502104541150 蓝色港湾有限公司
1246 1246 7508104558106 北京中汽雷日汽车有限公司
1247 1247 7509104543930 北京星球通科技发展有限公司
1248 1248 7510104480861 北京比特易湃信息技术有限公司
1249 1249 7511104582769 北京博大司法鉴定所
1250 1250 7529104615006 北京军洋鑫业房地产有限公司
1251 1251 7537104515289 北京海华永联科技有限公司
1252 1252 7538104578705 奥迪（中国）企业管理有限公司
1253 1253 7548104553528 北京市燃气集团有限责任公司第二分公
司
1254 1254 7550104588718 北京奇客创想信息技术有限公司
1255 1255 7556104519834 北京美菱电器营销有限公司
1256 1256 7566104541154 蓝色港湾有限公司
-36-
1257 1257 7567104580923 北京天行网安信息技术有限责任公司
1258 1258 7570104565192 北京大成国测科技有限公司
1259 1259 7576104564050 北京中恒博瑞数字电力科技有限公司
1260 1260 7584104559119 安邦资产管理有限责任公司
1261 1261 7586104583088 北京福恩达商贸有限公司
1262 1262 7589104554229 北京市傲雪律师事务所
1263 1263 7591104576008 北京本草方源药业有限公司
1264 1264 7599104494787 北京百世中恒电子有限公司
1265 1265 7599104575529 北京实利通和科技发展有限公司
1266 1266 7601104558114 北京中汽雷日汽车有限公司
1267 1267 7605104608731 北京市兴顺达客运有限责任公司
1268 1268 7610104484229 北京中盾安民分析技术有限公司
1269 1269 7615104607938 北京地源达房地产开发有限公司
1270 1270 7633104574348 北京金丰餐饮有限公司
1271 1271 7636104553947 北京市自来水集团有限责任公司
1272 1272 7651104554031 北京怡兴科恒科技有限公司
1273 1273 7655104480621 北京海顺德钛催化剂有限公司
1274 1274 7659104613603 北京东风南方亮马汽车销售服务有限公
司
1275 1275 7665104549860 北京枫林技展商贸有限公司
1276 1276 7668104575807 北京典致苑装饰有限公司
1277 1277 7678104548521 北京海利丰技贸有限责任公司
1278 1278 7678104567685 北京众友方圆广告设计制作有限公司
1279 1279 7682104574674 北京韩美药品有限公司
1280 1280 7687104481050 北京新意互动广告有限公司
1281 1281 7697104572059 北京苏皖家居装饰有限公司
1282 1282 7698104521119 北京比亚迪模具有限公司
1283 1283 7706104519831 北京美菱电器营销有限公司
1284 1284 7710104608734 北京市兴顺达客运有限责任公司
1285 1285 7723104553942 北京市自来水集团有限责任公司
1286 1286 7739104576536 北京市建筑设计研究院有限公司
1287 1287 7743104610144 西马克技术（北京）有限公司
1288 1288 7748104540827 北京宏达四方机械设备租赁站
1289 1289 7759104615004 北京军洋鑫业房地产有限公司
1290 1290 7768104481031 北京新意互动广告有限公司
1291 1291 7775104484233 北京中盾安民分析技术有限公司
1292 1292 7776104521121 北京比亚迪模具有限公司
1293 1293 7783104482441 北京维盛网域科技有限公司
-37-
1294 1294 7790104607267 北京南银物业管理有限公司
1295 1295 7791104608749 北京市兴顺达客运有限责任公司
1296 1296 7804104499301 北京新恒基房地产集团有限公司
1297 1297 7813104551479 戴姆勒大中华区投资有限公司
1298 1298 7814104564038 北京中恒博瑞数字电力科技有限公司
1299 1299 7823104620609 北京海纳川汽车部件股份有限公司北京
分公司
1300 1300 7824104491703 北京银信长远科技股份有限公司
1301 1301 7834104522025 完美世界（北京）网络技术有限公司
1302 1302 7842104481047 北京新意互动广告有限公司
1303 1303 7842104515468 北京福森园林绿化工程有限公司
1304 1304 7846104604501 北京海量数据技术股份有限公司
1305 1305 7847104562390 北京威联德骨科技术有限公司
1306 1306 7860104522018 完美世界（北京）网络技术有限公司
1307 1307 7861104498000 华创科技（北京）股份有限公司
1308 1308 7877104508452 北京汽车股份有限公司北京分公司工会
1309 1309 7882104526954 北京中关村开发建设股份有限公司第四
建筑工程分公司
1310 1310 7888104526951 北京中关村开发建设股份有限公司第四
建筑工程分公司
1311 1311 7889104553954 北京市自来水集团有限责任公司
1312 1312 7893104510613 北京向阳宏达建筑工程有限公司
1313 1313 7896104604050 北京京威世纪建筑大厦有限公司
1314 1314 7910104541146 蓝色港湾有限公司
1315 1315 7910104550811 中国兵器工业集团公司
1316 1316 7912104489216 北京市百超包装制品有限公司
1317 1317 7915104559354 宁波银行股份有限公司北京分行
1318 1318 7929104545038 北京长松深蓝科技有限公司
1319 1319 7932104591996 北京品臻律师事务所
1320 1320 7937104578712 奥迪（中国）企业管理有限公司
1321 1321 7942104574689 北京韩美药品有限公司
1322 1322 7945104612108 北京宜通华瑞科技有限公司
1323 1323 7949104612289 北京胜鸿都汽车销售服务有限公司
1324 1324 7957104500798 北京市鑫程律师事务所
1325 1325 7964104562341 北京纳威德医疗器械有限公司
1326 1326 7981104563434 山东玲珑轮胎股份有限公司北京销售分
公司
1327 1327 7987104485395 中信国安投资有限公司
-38-
1328 1328 7996104578696 奥迪（中国）企业管理有限公司
1329 1329 7998104513934 北京华福欧科科技发展有限公司
1330 1330 8002104513794 新湖财富投资管理有限公司
1331 1331 8004104604497 北京海量数据技术股份有限公司
1332 1332 8005104578697 奥迪（中国）企业管理有限公司
1333 1333 8013104550821 中国兵器工业集团公司
1334 1334 8023104541151 蓝色港湾有限公司
1335 1335 8032104485387 中信国安投资有限公司
1336 1336 8037104558097 北京中汽雷日汽车有限公司
1337 1337 8038104562342 北京纳威德医疗器械有限公司
1338 1338 8040104527551 北京东方艾狄尔会展有限公司
1339 1339 8041104513805 新湖财富投资管理有限公司
1340 1340 8044104513789 新湖财富投资管理有限公司
1341 1341 8062104546801 盛世笔特（北京）模型设计有限公司
1342 1342 8063104547175 中航捷锐（北京）光电技术有限公司
1343 1343 8068104535352 北京鸿坤伟业房地产开发有限公司
1344 1344 8070104521115 北京比亚迪模具有限公司
1345 1345 8077104535355 北京鸿坤伟业房地产开发有限公司
1346 1346 8086104604309 北京车之家信息技术有限公司
1347 1347 8087104521112 北京比亚迪模具有限公司
1348 1348 8089104576525 北京市建筑设计研究院有限公司
1349 1349 8090104516818 江苏省苏中建设集团股份有限公司北京
通州分公司
1350 1350 8100104492030 北京鑫万佳科技发展有限公司
1351 1351 8107104481026 北京新意互动广告有限公司
1352 1352 8108104580895 中鸥美嘉星牧元（北京）生物科技有限
公司
1353 1353 8112104480843 北京比特易湃信息技术有限公司
1354 1354 8114104535353 北京鸿坤伟业房地产开发有限公司
1355 1355 8114104600585 北京盛拓车之家广告有限公司
1356 1356 8133104562389 北京威联德骨科技术有限公司
1357 1357 8134104485403 中信国安投资有限公司
1358 1358 8136104608402 北京国际商务学院
1359 1359 8144104574683 北京韩美药品有限公司
1360 1360 8150104549999 盛隆电气（北京）有限公司
1361 1361 8152104521109 北京比亚迪模具有限公司
1362 1362 8154104513790 新湖财富投资管理有限公司
1363 1363 8161104485382 中信国安投资有限公司
-39-
1364 1364 8170104558109 北京中汽雷日汽车有限公司
1365 1365 8177104604048 北京京威世纪建筑大厦有限公司
1366 1366 8179104578720 奥迪（中国）企业管理有限公司
1367 1367 8185104501450 北京市恒旭伟业商贸有限公司
1368 1368 8195104558101 北京中汽雷日汽车有限公司
1369 1369 8196104601500 北京金宏康商贸有限公司
1370 1370 8198104503612 北京光彩世纪文化艺术有限公司
1371 1371 8199104542191 北京博爱清洁服务有限公司
1372 1372 8215104574978 北京永联伟业电器设备有限公司
1373 1373 8223104590718 北京道尔道振动控制技术有限公司
1374 1374 8232104560064 北京市和义旅馆
1375 1375 8236104610149 西马克技术（北京）有限公司
1376 1376 8243104613599 北京东风南方亮马汽车销售服务有限公
司
1377 1377 8245104488086 中国潜水打捞行业协会
1378 1378 8261104522000 完美世界（北京）网络技术有限公司
1379 1379 8268104611687 北京燕东微电子有限公司
1380 1380 8269104522022 完美世界（北京）网络技术有限公司
1381 1381 8272104558102 北京中汽雷日汽车有限公司
1382 1382 8273104503185 中国中建设计集团有限公司
1383 1383 8283104590960 北京中冷物流有限公司
1384 1384 8284104610148 西马克技术（北京）有限公司
1385 1385 8288104557241 资和信电子支付有限公司
1386 1386 8293104576011 北京本草方源药业有限公司
1387 1387 8298104474150 北京市海淀区新纪元培训学校
1388 1388 8298104513801 新湖财富投资管理有限公司
1389 1389 8302104577074 北京肯德基有限公司
1390 1390 8304104608702 北京市兴顺达客运有限责任公司
1391 1391 8308104558361 北京怡天律师事务所
1392 1392 8316104507394 北京讯奇连城商务服务有限公司
1393 1393 8319104484230 北京中盾安民分析技术有限公司
1394 1394 8324104535369 北京鸿坤伟业房地产开发有限公司
1395 1395 8331104494885 北京长京行汽车销售服务有限公司
1396 1396 8332104633195 北京尚品宅配家居用品有限公司
1397 1397 8344104604498 北京海量数据技术股份有限公司
1398 1398 8346104499302 北京新恒基房地产集团有限公司
1399 1399 8346104521124 北京比亚迪模具有限公司
1400 1400 8352104492029 北京鑫万佳科技发展有限公司
-40-
1401 1401 8359104611694 北京燕东微电子有限公司
1402 1402 8366104582144 北京永德利机械设备租赁有限公司
1403 1403 8367104615013 北京军洋鑫业房地产有限公司
1404 1404 8369104535361 北京鸿坤伟业房地产开发有限公司
1405 1405 8374104481043 北京新意互动广告有限公司
1406 1406 8374104604332 北京福思维科技发展有限公司
1407 1407 8381104551458 戴姆勒大中华区投资有限公司
1408 1408 8387104580920 北京天行网安信息技术有限责任公司
1409 1409 8410104620606 北京海纳川汽车部件股份有限公司北京
分公司
1410 1410 8418104512622 中融汇投资担保有限公司
1411 1411 8421104521138 北京银达物业管理有限责任公司
1412 1412 8434104558111 北京中汽雷日汽车有限公司
1413 1413 8437104576526 北京市建筑设计研究院有限公司
1414 1414 8444104553932 北京市自来水集团有限责任公司
1415 1415 8455104534689 河北华能实业发展有限责任公司北京贸
易分公司
1416 1416 8461104614887 北京简单科技有限公司
1417 1417 8472104484235 北京中盾安民分析技术有限公司
1418 1418 8474104498819 北京君奥达汽车销售服务有限公司
1419 1419 8478104522002 完美世界（北京）网络技术有限公司
1420 1420 8490104558099 北京中汽雷日汽车有限公司
1421 1421 8520104578710 奥迪（中国）企业管理有限公司
1422 1422 8528104553935 北京市自来水集团有限责任公司
1423 1423 8533104604400 北京齐尔布莱特科技有限公司
1424 1424 8549104551464 戴姆勒大中华区投资有限公司
1425 1425 8552104606894 北京捷亚泰汽贸有限公司
1426 1426 8570104535354 北京鸿坤伟业房地产开发有限公司
1427 1427 8571104483862 北京盘古氏投资有限公司
1428 1428 8573104611338 北京瑞普北光电子有限公司
1429 1429 8576104492728 京铁物流有限公司
1430 1430 8588104569221 北京五方中冀汽车销售有限公司
1431 1431 8591104521110 北京比亚迪模具有限公司
1432 1432 8595104481037 北京新意互动广告有限公司
1433 1433 8595104484661 北京坤泰济电器销售有限公司
1434 1434 8595104533225 北京民丰祥和建筑工程有限公司
1435 1435 8600104485406 中信国安投资有限公司
1436 1436 8600104548372 北京中天正工程项目管理有限公司
-41-
1437 1437 8609104537742 老房子（北京）投资顾问有限公司
1438 1438 8620104553946 北京市自来水集团有限责任公司
1439 1439 8623104521099 北京比亚迪模具有限公司
1440 1440 8623104563429 山东玲珑轮胎股份有限公司北京销售分
公司
1441 1441 8628104513812 新湖财富投资管理有限公司
1442 1442 8630104567959 北京爱德康赛广告有限公司
1443 1443 8632104560932 北京北方出租汽车有限责任公司
1444 1444 8637104501785 北京京师鸿儒教育科技有限公司
1445 1445 8639104604329 北京福思维科技发展有限公司
1446 1446 8652104600906 北京金色宝藏文化传播有限公司
1447 1447 8655104569115 北京市西城区现代管理培训学校
1448 1448 8655104574349 北京金丰餐饮有限公司
1449 1449 8659104480575 北京易车互联信息技术有限公司
1450 1450 8662104564049 北京中恒博瑞数字电力科技有限公司
1451 1451 8665104546430 北京京以弘力工业品贸易有限公司
1452 1452 8690104484211 北京中盾安民分析技术有限公司
1453 1453 8694104606517 北京中欣安泰投资有限公司
1454 1454 8696104522020 完美世界（北京）网络技术有限公司
1455 1455 8707104551293 北京英之杰天祥汽车技术服务有限公司
1456 1456 8712104483618 北京邺翔泰科技发展有限公司
1457 1457 8712104526944 北京中关村开发建设股份有限公司第四
建筑工程分公司
1458 1458 8718104486863 中国文化产业促进会
1459 1459 8724104615000 北京军洋鑫业房地产有限公司
1460 1460 8725104485398 中信国安投资有限公司
1461 1461 8732104616334 香港南银投资有限公司北京代表处
1462 1462 8738104522006 完美世界（北京）网络技术有限公司
1463 1463 8743104485391 中信国安投资有限公司
1464 1464 8743104580957 北京中科金财科技股份有限公司
1465 1465 8749104608654 北京市朝阳区八里庄社会服务协会
1466 1466 8756104533004 北京亿起联科技有限公司
1467 1467 8759104604393 北京齐尔布莱特科技有限公司
1468 1468 8764104484220 北京中盾安民分析技术有限公司
1469 1469 8764104514178 中兆培基（北京）电气有限公司
1470 1470 8769104500723 中国演出行业协会
1471 1471 8783104532891 北京红袖添香科技发展有限公司
1472 1472 8785104535363 北京鸿坤伟业房地产开发有限公司
-42-
1473 1473 8787104493747 北京白家大院饮食文化传播有限公司
1474 1474 8787104516809 江苏省苏中建设集团股份有限公司北京
通州分公司
1475 1475 8793104559348 宁波银行股份有限公司北京分行
1476 1476 8795104576538 北京市建筑设计研究院有限公司
1477 1477 8797104574346 北京金丰餐饮有限公司
1478 1478 8808104521123 北京比亚迪模具有限公司
1479 1479 8812104612105 北京宜通华瑞科技有限公司
1480 1480 8814104607571 北京三维天下科技有限公司
1481 1481 8833104526906 北京康派特医疗器械有限公司
1482 1482 8835104536456 北京华滨投资有限公司华滨国际大酒店
1483 1483 8841104535367 北京鸿坤伟业房地产开发有限公司
1484 1484 8854104531597 北京市顺义区新京华实验学校
1485 1485 8855104532547 北京点睛之悦科技发展有限公司
1486 1486 8862104518981 北京市石景山区时尚环保联盟研究所
1487 1487 8866104475504 北京圆梦公益基金会
1488 1488 8866104485401 中信国安投资有限公司
1489 1489 8883104604396 北京齐尔布莱特科技有限公司
1490 1490 8887104608700 北京市兴顺达客运有限责任公司
1491 1491 8890104483867 北京盘古氏投资有限公司
1492 1492 8890104563504 北京中视海成文化传播有限公司
1493 1493 8896104569127 北京迈拓晨峰科技发展有限公司
1494 1494 8897104615011 北京军洋鑫业房地产有限公司
1495 1495 8898104541148 蓝色港湾有限公司
1496 1496 8902104568158 北京东风南方汽车销售服务有限公司
1497 1497 8909104553941 北京市自来水集团有限责任公司
1498 1498 8917104532046 彩宣世界贺美丽家（北京）建材市场有
限公司
1499 1499 8923104564909 江河创建集团股份有限公司
1500 1500 8932104482227 北京岫岩隆泰科技发展有限公司
1501 1501 8934104564046 北京中恒博瑞数字电力科技有限公司
1502 1502 8939104608740 北京市兴顺达客运有限责任公司
1503 1503 8946104604315 北京车之家信息技术有限公司
1504 1504 8952104515012 北京市商安律师事务所
1505 1505 8963104521116 北京比亚迪模具有限公司
1506 1506 8963104620612 北京海纳川汽车部件股份有限公司北京
分公司
1507 1507 8964104559346 宁波银行股份有限公司北京分行
-43-
1508 1508 8981104608748 北京市兴顺达客运有限责任公司
1509 1509 8990104550931 北京康普特科技发展有限公司
1510 1510 8994104495048 北京铱金惠通能源控股有限公司
1511 1511 8998104608732 北京市兴顺达客运有限责任公司
1512 1512 9000104530430 北京科富兴科技有限公司
1513 1513 9003104576541 北京市建筑设计研究院有限公司
1514 1514 9009104491473 北京中经赛博科技有限公司
1515 1515 9011104480857 北京比特易湃信息技术有限公司
1516 1516 9015104487696 北京市金台律师事务所
1517 1517 9015104526482 中国老年学学会老龄产业专业委员会
1518 1518 9016104489743 时代华睿（北京）科技有限公司
1519 1519 9020104574344 北京金丰餐饮有限公司
1520 1520 9024104578692 奥迪（中国）企业管理有限公司
1521 1521 9032104485390 中信国安投资有限公司
1522 1522 9032104604390 北京齐尔布莱特科技有限公司
1523 1523 9043104530499 北京市朝阳区阿拉丁培训学校
1524 1524 9062104604401 北京齐尔布莱特科技有限公司
1525 1525 9063104499122 北京联通鼎盛汽车销售服务有限公司
1526 1526 9065104620607 北京海纳川汽车部件股份有限公司北京
分公司
1527 1527 9069104483871 北京盘古氏投资有限公司
1528 1528 9069104604404 北京齐尔布莱特科技有限公司
1529 1529 9080104527710 北京思维鑫科信息技术有限公司
1530 1530 9085104484366 北京瑞普北光电子有限公司
1531 1531 9095104558093 北京中汽雷日汽车有限公司
1532 1532 9099104562343 北京纳威德医疗器械有限公司
1533 1533 9103104608288 北京恒富物业服务有限公司
1534 1534 9116104562394 北京威联德骨科技术有限公司
1535 1535 9121104516817 江苏省苏中建设集团股份有限公司北京
通州分公司
1536 1536 9126104535322 北京鸿坤伟业房地产开发有限公司
1537 1537 9135104574678 北京韩美药品有限公司
1538 1538 9142104539676 北京中达兴建筑装饰工程有限公司
1539 1539 9146104484236 北京中盾安民分析技术有限公司
1540 1540 9160104479995 河北建设集团有限公司北京丰台分公司
1541 1541 9194104550814 中国兵器工业集团公司
1542 1542 9197104541156 蓝色港湾有限公司
1543 1543 9205104526923 北京中关村开发建设股份有限公司第四
建筑工程分公司
-44-
1544 1544 9209104534800 北京国电龙源京海电气工程安装有限公
司
1545 1545 9230104485428 北京志恒达科技有限公司
1546 1546 9231104604045 北京京威世纪建筑大厦有限公司
1547 1547 9235104611688 北京燕东微电子有限公司
1548 1548 9254104562396 北京威联德骨科技术有限公司
1549 1549 9255104610852 北京艺苑风景园林工程有限公司
1550 1550 9263104604388 北京齐尔布莱特科技有限公司
1551 1551 9264104574688 北京韩美药品有限公司
1552 1552 9266104604312 北京车之家信息技术有限公司
1553 1553 9283104498955 北京中电同正电气有限责任公司
1554 1554 9285104600204 国金黄金集团有限公司
1555 1555 9290104556522 北京顺祥家园酒店有限公司
1556 1556 9305104496526 SMC（中国）有限公司
1557 1557 9316104560928 北京北方出租汽车有限责任公司
1558 1558 9316104595110 北京市昌平区中科妇科研究所
1559 1559 9328104592898 北京天成瑞源电缆有限公司
1560 1560 9349104610139 西马克技术（北京）有限公司
1561 1561 9353104598719 北京天擎丽都科技有限公司
1562 1562 9357104551459 戴姆勒大中华区投资有限公司
1563 1563 9382104604035 北京京威世纪建筑大厦有限公司
1564 1564 9384104528686 北京清大博智科技有限公司
1565 1565 9386104604394 北京齐尔布莱特科技有限公司
1566 1566 9391104554655 人民日报传媒广告有限公司
1567 1567 9419104548520 北京海利丰技贸有限责任公司
1568 1568 9439104558107 北京中汽雷日汽车有限公司
1569 1569 9447104480572 北京易车互联信息技术有限公司
1570 1570 9462104498979 北京相峰伟业汽车配件有限公司
1571 1571 9478104526952 北京中关村开发建设股份有限公司第四
建筑工程分公司
1572 1572 9487104483868 北京盘古氏投资有限公司
1573 1573 9492104504147 北京京鼎大厦有限公司
1574 1574 9493104496530 SMC（中国）有限公司
1575 1575 9497104489489 艾伏锐（北京）科技发展有限责任公司
1576 1576 9499104564039 北京中恒博瑞数字电力科技有限公司
1577 1577 9500104578704 奥迪（中国）企业管理有限公司
1578 1578 9525104620604 北京海纳川汽车部件股份有限公司北京
分公司
-45-
1579 1579 9528104615625 北京龙文环球教育科技有限公司
1580 1580 9544104509701 北京市旧机动车交易市场有限公司
1581 1581 9549104493746 北京白家大院饮食文化传播有限公司
1582 1582 9555104613598 北京东风南方亮马汽车销售服务有限公
司
1583 1583 9560104516816 江苏省苏中建设集团股份有限公司北京
通州分公司
1584 1584 9563104574687 北京韩美药品有限公司
1585 1585 9569104583670 塔兰托（北京）服饰有限公司
1586 1586 9583104508398 北京和优贸易有限公司
1587 1587 9588104562340 北京纳威德医疗器械有限公司
1588 1588 9589104485392 中信国安投资有限公司
1589 1589 9590104576500 北京市建筑设计研究院有限公司
1590 1590 9601104613602 北京东风南方亮马汽车销售服务有限公
司
1591 1591 9603104489741 时代华睿（北京）科技有限公司
1592 1592 9610104498230 北京正乾达投资发展有限公司
1593 1593 9627104604316 北京车之家信息技术有限公司
1594 1594 9630104564051 北京中恒博瑞数字电力科技有限公司
1595 1595 9634104553936 北京市自来水集团有限责任公司
1596 1596 9635104574681 北京韩美药品有限公司
1597 1597 9645104592897 北京天成瑞源电缆有限公司
1598 1598 9659104574347 北京金丰餐饮有限公司
1599 1599 9664104521845 北京中进万国汽车销售服务有限公司
1600 1600 9665104543049 北京东宏东升管道有限公司
1601 1601 9677104564035 北京中恒博瑞数字电力科技有限公司
1602 1602 9677104612259 北京中铁德成建筑设计工程有限公司
1603 1603 9692104499303 北京新恒基房地产集团有限公司
1604 1604 9699104535136 北京汇丰利餐饮管理有限公司
1605 1605 9703104551460 戴姆勒大中华区投资有限公司
1606 1606 9708104574305 中咨华科交通建设技术有限公司
1607 1607 9713104610136 西马克技术（北京）有限公司
1608 1608 9715104492948 北京超同步伺服股份有限公司
1609 1609 9716104551463 戴姆勒大中华区投资有限公司
1610 1610 9718104550809 中国兵器工业集团公司
1611 1611 9721104604054 北京京威世纪建筑大厦有限公司
1612 1612 9727104576547 北京市建筑设计研究院有限公司
1613 1613 9728104574669 北京韩美药品有限公司
-46-
1614 1614 9744104561223 中油丰年（北京）石油销售有限公司
1615 1615 9757104578711 奥迪（中国）企业管理有限公司
1616 1616 9757104613600 北京东风南方亮马汽车销售服务有限公
司
1617 1617 9760104526946 北京中关村开发建设股份有限公司第四
建筑工程分公司
1618 1618 9761104604410 北京齐尔布莱特科技有限公司
1619 1619 9767104600904 北京金色宝藏文化传播有限公司
1620 1620 9768104598154 易云讯腾物联网科技（北京）有限公司
1621 1621 9782104534802 北京国电龙源京海电气工程安装有限公
司
1622 1622 9790104541147 蓝色港湾有限公司
1623 1623 9798104608727 北京市兴顺达客运有限责任公司
1624 1624 9800104604499 北京海量数据技术股份有限公司
1625 1625 9813104574331 北京雪中鲜餐饮有限公司
1626 1626 9815104535358 北京鸿坤伟业房地产开发有限公司
1627 1627 9819104551467 戴姆勒大中华区投资有限公司
1628 1628 9825104484219 北京中盾安民分析技术有限公司
1629 1629 9829104608295 北京恒富物业服务有限公司
1630 1630 9842104575760 北京诚达兴盛医疗器械有限公司
1631 1631 9857104604411 北京齐尔布莱特科技有限公司
1632 1632 9865104488869 北京融世杰机械设备有限公司
1633 1633 9867104548938 伊科诺石油技术（北京）有限公司
1634 1634 9867104592902 北京天成瑞源电缆有限公司
1635 1635 9883104521108 北京比亚迪模具有限公司
1636 1636 9883104557239 资和信电子支付有限公司
1637 1637 9886104551485 戴姆勒大中华区投资有限公司
1638 1638 9887104604389 北京齐尔布莱特科技有限公司
1639 1639 9889104553938 北京市自来水集团有限责任公司
1640 1640 9908104559644 北京市亚欧律师事务所
1641 1641 9913104522019 完美世界（北京）网络技术有限公司
1642 1642 9917104513802 新湖财富投资管理有限公司
1643 1643 9919104535321 北京鸿坤伟业房地产开发有限公司
1644 1644 9923104551692 北京派瑞威行广告有限公司
1645 1645 9924104576545 北京市建筑设计研究院有限公司
1646 1646 9925104541145 蓝色港湾有限公司
1647 1647 9942104483865 北京盘古氏投资有限公司
1648 1648 9944104553521 北京市燃气集团有限责任公司第二分公
司
-47-
1649 1649 9948104490086 北京三和药业有限公司
1650 1650 9949104543934 北京星球通科技发展有限公司
1651 1651 9966104591315 北京升华电梯有限公司
1652 1652 9971104592805 北京网信信达科技有限公司
1653 1653 9983104521997 完美世界（北京）网络技术有限公司
1654 1654 9986104534942 今麦郎饮品股份有限公司
1655 1655 9989104521114 北京比亚迪模具有限公司
1656 1656 9992104485380 中信国安投资有限公司
1657 1657 9994104591309 北京升华电梯有限公司
1658 1658 9999104574673 北京韩美药品有限公司
