
1 1 0007105144266 北京佳泰新材料有限公司
2 2 0016105122437 北京康体亿佰健身器材有限公司
3 3 0024105124111 北京生前预嘱推广协会
4 4 0025105081589 国电博纳（北京）电力设备有限公司
5 5 0025105156388 北京中盾安民分析技术有限公司
6 6 0027105164969 悦康药业集团有限公司
7 7 0028105157668 北京视博数字电视科技有限公司
8 8 0028105169568 北京触控科技有限公司
9 9 0040105111955 北京欣诚瑞利科技发展有限公司
10 10 0056105121865 北京新学道教育科技有限公司
11 11 0058105134222 北京金鼎恒业投资发展有限公司
12 12 0066105144265 北京佳泰新材料有限公司
13 13 0077105128058 北京宇恒恒业电气自控科技有限公司
14 14 0084105087032 北京万佳时代国际贸易有限公司
15 15 0089105055756 高校毕业生就业协会
16 16 0096105089314 北京航天质鼎科技有限公司
17 17 0100105086925 北京世纪畅达铁路设备技术服务有限公司
18 18 0101105180150 红惠医药有限公司
19 19 0108105113998 北京恒泰嘉华贸易有限公司
20 20 0108105136305 中国民族贸易促进会
21 21 0109105081984 北京市密云汇佳幼儿园
-2-
22 22 0112105127241 北京润美康医药有限公司
23 23 0115105110381 北京华电瑞通电力工程技术有限公司
24 24 0117105060292 北京特立信电子技术股份有限公司
25 25 0132105062468 北京丰瑞龙翔医药有限公司
26 26 0145105064910 中信信托有限责任公司
27 27 0145105156118 北京东方朗清洁净技术有限公司
28 28 0154105105259 鼎力联合（北京）科技有限公司
29 29 0157105164959 悦康药业集团有限公司
30 30 0161105122436 北京康体亿佰健身器材有限公司
31 31 0166105105507 北京图冠艺术设计有限公司
32 32 0168105112636 北京众力精机科技有限公司
33 33 0178105095265 北京市密云县中医医院
34 34 0178105125907 北京宝马电子工程有限公司
35 35 0180105159359 北京中和珍贝科技有限公司
36 36 0188105058342 北京圣博润高新技术股份有限公司
37 37 0188105096035 互爱互动（北京）科技有限公司
38 38 0190105105406 北京华美沛思科贸有限公司
39 39 0198105059033 建信万通商务服务（北京）有限公司
40 40 0205105156586 京铁物流有限公司
41 41 0211105047390 北京德瑞华庭贸易有限公司
42 42 0218105044917 北京中天世纪房地产开发有限公司
43 43 0219105109370 北京市白盆窑物流中心
44 44 0220105113951 北京国服信奥兴汽车有限公司
45 45 0226105159358 北京中和珍贝科技有限公司
46 46 0231105127250 北京润美康医药有限公司
47 47 0235105105039 北京世纪百速国际贸易有限公司
48 48 0246105127257 北京润美康医药有限公司
49 49 0247105096194 北京集祥物业管理有限公司
50 50 0247105156570 北京交控科技有限公司
51 51 0251105125589 北京中意宇星国际贸易有限责任公司
52 52 0255105121636 北京中科同志科技有限公司
53 53 0256105145261 北京明耀通达电力工程设计有限公司
54 54 0261105051095 北京哈松联东晟汽车销售服务有限公司
55 55 0262105053190 北京天创凯睿科技有限公司
56 56 0265105138889 北京光标互动公关策划有限公司
57 57 0276105109034 北京永兴创意展览展示有限公司
58 58 0287105105260 鼎力联合（北京）科技有限公司
59 59 0292105110382 北京华电瑞通电力工程技术有限公司
-3-
60 60 0293105105141 北京思源通能科技发展有限公司
61 61 0295105159363 北京中和珍贝科技有限公司
62 62 0297105097806 北京创奇互动科技有限公司
63 63 0298105145221 北京质量检验认证协会
64 64 0302105100543 北京京西瑞鑫建筑工程有限公司
65 65 0302105178519 中合中小企业融资担保股份有限公司
66 66 0305105112280 北京集特印刷有限公司
67 67 0316105097913 北京协科医药科技有限公司
68 68 0320105098258 北京汇智泰康医药技术有限公司
69 69 0325105079391 北京三聚环保新材料股份有限公司
70 70 0334105098815 北京海菲特科技有限公司
71 71 0343105169582 北京触控科技有限公司
72 72 0346105156110 北京东方朗清洁净技术有限公司
73 73 0350105164974 悦康药业集团有限公司
74 74 0352105093523 北京茂思商贸有限公司
75 75 0353105080110 北京华琳创想科技有限公司
76 76 0354105096543 北京华融达科技有限公司
77 77 0354105101116 北京诺百金科技发展有限公司
78 78 0370105064925 中信信托有限责任公司
79 79 0379105156552 北京交控科技有限公司
80 80 0388105110379 北京华电瑞通电力工程技术有限公司
81 81 0392105109329 北京力迈科工贸企业集团
82 82 0408105096332 融科融智资产管理（北京）有限公司
83 83 0410105121638 北京中科同志科技有限公司
84 84 0424105132600 北京威高斯科技有限公司
85 85 0425105154015 朗森景然（北京）景观照明工程有限公司
86 86 0438105180115 红惠医药有限公司
87 87 0441105112423 中照控股集团有限公司
88 88 0444105051093 北京哈松联东晟汽车销售服务有限公司
89 89 0465105121733 北京蓝汛通信技术有限责任公司
90 90 0468105044815 广州市联创物流有限公司北京顺义分公司
91 91 0469105175484 北京京运通科技股份有限公司
92 92 0481105101674 北京东方惠乐酒楼
93 93 0481105156119 北京东方朗清洁净技术有限公司
94 94 0496105164816 乐视网信息技术（北京）股份有限公司
95 95 0508105082135 北京思维实创科技股份有限公司
-4-
96 96 0526105121523 北京平福大众生活用品有限责任公司
97 97 0526105156655 北京东方海润贸易有限公司
98 98 0527105105215 北京注意力国际公关咨询有限公司
99 99 0538105105088 北京科之建环保工程有限公司
100 100 0543105107663 北京春晓万向科技有限公司
101 101 0564105092635 北京明沃科技有限公司
102 102 0566105045236 北京赛克玛环保仪器有限公司
103 103 0566105160869 北京京宝行汽车销售服务有限公司
104 104 0578105133608 北京网聚人和科技发展有限公司
105 105 0589105156287 北冰洋（北京）饮料食品有限公司
106 106 0592105060270 照奕恒照明设计（北京）有限公司
107 107 0596105152545 北京三德伟业医疗投资管理有限公司
108 108 0601105156375 北京中盾安民分析技术有限公司
109 109 0604105142982 北京盈之宝汽车销售服务有限公司
110 110 0608105157359 亚信科技（中国）有限公司
111 111 0611105147716 北京极拓建筑装饰工程有限公司
112 112 0612105096249 北京紫玉国际商务俱乐部有限公司
113 113 0624105111013 北京诚铭文化有限公司
114 114 0633105176273 北辰正方建设集团有限公司
115 115 0637105064908 中信信托有限责任公司
116 116 0638105121741 北京蓝汛通信技术有限责任公司
117 117 0641105098217 锋创科技发展（北京）有限公司
118 118 0642105176277 北辰正方建设集团有限公司
119 119 0651105121735 北京蓝汛通信技术有限责任公司
120 120 0660105051617 北京国盛高科强磁科技发展有限公司
121 121 0669105096041 互爱互动（北京）科技有限公司
122 122 0677105150629 北京名仕利源经贸有限公司
123 123 0683105122640 北京创思得科技有限公司
124 124 0697105105089 北京科之建环保工程有限公司
125 125 0698105137465 常州市绿洲园林建筑工程有限公司北京第二分公司
126 126 0701105130398 北京斑羚在线网络科技有限公司
127 127 0705105064916 中信信托有限责任公司
128 128 0712105064913 中信信托有限责任公司
129 129 0715105086018 北京市碧源物业管理有限公司
130 130 0716105140884 北京聚鑫桥通信科技有限公司
131 131 0747105076028 路德思汽车销售服务（北京）有限公司
132 132 0749105142998 北京市崇华建筑工程有限公司
-5-
133 133 0763105127247 北京润美康医药有限公司
134 134 0772105109959 北京亲贝信息科技有限公司
135 135 0775105127849 北京非凡金策公关有限公司
136 136 0779105157344 北京昊天惠合科贸有限公司
137 137 0793105104746 北京智蓝信息科技有限公司
138 138 0801105068201 北京鑫鼎姊妹文化发展有限公司
139 139 0810105113950 北京国服信奥兴汽车有限公司
140 140 0813105156728 北京康仁医疗器械有限公司
141 141 0814105086139 SMC（中国）有限公司
142 142 0819105082516 中科恒源科技股份有限公司
143 143 0820105053756 中骏盛华担保有限公司
144 144 0823105093491 北京中金华圣建设工程有限公司
145 145 0833105132552 北京京和国际广告传媒有限责任公司
146 146 0838105076025 路德思汽车销售服务（北京）有限公司
147 147 0838105137404 中国储备粮管理总公司
148 148 0840105180157 红惠医药有限公司
149 149 0846105110011 北京隆利诚信房屋拆除有限公司
150 150 0859105082505 中科恒源科技股份有限公司
151 151 0866105082519 中科恒源科技股份有限公司
152 152 0869105098650 北京北汽大世汽车系统有限公司
153 153 0871105138138 北京麦迪锦诚医用品有限公司
154 154 0878105157207 拓速乐汽车销售（北京）有限公司
155 155 0881105096040 互爱互动（北京）科技有限公司
156 156 0889105145868 红人（北京）运动俱乐部有限公司
157 157 0922105147391 北京百时利商务发展有限公司
158 158 0927105157637 北京视博数字电视科技有限公司
159 159 0928105109861 北京运通博锐商贸有限公司
160 160 0928105156381 北京中盾安民分析技术有限公司
161 161 0953105064917 中信信托有限责任公司
162 162 0953105104747 北京智蓝信息科技有限公司
163 163 0958105060423 北京万茗堂商贸有限公司
164 164 0961105093601 北京财经专修学院
165 165 0972105125765 北京新胜福瑞机械设备有限公司
166 166 0974105109663 北京美好生活家居用品有限公司
167 167 0978105098353 博海远洋（北京）科技有限公司
168 168 0979105062469 北京丰瑞龙翔医药有限公司
169 169 0985105075513 上合诚融资担保有限公司
170 170 1022105140449 北京五环安泰冶金工程技术有限公司
-6-
171 171 1034105157672 北京视博数字电视科技有限公司
172 172 1036105065736 北京捷亚泰中盛汽车销售有限公司
173 173 1044105069493 北京百信物流有限公司
174 174 1055105130778 北京连东宏达机械设备租赁有限公司
175 175 1055105169571 北京触控科技有限公司
176 176 1074105129266 北京天马轴承有限公司
177 177 1076105176274 北辰正方建设集团有限公司
178 178 1087105156286 北冰洋（北京）饮料食品有限公司
179 179 1091105082236 北京惠通永源商场有限公司
180 180 1098105111571 雅致伟业安全防护用品（北京）有限公司
181 181 1104105098144 埃特罗斯（北京）电气有限公司
182 182 1106105108955 北京六合宁远科技有限公司
183 183 1109105080522 北京市平谷区合家社区居家养老服务中心
184 184 1114105143804 北京富世天成建筑工程有限公司
185 185 1128105131543 北京西部马华火锅有限公司
186 186 1132105098206 锋创科技发展（北京）有限公司
187 187 1133105067579 北京市大兴区颐乐养老院
188 188 1136105044816 广州市联创物流有限公司北京顺义分公司
189 189 1142105156641 北京保诺尔商务有限公司
190 190 1149105156380 北京中盾安民分析技术有限公司
191 191 1150105154881 思达正兴（北京）企业管理有限公司
192 192 1152105176242 北辰正方建设集团有限公司
193 193 1156105106835 北京艾尔兴业经贸有限公司
194 194 1162105180145 红惠医药有限公司
195 195 1163105142997 北京市崇华建筑工程有限公司
196 196 1176105060623 北京日月同创文化传播有限公司
197 197 1181105176270 北辰正方建设集团有限公司
198 198 1189105077361 北京市石景山区时尚瑞丽职业技能培训学校
199 199 1202105156578 北京交控科技有限公司
200 200 1208105105262 鼎力联合（北京）科技有限公司
201 201 1213105156027 北京汇鑫鹏波科贸有限公司
202 202 1214105156391 北京中盾安民分析技术有限公司
203 203 1235105096895 谱尼测试科技股份有限公司
204 204 1236105051097 北京哈松联东晟汽车销售服务有限公司
-7-
205 205 1252105085933 北京三山五园园林工程有限公司第一分公司
206 206 1254105075567 北京广安融盛投资有限公司
207 207 1255105093840 北京趴体科技有限公司
208 208 1276105052921 北京中关村高新技术企业协会
209 209 1280105044548 北京红燃阳建设工程有限公司
210 210 1302105110411 北京市博道律师事务所
211 211 1303105093766 北京春禾园宾馆有限公司
212 212 1306105098212 锋创科技发展（北京）有限公司
213 213 1309105122688 北京中宇万通科技股份有限公司
214 214 1313105157670 北京视博数字电视科技有限公司
215 215 1317105148785 北京宏昌精进科技有限公司
216 216 1348105076021 路德思汽车销售服务（北京）有限公司
217 217 1350105098651 北京北汽大世汽车系统有限公司
218 218 1350105142027 北京华美创业装饰工程有限公司
219 219 1350105164955 悦康药业集团有限公司
220 220 1357105176265 北辰正方建设集团有限公司
221 221 1359105098647 北京北汽大世汽车系统有限公司
222 222 1359105149529 坤恒（北京）贸易发展有限公司
223 223 1359105157543 北京阳光保险代理有限公司
224 224 1366105125588 北京中意宇星国际贸易有限责任公司
225 225 1370105092751 北京天元和信税务师事务所有限公司
226 226 1378105157654 北京中材佳美资产管理有限责任公司
227 227 1399105113034 北京子云光道照明设计有限公司
228 228 1404105182078 北京联龙博通电子商务技术有限公司
229 229 1410105124381 北京富丽强达装饰工程有限公司
230 230 1442105087117 北京中金信隆国际商贸发展有限公司
231 231 1444105169583 北京触控科技有限公司
232 232 1445105144236 中信国安盟固利电源技术有限公司
233 233 1484105164972 悦康药业集团有限公司
234 234 1500105156157 北京凯比瑞精测技术有限公司
235 235 1510105135674 天安人寿保险股份有限公司
236 236 1519105156386 北京中盾安民分析技术有限公司
237 237 1520105105087 北京科之建环保工程有限公司
238 238 1528105096074 北京忠信飞达商贸有限公司
239 239 1543105121732 北京蓝汛通信技术有限责任公司
240 240 1546105175463 北京京运通科技股份有限公司
241 241 1551105143295 同方知网数字出版技术股份有限公司
-8-
242 242 1555105044784 北京中汇通合汽车销售服务有限公司
243 243 1566105145251 兰尼斯特（北京）建筑工程设计有限公司
244 244 1568105125786 北京鑫康辰医学科技发展有限公司
245 245 1584105079645 北京路铁安通科技有限公司
246 246 1594105044457 北京来广营中冀汽车销售有限公司
247 247 1598105156377 北京中盾安民分析技术有限公司
248 248 1601105125590 北京中意宇星国际贸易有限责任公司
249 249 1604105096250 北京紫玉国际商务俱乐部有限公司
250 250 1606105095977 知水德洋（北京）管理咨询有限公司
251 251 1611105176272 北辰正方建设集团有限公司
252 252 1616105086051 SMC（中国）有限公司
253 253 1618105090690 北京华美昌泰科贸有限公司
254 254 1626105086049 SMC（中国）有限公司
255 255 1627105156385 北京中盾安民分析技术有限公司
256 256 1628105114129 蓝光高品科技（北京）有限公司
257 257 1643105086136 SMC（中国）有限公司
258 258 1646105157194 路德思汽车销售服务（北京）有限公司
259 259 1651105156560 北京交控科技有限公司
260 260 1660105071589 金祺创（北京）技术有限公司
261 261 1663105102082 北京前门开关有限公司
262 262 1663105157640 北京视博数字电视科技有限公司
263 263 1673105078447 北京博智神州科技有限公司
264 264 1678105178341 北京市石景山区民族养老院
265 265 1691105044523 北京宏业绘景园林绿化工程有限公司
266 266 1697105157681 北京视博数字电视科技有限公司
267 267 1698105180156 红惠医药有限公司
268 268 1707105137790 中储粮服务有限公司
269 269 1712105087465 北京颐康兴医药有限公司
270 270 1716105045237 北京赛克玛环保仪器有限公司
271 271 1717105091236 北京金秋铜装饰材料有限公司
272 272 1720105123831 北京世纪天地大观广告有限公司
273 273 1720105180147 红惠医药有限公司
274 274 1735105076020 路德思汽车销售服务（北京）有限公司
275 275 1736105144061 北京市西城区志友培训学校
276 276 1737105145970 北京海天秀广告有限责任公司
277 277 1741105076035 路德思汽车销售服务（北京）有限公司
278 278 1744105125553 北京中德恩洋贸易有限公司
-9-
279 279 1749105088628 纳佰汇金（北京）科技有限公司
280 280 1763105176279 北辰正方建设集团有限公司
281 281 1767105145666 北京四海华辰科技有限公司
282 282 1768105064936 中信信托有限责任公司
283 283 1780105081148 北京赛格服装服饰有限公司工会委员会
284 284 1791105115395 北京金鹏苑房地产开发有限公司
285 285 1793105109367 北京市白盆窑物流中心
286 286 1801105159361 北京中和珍贝科技有限公司
287 287 1803105131889 乐视网信息技术（北京）股份有限公司
288 288 1815105086736 北京中百华瑞钟表有限责任公司
289 289 1821105157357 亚信科技（中国）有限公司
290 290 1822105106589 北京中航科创电气设备有限公司
291 291 1826105049114 北京威标至远科技发展有限公司
292 292 1827105135673 天安人寿保险股份有限公司
293 293 1829105051726 北京国际影视交流促进中心
294 294 1840105156572 北京交控科技有限公司
295 295 1840105159264 北京传统药香协会
296 296 1843105086144 SMC（中国）有限公司
297 297 1874105108170 北京苏合创意传媒广告有限公司
298 298 1879105049673 北京信诚康健医疗器械有限公司
299 299 1879105096031 互爱互动（北京）科技有限公司
300 300 1879105121727 北京蓝汛通信技术有限责任公司
301 301 1882105143210 北京紫云文心图书有限公司
302 302 1891105133053 北京龙轩广鑫和商贸有限公司
303 303 1891105156579 北京交控科技有限公司
304 304 1894105156418 北京瑞特爱能源科技股份有限公司
305 305 1896105064931 中信信托有限责任公司
306 306 1898105095412 北京永安伟业电力设备安装有限公司
307 307 1902105107637 北京东方怡光科技发展有限公司
308 308 1915105121729 北京蓝汛通信技术有限责任公司
309 309 1920105157492 北京东方千鹤珠宝有限公司
310 310 1925105109369 北京市白盆窑物流中心
311 311 1927105082429 北京李先生餐饮管理股份有限公司
312 312 1929105107421 北京信诺飞图科技有限公司
313 313 1941105098016 北京高尔夫球俱乐部
314 314 1946105050881 北京天苑森林商贸有限公司
315 315 1949105109888 北京华安保安职业技能培训学校
316 316 1953105076032 路德思汽车销售服务（北京）有限公司
-10-
317 317 1957105045242 北京赛克玛环保仪器有限公司
318 318 1970105093550 北京网乐无限科技有限公司
319 319 1971105176241 北辰正方建设集团有限公司
320 320 1973105156565 北京交控科技有限公司
321 321 1977105123620 北京宝泽行汽车销售服务有限公司
322 322 1977105145142 北京华丰盛达商贸有限公司
323 323 1979105086046 SMC（中国）有限公司
324 324 1982105097912 北京协科医药科技有限公司
325 325 1984105110327 北京隆百万酒楼第二分店
326 326 1985105044458 北京来广营中冀汽车销售有限公司
327 327 1996105065064 北京怀柔交通职业技能培训学校
328 328 2000105125289 北京北方天富工贸有限公司
329 329 2007105105284 鼎力联合（北京）科技有限公司
330 330 2023105101430 北京市居欢化工有限责任公司
331 331 2031105060096 《中国企业报》集团文化产业有限公司
332 332 2055105169581 北京触控科技有限公司
333 333 2058105180152 红惠医药有限公司
334 334 2070105156108 北京东方朗清洁净技术有限公司
335 335 2098105086047 SMC（中国）有限公司
336 336 2099105086138 SMC（中国）有限公司
337 337 2111105081602 北京链家房地产经纪有限公司
338 338 2119105098221 锋创科技发展（北京）有限公司
339 339 2124105164980 悦康药业集团有限公司
340 340 2128105159357 北京中和珍贝科技有限公司
341 341 2130105143300 同方知网数字出版技术股份有限公司
342 342 2131105093001 北京科优数简科技有限公司
343 343 2133105042916 北京市冀东通汽车有限责任公司
344 344 2136105172997 北京链家房地产经纪有限公司
345 345 2141105157529 北京时代光华电子技术有限公司
346 346 2144105086517 北京鼎顺通信工程有限公司
347 347 2148105157174 拓速乐汽车销售（北京）有限公司
348 348 2153105121724 北京蓝汛通信技术有限责任公司
349 349 2165105110228 北京安生绿源科技有限公司
350 350 2171105076697 北京理道律师事务所
351 351 2183105169579 北京触控科技有限公司
352 352 2185105156517 金石易服（北京）科技有限公司
353 353 2187105082739 北京柯理沃文化艺术有限公司
354 354 2191105083142 北京恒通伟业汽车服务有限责任公司
-11-
355 355 2201105123224 北京凯德历达科技发展有限公司
356 356 2209105176275 北辰正方建设集团有限公司
357 357 2217105118257 北京海鹰康云贸易有限公司
358 358 2225105142985 北京轻工房地产开发有限公司
359 359 2225105157674 北京视博数字电视科技有限公司
360 360 2229105086785 中国汽车工业国际合作有限公司
361 361 2234105119852 北京天和锐创商贸有限责任公司
362 362 2244105096539 北京惠邦科技有限公司
363 363 2245105129665 北京佳合盛道文化传播有限公司
364 364 2250105094463 北京红色温度餐饮有限公司
365 365 2253105098205 锋创科技发展（北京）有限公司
366 366 2266105127300 北京市东城区中医药学会东单中医门诊部
367 367 2271105121639 北京中科同志科技有限公司
368 368 2275105053395 北京优驰展览服务有限公司
369 369 2276105176278 北辰正方建设集团有限公司
370 370 2280105127244 北京润美康医药有限公司
371 371 2280105129265 北京天马轴承有限公司
372 372 2281105107528 北京百尚家和商贸有限公司
373 373 2286105157181 拓速乐汽车销售（北京）有限公司
374 374 2289105105261 鼎力联合（北京）科技有限公司
375 375 2293105080501 北京市中关村外国语学校
376 376 2306105098646 北京北汽大世汽车系统有限公司
377 377 2330105082295 北京通盈房地产开发有限公司
378 378 2344105047609 中建创园（北京）城市绿化咨询中心
379 379 2356105135131 中国生产力促进中心协会
380 380 2356105156883 北京大龙伟业投资顾问有限公司
381 381 2364105156582 京铁物流有限公司
382 382 2366105089038 博纳施（北京）流体控制设备有限公司
383 383 2366105109449 浙江银建装饰工程有限公司北京分公司
384 384 2370105111987 和润天成国际物流（北京）有限公司
385 385 2374105143312 北京市看丹投资管理中心
386 386 2379105176234 北辰正方建设集团有限公司
387 387 2380105096033 互爱互动（北京）科技有限公司
388 388 2395105156533 北京中安天泰建设工程有限公司
389 389 2398105076027 路德思汽车销售服务（北京）有限公司
390 390 2398105136209 北京市食品药品安全企业联盟
391 391 2407105180159 红惠医药有限公司
-12-
392 392 2420105081668 北京金粟劳务派遣有限公司
393 393 2423105101756 北京市海淀农业实用新技术推广协会
394 394 2427105156555 北京交控科技有限公司
395 395 2431105176264 北辰正方建设集团有限公司
396 396 2436105067600 北京市端澄律师事务所
397 397 2443105135202 北京东方大地汽车修理有限公司
398 398 2445105096890 谱尼测试科技股份有限公司
399 399 2445105137631 北京旺德福餐饮有限公司
400 400 2454105154642 北京亿思明科技发展有限公司
401 401 2467105176268 北辰正方建设集团有限公司
402 402 2485105090095 北京市海淀区百闻外语培训学校
403 403 2487105096460 北京市胜博舒雅包装制品有限公司
404 404 2488105116051 北京九城口岸软件科技有限公司
405 405 2499105180151 红惠医药有限公司
406 406 2504105157624 北京永新视博数字电视技术有限公司
407 407 2507105075013 北京市珍华金属结构厂
408 408 2509105121864 北京新学道教育科技有限公司
409 409 2518105096516 北京格林时代文化传播有限公司
410 410 2529105110378 北京华电瑞通电力工程技术有限公司
411 411 2536105127438 北京威克赛尔软件技术有限公司
412 412 2536105148631 北京柏豪置业有限公司
413 413 2549105052947 北京智成高科技产业发展研究所
414 414 2557105156116 北京东方朗清洁净技术有限公司
415 415 2559105110422 泰康资产管理有限责任公司
416 416 2578105139345 北京嘉德堂文化传播有限公司
417 417 2580105133069 北京凯圣律师事务所
418 418 2591105157677 北京视博数字电视科技有限公司
419 419 2592105121734 北京蓝汛通信技术有限责任公司
420 420 2594105143293 同方知网数字出版技术股份有限公司
421 421 2597105093582 北京康顺达农业科技有限公司
422 422 2606105064909 中信信托有限责任公司
423 423 2616105098121 北京中冀兴旺汽车销售有限公司
424 424 2626105138485 北京元坤锦华传媒广告有限公司
425 425 2638105156706 北京琴语琴愿文化传播有限公司
426 426 2641105157209 拓速乐汽车销售（北京）有限公司
427 427 2654105131493 北京市朝阳区八里庄第二社区卫生服务中心
428 428 2672105145796 北京中金国盛黄金有限公司
-13-
429 429 2692105109112 北京浩宇视界会展服务有限公司
430 430 2702105083398 北京洛可可科技有限公司
431 431 2704105172324 北京燕宝汽车服务有限公司
432 432 2710105104572 北京精气神印刷厂
433 433 2713105121736 北京蓝汛通信技术有限责任公司
434 434 2714105156679 宝瑞源生物技术（北京）有限公司
435 435 2730105157666 北京视博数字电视科技有限公司
436 436 2752105124194 北京百年世界老电话博物馆
437 437 2755105102832 北京迪玛克医药科技有限公司
438 438 2756105164979 悦康药业集团有限公司
439 439 2761105157678 北京视博数字电视科技有限公司
440 440 2764105175462 北京京运通科技股份有限公司
441 441 2769105155163 北京市京龙经济开发实业总公司
442 442 2773105086137 SMC（中国）有限公司
443 443 2773105088748 北京森斌国际教育科技有限公司
444 444 2776105176282 北辰正方建设集团有限公司
445 445 2789105164813 乐视网信息技术（北京）股份有限公司
446 446 2790105147462 北京市乾坤律师事务所
447 447 2809105081502 北京创业公社投资发展有限公司
448 448 2810105125552 北京中德恩洋贸易有限公司
449 449 2818105082509 中科恒源科技股份有限公司
450 450 2825105110380 北京华电瑞通电力工程技术有限公司
451 451 2826105065749 北京民海生物科技有限公司
452 452 2829105096886 谱尼测试科技股份有限公司
453 453 2854105110522 北京泰耐特技术有限公司
454 454 2855105144264 北京佳泰新材料有限公司
455 455 2868105156146 北京凯比瑞精测技术有限公司
456 456 2894105051167 北京百年饮品有限公司
457 457 2895105068008 北京庞大润华汽车销售服务有限公司
458 458 2900105045238 北京赛克玛环保仪器有限公司
459 459 2906105064920 中信信托有限责任公司
460 460 2910105156575 北京交控科技有限公司
461 461 2916105143005 北京盈之宝汽车销售服务有限公司
462 462 2923105082508 中科恒源科技股份有限公司
463 463 2928105144155 北京兴亦信达保洁服务有限公司
464 464 2942105086150 北京京通津顺机电设备有限公司
465 465 2947105087271 北京河南企业商会
466 466 2947105098347 北京华海北方科技有限公司
-14-
467 467 2961105049098 北京苏技创意建筑装饰工程有限公司
468 468 2964105156551 北京交控科技有限公司
469 469 2969105156081 北京凯比瑞精测技术有限公司
470 470 2972105112438 北京小鸟畅飞科技有限公司
471 471 2977105169578 北京触控科技有限公司
472 472 2981105076172 北京全顺行汽车租赁有限公司
473 473 2993105158302 北京秉鸿嘉辰创业投资管理有限公司
474 474 3004105116640 北京儒信志恒信息技术有限公司
475 475 3006105156372 北京中盾安民分析技术有限公司
476 476 3009105080738 北京康普森生物技术有限公司
477 477 3013105125955 盛世鑫源投资有限公司
478 478 3015105096042 互爱互动（北京）科技有限公司
479 479 3016105156558 北京交控科技有限公司
480 480 3020105157206 拓速乐汽车销售（北京）有限公司
481 481 3023105127256 北京润美康医药有限公司
482 482 3025105124389 北京华富保洁服务有限公司
483 483 3034105156557 北京交控科技有限公司
484 484 3045105067530 北京世纪港湾资产管理有限公司
485 485 3049105119697 北京天泰瑞林物业服务有限公司
486 486 3052105117800 北京百一明天易联信息技术有限公司
487 487 3055105157601 北京永新视博数字电视技术有限公司
488 488 3056105082251 北京现代汽车有限公司
489 489 3058105096551 北京长恒荣创科技有限公司
490 490 3067105121742 北京蓝汛通信技术有限责任公司
491 491 3097105081588 国电博纳（北京）电力设备有限公司
492 492 3097105088675 北京时尚联盟摄影有限公司
493 493 3102105143235 北京韩建河山管业股份有限公司
494 494 3111105164966 悦康药业集团有限公司
495 495 3112105110026 北京英捷特数字出版技术有限公司
496 496 3113105156111 北京东方朗清洁净技术有限公司
497 497 3115105121703 北京蓝汛通信技术有限责任公司
498 498 3117105127239 北京润美康医药有限公司
499 499 3119105164957 悦康药业集团有限公司
500 500 3124105156633 神州锦绣（北京）文化产业发展有限公司
501 501 3132105086662 中航荣欣投资有限公司
502 502 3137105104719 北京万恒科技有限公司
503 503 3141105127252 北京润美康医药有限公司
-15-
504 504 3144105078160 北京瀛和律师事务所
505 505 3154105059205 北京恒大汇鑫商贸有限公司
506 506 3154105132408 北京朗晟开关设备有限公司
507 507 3156105095792 北京中视精彩影视文化有限公司怀柔分公司
508 508 3158105107291 北京利因和自动化设备工程有限责任公司
509 509 3165105065906 北京中瑞汇通物业管理有限公司
510 510 3168105131892 乐视网信息技术（北京）股份有限公司
511 511 3173105164818 乐视网信息技术（北京）股份有限公司
512 512 3187105096889 谱尼测试科技股份有限公司
513 513 3195105156144 北京凯比瑞精测技术有限公司
514 514 3200105078704 北京中航天泰科技有限公司
515 515 3203105058341 北京圣博润高新技术股份有限公司
516 516 3206105125303 北京中航巨力给水设备有限公司
517 517 3213105088389 北京鑫标记环保节能技术咨询有限公司
518 518 3214105087424 北京庞大腾飞汽车销售服务有限公司
519 519 3223105086140 SMC（中国）有限公司
520 520 3232105113717 北京赛欧广告有限公司
521 521 3233105044922 北京商壤人力资源有限公司
522 522 3233105143128 北京天信时医药有限公司
523 523 3237105147711 香港中资国际有限公司北京代表处
524 524 3274105176236 北辰正方建设集团有限公司
525 525 3281105145962 北京中网在线广告有限公司
526 526 3283105175878 山东益通安装有限公司北京分公司
527 527 3299105157680 北京视博数字电视科技有限公司
528 528 3302105119740 密云县密云镇西户部庄股份经济合作社
529 529 3302105126281 北京市大恒彩印包装材料有限公司
530 530 3307105110099 中航建设集团有限公司
531 531 3311105156113 北京东方朗清洁净技术有限公司
532 532 3314105094224 北京市克赛思照明工程有限公司
533 533 3320105157204 拓速乐汽车销售（北京）有限公司
534 534 3329105061269 北京东风南方大成汽车销售服务有限公司
535 535 3331105080268 北京天宇盛典广告有限公司
536 536 3332105092728 云端互通（北京）计算机技术有限公司
537 537 3339105076221 北京容基方业科技发展有限公司
538 538 3340105106855 思雅生活空间技术（北京）有限公司
-16-
539 539 3353105109461 北京智华信科技股份有限公司
540 540 3360105156379 北京中盾安民分析技术有限公司
541 541 3366105131963 北京昕晟嘉广告有限公司
542 542 3373105085707 北京振东光明药物研究院有限公司
543 543 3379105133746 北京禹晟皓广告制作有限公司
544 544 3387105156376 北京中盾安民分析技术有限公司
545 545 3400105105031 恒润基（北京）科技有限公司
546 546 3404105131890 乐视网信息技术（北京）股份有限公司
547 547 3404105156658 库尔医疗技术（北京）有限公司
548 548 3435105086045 SMC（中国）有限公司
549 549 3436105042917 北京市冀东通汽车有限责任公司
550 550 3436105086300 北京汇京世纪汽车贸易发展有限公司
551 551 3436105093037 北京昆山电缆集团有限公司
552 552 3441105086143 SMC（中国）有限公司
553 553 3448105144682 北京佳然天成科贸有限公司
554 554 3449105055064 北京顺祥嘉华建筑工程有限公司
555 555 3451105076034 路德思汽车销售服务（北京）有限公司
556 556 3458105142983 北京盈之宝汽车销售服务有限公司
557 557 3466105156516 金石易服（北京）科技有限公司
558 558 3481105156083 北京凯比瑞精测技术有限公司
559 559 3500105044130 北京筑通兴邦建筑设备租赁有限公司
560 560 3500105077975 北京一品盛装服装有限公司
561 561 3503105120009 湖北凌志装饰工程有限公司北京分公司
562 562 3504105084319 北京市蒙盛源咨询服务有限公司蒙元宾馆
563 563 3535105143986 北京东方美丽乡村发展基金会
564 564 3541105121740 北京蓝汛通信技术有限责任公司
565 565 3543105157183 拓速乐汽车销售（北京）有限公司
566 566 3548105044411 中融民信资本管理有限公司
567 567 3551105127242 北京润美康医药有限公司
568 568 3554105157356 亚信科技（中国）有限公司
569 569 3557105082513 中科恒源科技股份有限公司
570 570 3560105133752 谱伊姿（北京）建筑装饰工程有限公司
571 571 3566105098220 锋创科技发展（北京）有限公司
572 572 3571105156564 北京交控科技有限公司
573 573 3573105105227 北京拉手网络技术有限公司
574 574 3578105076029 路德思汽车销售服务（北京）有限公司
575 575 3581105079429 北京华电瑞通电力工程技术有限公司
-17-
576 576 3584105075892 北京天辰信和物业管理有限公司
577 577 3584105157215 拓速乐汽车销售（北京）有限公司
578 578 3587105157351 亚信科技（中国）有限公司
579 579 3591105082176 北京金康瑞贸易有限公司
580 580 3592105092724 中华慈善总会
581 581 3593105061378 北京海宏兄弟广告制作有限公司
582 582 3601105157303 北京昊天惠合科贸有限公司
583 583 3602105116160 北京风采方程文化传播有限公司
584 584 3611105089348 北京赛恩瑞德科技有限公司
585 585 3612105118282 北京鑫利快达餐饮管理中心
586 586 3615105143007 北京盈之宝汽车销售服务有限公司
587 587 3618105098215 锋创科技发展（北京）有限公司
588 588 3628105082510 中科恒源科技股份有限公司
589 589 3630105082515 中科恒源科技股份有限公司
590 590 3633105180158 红惠医药有限公司
591 591 3639105156567 北京交控科技有限公司
592 592 3643105153633 北京润泽玉苑餐饮有限公司
593 593 3656105157586 北京韩建河山管业股份有限公司
594 594 3663105125918 北京卓兴建设有限公司一分公司
595 595 3669105127246 北京润美康医药有限公司
596 596 3674105047717 北京通达宏瑞电力设备有限公司
597 597 3674105051096 北京哈松联东晟汽车销售服务有限公司
598 598 3680105115484 北京中保伟业保安服务有限公司
599 599 3697105044919 北京中天世纪房地产开发有限公司
600 600 3709105143237 北京韩建河山管业股份有限公司
601 601 3710105104385 中瑞益技术服务（北京）有限公司
602 602 3717105079994 北京金蓝人力资源服务有限公司
603 603 3723105105258 鼎力联合（北京）科技有限公司
604 604 3728105086044 SMC（中国）有限公司
605 605 3729105083038 中社社会工作发展基金会
606 606 3736105063665 北京城建深港建筑装饰工程有限公司
607 607 3739105113332 中国认知科学学会
608 608 3768105142988 北京轻工房地产开发有限公司
609 609 3769105124152 北京广益发汽车贸易有限公司
610 610 3772105115351 北京富乐尔津电子科技有限公司
611 611 3781105127789 艾斯东升科技（北京）有限公司
612 612 3790105144239 中信国安盟固利电源技术有限公司
613 613 3793105075887 北京安恒伟业系统工程技术有限公司
-18-
614 614 3803105081180 城市在线（北京）科技有限公司
615 615 3821105156383 北京中盾安民分析技术有限公司
616 616 3829105088700 北京市朝阳田华建筑集团公司田六七工程队
617 617 3830105111467 北京千嘉宝商务服务有限公司
618 618 3838105124170 北京市鼎鸿餐饮有限公司
619 619 3841105109368 北京市白盆窑物流中心
620 620 3851105086352 北京招通致晟软件技术有限公司
621 621 3852105124153 北京广益发汽车贸易有限公司
622 622 3853105156574 北京交控科技有限公司
623 623 3865105109931 北京北鹏新型建材有限公司
624 624 3869105105091 北京科之建环保工程有限公司
625 625 3872105159360 北京中和珍贝科技有限公司
626 626 3874105156147 北京凯比瑞精测技术有限公司
627 627 3876105094868 北京圣堡龙服装有限责任公司
628 628 3890105157743 IDG资本投资顾问（北京）有限公司
629 629 3897105180123 红惠医药有限公司
630 630 3900105084053 北京华茂科技有限公司
631 631 3928105068007 北京庞大润华汽车销售服务有限公司
632 632 3934105098210 锋创科技发展（北京）有限公司
633 633 3935105082252 北京现代汽车有限公司
634 634 3957105080390 北京子元创业科贸有限公司
635 635 3958105098644 北京北汽大世汽车系统有限公司
636 636 3961105164968 悦康药业集团有限公司
637 637 3972105092959 北京金宝莱投资管理有限公司
638 638 3977105121726 北京蓝汛通信技术有限责任公司
639 639 3982105112236 北阀集团北京阀门有限公司
640 640 3983105078335 北京悦堂文化传媒有限公司
641 641 3988105045020 北京天华育鑫科贸有限公司
642 642 3996105052087 北京和谐继承服务中心
643 643 4001105156576 北京交控科技有限公司
644 644 4018105157179 拓速乐汽车销售（北京）有限公司
645 645 4019105098120 北京中冀兴旺汽车销售有限公司
646 646 4036105096045 互爱互动（北京）科技有限公司
647 647 4037105111425 北京群升北亦门业有限公司
648 648 4039105107254 北京盈信通酒店管理有限公司
649 649 4047105144234 中信国安盟固利电源技术有限公司
650 650 4053105125787 北京鑫康辰医学科技发展有限公司
-19-
651 651 4064105143009 北京盈之宝汽车销售服务有限公司
652 652 4083105109280 北京中世能信息咨询有限公司
653 653 4088105107841 北京东方润众劳务服务有限公司
654 654 4093105113504 北京欣程信达建筑工程有限公司
655 655 4098105129267 北京天马轴承有限公司
656 656 4102105180116 红惠医药有限公司
657 657 4114105134546 北京达顺威尔科技有限公司
658 658 4123105172995 北京链家房地产经纪有限公司
659 659 4130105111598 北京白盆窑天兴投资管理公司
660 660 4138105156080 北京凯比瑞精测技术有限公司
661 661 4142105157358 亚信科技（中国）有限公司
662 662 4148105122546 华创融盛展示（北京）有限公司
663 663 4164105079460 北京凯莹装饰工程有限公司
664 664 4166105112334 北京大华铭科环保科技有限公司
665 665 4186105157175 拓速乐汽车销售（北京）有限公司
666 666 4198105098224 锋创科技发展（北京）有限公司
667 667 4203105047296 北京东坤兴达商贸有限公司
668 668 4205105082157 北京华体世纪物业管理有限公司
669 669 4208105157352 亚信科技（中国）有限公司
670 670 4222105165817 北京市首都公路发展集团有限公司
671 671 4231105149951 北京市东城区艺德前程职业技能培训学校
672 672 4237105125896 北京现代药物代谢研究院
673 673 4241105122272 北京鼎维通电气安装有限公司
674 674 4247105064922 中信信托有限责任公司
675 675 4247105086152 北京京味坊食品有限责任公司
676 676 4280105159442 北京市国汉律师事务所
677 677 4284105147292 澳美欧（北京）国际商务服务中心
678 678 4296105145859 京扬世纪科技发展（北京）有限公司
679 679 4299105116013 北京阳光秀美图书有限责任公司工会委员会
680 680 4302105106925 北京毅丰龙达科技有限公司
681 681 4302105164820 乐视网信息技术（北京）股份有限公司
682 682 4305105143100 河北建设集团有限公司北京八分公司
683 683 4313105045240 北京赛克玛环保仪器有限公司
684 684 4313105092794 中矿启能科技（北京）有限责任公司
685 685 4314105069501 北京兴盛浩成货运有限公司
686 686 4318105098648 北京北汽大世汽车系统有限公司
-20-
687 687 4325105049590 北京中体健力体育设施工程有限公司
688 688 4326105086748 北京鸿德酒店管理有限公司
689 689 4326105109371 北京浩琼鹏宇科技发展有限公司
690 690 4333105076185 北京饰美精艺亚克力制品有限公司
691 691 4342105156550 北京交控科技有限公司
692 692 4344105156373 北京中盾安民分析技术有限公司
693 693 4362105093304 中美思地建筑设计（北京）有限公司
694 694 4378105095776 北京国是经纬科技股份有限公司
695 695 4381105157676 北京视博数字电视科技有限公司
696 696 4387105147927 北京怡天惠金属材料有限公司
697 697 4402105094198 欣丰卓群科技(北京)有限公司
698 698 4402105126310 北京市海淀区龙图教育培训学校
699 699 4407105137256 北京苏阳科技发展有限公司
700 700 4454105107661 北京依兰雅乐文化传播有限公司
701 701 4457105156153 北京凯比瑞精测技术有限公司
702 702 4466105105030 恒润基（北京）科技有限公司
703 703 4477105153472 北京河南经济文化促进会
704 704 4481105082512 中科恒源科技股份有限公司
705 705 4485105127254 北京润美康医药有限公司
706 706 4494105107465 北京海通新源科技有限公司
707 707 4495105086516 北京鼎顺通信工程有限公司
708 708 4498105150806 北京汉品正和公关顾问有限公司
709 709 4507105078906 艾迪艾思（北京）科技有限公司
710 710 4507105098214 锋创科技发展（北京）有限公司
711 711 4521105100521 北京希福电气安装工程有限公司
712 712 4524105164963 悦康药业集团有限公司
713 713 4528105157214 拓速乐汽车销售（北京）有限公司
714 714 4531105093552 北京汇英成科技有限公司
715 715 4548105098183 锋创科技发展（北京）有限公司
716 716 4550105135701 北京明德慧通通信工程有限公司
717 717 4561105090827 北京盛达礼业科贸有限公司
718 718 4562105067529 北京世纪港湾资产管理有限公司
719 719 4582105127840 北京亚群广告有限公司
720 720 4584105156562 北京交控科技有限公司
721 721 4593105157682 北京视博数字电视科技有限公司
722 722 4621105122273 北京鼎维通电气安装有限公司
723 723 4630105127255 北京润美康医药有限公司
724 724 4644105129269 北京天马轴承有限公司
-21-
725 725 4660105157188 路德思汽车销售服务（北京）有限公司
726 726 4661105143008 北京盈之宝汽车销售服务有限公司
727 727 4675105138734 北京市华一律师事务所
728 728 4687105161666 北京中航泰达环保科技股份有限公司
729 729 4716105144223 北京千里驹展览展示有限公司
730 730 4731105115397 北京金鹏苑房地产开发有限公司
731 731 4739105094632 北京方二文化艺术传播有限公司
732 732 4743105092761 北京广安融泰投资有限公司
733 733 4748105098223 锋创科技发展（北京）有限公司
734 734 4749105164814 乐视网信息技术（北京）股份有限公司
735 735 4760105114196 北京爱尔法广告有限公司
736 736 4767105138711 北京多能华科技有限公司
737 737 4774105084138 北京东方日盛科技有限公司
738 738 4774105157669 北京视博数字电视科技有限公司
739 739 4777105048909 北京闻道乐学国际教育咨询有限公司
740 740 4800105090230 北京连洋鞋业有限公司
741 741 4802105084662 北京东方二十八号餐饮管理有限公司
742 742 4812105095751 北京美好愿景餐饮管理有限公司
743 743 4814105125550 北京中德恩洋贸易有限公司
744 744 4825105172998 北京链家房地产经纪有限公司
745 745 4839105124377 北京西国贸大酒店管理有限公司东镇欣园物业管理分公司
746 746 4844105093977 北京利诚宏泰管理咨询有限责任公司
747 747 4857105143298 同方知网数字出版技术股份有限公司
748 748 4858105096248 北京紫玉国际商务俱乐部有限公司
749 749 4859105081526 北京美得佳装饰工程有限公司
750 750 4871105129271 北京天马轴承有限公司
751 751 4873105180155 红惠医药有限公司
752 752 4881105143099 河北建设集团有限公司北京八分公司
753 753 4910105107288 北京住总物流科技有限公司
754 754 4929105079558 北京双富丽建筑工程有限公司
755 755 4936105157496 北京华信诚汽车技术有限公司
756 756 4937105080952 北京嘉祥平安物流有限公司
757 757 4950105086052 SMC（中国）有限公司
758 758 4963105064932 中信信托有限责任公司
759 759 4971105047627 北京市丰台区王佐镇西庄店村村民委员会
760 760 4977105112591 北京中地泓科环境科技有限公司
-22-
761 761 4978105156561 北京交控科技有限公司
762 762 4995105156145 北京凯比瑞精测技术有限公司
763 763 5001105065734 北京捷亚泰中盛汽车销售有限公司
764 764 5004105134223 北京金鼎恒业投资发展有限公司
765 765 5004105143097 河北建设集团有限公司北京八分公司
766 766 5015105152838 北京市海淀区中律华成培训学校
767 767 5016105156120 北京东方朗清洁净技术有限公司
768 768 5022105156419 北京瑞特爱能源科技股份有限公司
769 769 5032105101395 北京绿水园林绿化工程有限公司
770 770 5040105131951 北京航天风云文化传媒有限公司
771 771 5047105127253 北京润美康医药有限公司
772 772 5060105161334 北京市君泽君律师事务所
773 773 5065105145349 北京市朝阳区望和公园
774 774 5078105096032 互爱互动（北京）科技有限公司
775 775 5085105104687 北京盛宇房地产咨询有限公司
776 776 5090105172325 北京燕宝汽车服务有限公司
777 777 5091105075886 北京安恒伟业系统工程技术有限公司
778 778 5097105127240 北京润美康医药有限公司
779 779 5101105054432 京盾（北京）保安服务有限公司
780 780 5104105145159 北京大行乐业工程机械设备有限公司
781 781 5105105098119 北京中冀兴旺汽车销售有限公司
782 782 5110105093639 北京空港方兴机动车检测有限公司
783 783 5143105160870 北京京宝行汽车销售服务有限公司
784 784 5152105137405 中国储备粮管理总公司
785 785 5162105095723 北京乐麦卓创网络科技有限公司
786 786 5164105120008 湖北凌志装饰工程有限公司北京分公司
787 787 5166105109046 北京昌平区天通仁和医院
788 788 5171105125554 北京中德恩洋贸易有限公司
789 789 5176105057818 北京华夏典藏龙文化传播有限责任公司
790 790 5196105157177 拓速乐汽车销售（北京）有限公司
791 791 5201105120282 北京鑫鹏世纪汽车销售服务有限公司
792 792 5204105103014 北京诚意明德汽车用品有限公司
793 793 5210105156584 京铁物流有限公司
794 794 5230105083765 北京翔盛包装材料有限公司
795 795 5231105180118 红惠医药有限公司
796 796 5234105169577 北京触控科技有限公司
797 797 5235105073899 杜鸣联合房地产评估（北京）有限公司
798 798 5242105115336 北京百纳德科技有限公司
-23-
799 799 5264105044783 北京中汇通合汽车销售服务有限公司
800 800 5264105156302 简式国际汽车设计（北京）有限公司
801 801 5293105156156 北京凯比瑞精测技术有限公司
802 802 5301105144156 北京兴亦信达保洁服务有限公司
803 803 5305105139963 北京世纪中科清洁服务有限公司
804 804 5305105164962 悦康药业集团有限公司
805 805 5326105121731 北京蓝汛通信技术有限责任公司
806 806 5336105098122 北京中冀兴旺汽车销售有限公司
807 807 5340105097049 北京市石景山区华英培训学校
808 808 5409105095411 北京永安伟业电力设备安装有限公司
809 809 5413105045239 北京赛克玛环保仪器有限公司
810 810 5416105121808 北京金岩达国际文化传媒有限责任公司
811 811 5423105093568 北京光润通科技发展有限公司
812 812 5430105137628 北京怀兴旺电动小客车出租有限责任公司
813 813 5438105096039 互爱互动（北京）科技有限公司
814 814 5440105180160 红惠医药有限公司
815 815 5462105156965 北京太和妇产医院有限公司工会
816 816 5464105052612 北京格林博瑞科技有限公司
817 817 5469105169575 北京触控科技有限公司
818 818 5478105145162 北京合兴通达会议服务有限公司
819 819 5508105164975 悦康药业集团有限公司
820 820 5519105086430 北京飞度创意展览有限公司
821 821 5525105044785 北京中汇通合汽车销售服务有限公司
822 822 5527105064929 中信信托有限责任公司
823 823 5532105083519 北京海泰威工贸有限公司
824 824 5534105058364 北京圣博润高新技术股份有限公司
825 825 5540105081902 北京温阳新星文化传媒有限公司
826 826 5545105138137 北京麦迪锦诚医用品有限公司
827 827 5549105121553 北京熙瑞律师事务所
828 828 5552105079459 北京凯莹装饰工程有限公司
829 829 5573105109166 北京华麒通信科技股份有限公司
830 830 5595105131792 北京安驰同创电子设备有限公司
831 831 5597105079428 北京华电瑞通电力工程技术有限公司
832 832 5605105044455 北京来广营中冀汽车销售有限公司
833 833 5605105176267 北辰正方建设集团有限公司
834 834 5608105142986 北京轻工房地产开发有限公司
835 835 5609105156583 京铁物流有限公司
-24-
836 836 5611105113369 北京索腾科技有限公司
837 837 5617105079082 北京飞利信科技股份有限公司
838 838 5618105164961 悦康药业集团有限公司
839 839 5623105105530 中新天源（北京）国际建筑科技有限公司
840 840 5631105139931 北京马华餐饮有限公司
841 841 5633105140254 北京振力弘业展示服务有限公司
842 842 5641105110376 北京华电瑞通电力工程技术有限公司
843 843 5646105122514 北京星德宝汽车销售服务有限公司
844 844 5646105156710 北京大道之行企业管理有限公司
845 845 5652105079722 北京百朗律师事务所
846 846 5662105156387 北京中盾安民分析技术有限公司
847 847 5663105164977 悦康药业集团有限公司
848 848 5665105081667 北京金粟劳务派遣有限公司
849 849 5669105045235 北京赛克玛环保仪器有限公司
850 850 5681105078733 北京德海峰机电设备有限公司
851 851 5682105157404 牧德科技（北京）有限公司
852 852 5684105051092 北京哈松联东晟汽车销售服务有限公司
853 853 5684105121700 北京蓝汛通信技术有限责任公司
854 854 5693105078535 电通无线（北京）网络科技有限公司
855 855 5697105122513 北京星德宝汽车销售服务有限公司
856 856 5697105145458 北京永业创世科技有限公司
857 857 5702105156378 北京中盾安民分析技术有限公司
858 858 5706105079392 北京三聚环保新材料股份有限公司
859 859 5718105092715 北京刷新活力健康科技有限公司
860 860 5723105098444 北京朗万科技发展有限公司
861 861 5726105156396 美冠（北京）科技有限公司
862 862 5744105098106 北京市圣赛瑞特网络科技有限公司
863 863 5747105097968 北京和合智慧教育咨询有限公司
864 864 5750105097862 国金基金管理有限公司
865 865 5754105053517 北京新府科创投资管理有限公司
866 866 5765105058343 北京圣博润高新技术股份有限公司
867 867 5768105058366 北京圣博润高新技术股份有限公司
868 868 5771105047393 北京思立达科技有限公司
869 869 5778105157178 拓速乐汽车销售（北京）有限公司
870 870 5783105114457 北京科锐思电气有限责任公司
871 871 5798105105121 北京时代正邦科技股份有限公司
872 872 5811105125785 北京鑫康辰医学科技发展有限公司
-25-
873 873 5814105111189 北京欣盈润商贸有限公司
874 874 5823105096044 互爱互动（北京）科技有限公司
875 875 5836105148576 北京柏豪置业有限公司
876 876 5842105121702 北京蓝汛通信技术有限责任公司
877 877 5845105157182 拓速乐汽车销售（北京）有限公司
878 878 5851105081630 北京奥体创合体育科技发展有限公司
879 879 5851105157602 北京永新视博数字电视技术有限公司
880 880 5857105157675 北京视博数字电视科技有限公司
881 881 5876105095430 北京福至创展商业管理有限公司
882 882 5878105050775 北京东方绿林家具有限公司
883 883 5881105086145 SMC（中国）有限公司
884 884 5886105131891 乐视网信息技术（北京）股份有限公司
885 885 5898105098335 北京九天利建信息技术有限公司
886 886 5905105078407 北京京运通科技股份有限公司
887 887 5905105096083 北京八棵树舞台技术开发有限公司
888 888 5915105131888 乐视网信息技术（北京）股份有限公司
889 889 5918105064362 北京市健强律师事务所
890 890 5923105180121 红惠医药有限公司
891 891 5929105122214 北京佳博祥诚劳务服务有限公司
892 892 5959105095624 北京东方高圣投资管理咨询有限责任公司
893 893 5960105095101 北京市西城区高思培训学校
894 894 5961105156114 北京东方朗清洁净技术有限公司
895 895 5964105143021 北京大方科技有限责任公司
896 896 5966105086542 北京乐之邦电子科技有限公司
897 897 5972105108791 北京大行简道资产管理有限公司
898 898 5977105082507 中科恒源科技股份有限公司
899 899 5985105146929 北京市朝阳区启仁培训学校
900 900 5999105077955 北京信诚鼎立科贸有限公司
901 901 6000105145436 北京华乐博尔商贸有限公司
902 902 6000105180144 红惠医药有限公司
903 903 6001105078311 北京诚信必拓软件科技有限公司
904 904 6003105102831 北京迪玛克医药科技有限公司
905 905 6005105105320 北京聚思信息咨询有限公司
906 906 6016105146848 北京市中科启元学校
907 907 6029105165812 北京市首都公路发展集团有限公司
908 908 6031105064924 中信信托有限责任公司
909 909 6032105147299 北京鑫和鸿业商贸有限公司
-26-
910 910 6036105064928 中信信托有限责任公司
911 911 6049105176238 北辰正方建设集团有限公司
912 912 6055105098653 北京北汽大世汽车系统有限公司
913 913 6055105157195 路德思汽车销售服务（北京）有限公司
914 914 6056105085565 北京易自同创科技有限公司
915 915 6060105127183 北京市丰台区基督教三自爱国运动委员会
916 916 6071105143876 北京百联雄业经贸有限公司
917 917 6076105073795 中孚联合（北京）医疗器械有限公司
918 918 6080105143360 北京环三环原创投资管理有限公司
919 919 6099105065733 北京捷亚泰中盛汽车销售有限公司
920 920 6100105098649 北京北汽大世汽车系统有限公司
921 921 6103105064933 中信信托有限责任公司
922 922 6110105137464 常州市绿洲园林建筑工程有限公司北京第二分公司
923 923 6111105113581 北京安瑞中兴科技有限公司
924 924 6113105142989 北京轻工房地产开发有限公司
925 925 6119105113308 京城亚圣家具（北京）有限公司
926 926 6126105148722 北京英明基业商贸有限公司
927 927 6132105098208 锋创科技发展（北京）有限公司
928 928 6134105112166 北京鹏昆盛钢材管件有限公司
929 929 6138105124276 北京开元浩海科技发展有限公司
930 930 6143105157208 拓速乐汽车销售（北京）有限公司
931 931 6154105157665 北京视博数字电视科技有限公司
932 932 6160105082058 北京永邦盛达化工产品有限公司
933 933 6162105169569 北京触控科技有限公司
934 934 6166105058522 迪爱酒店管理（北京）有限责任公司
935 935 6168105125886 北京奇华智慧交通科技股份有限公司
936 936 6187105156554 北京交控科技有限公司
937 937 6190105114177 北京德正通大科技有限公司
938 938 6193105180146 红惠医药有限公司
939 939 6194105081842 顺义区杨镇地区东庞村村民委员会
940 940 6209105098207 锋创科技发展（北京）有限公司
941 941 6227105137406 中国储备粮管理总公司
942 942 6242105129799 中建科工（北京）检测中心
943 943 6244105157354 亚信科技（中国）有限公司
944 944 6247105078945 北京惠人文化传播有限公司
945 945 6258105113471 北京中科京盾科技有限公司
-27-
946 946 6264105082506 中科恒源科技股份有限公司
947 947 6269105143098 河北建设集团有限公司北京八分公司
948 948 6273105157355 亚信科技（中国）有限公司
949 949 6277105051330 北京创业公社投资发展有限公司
950 950 6294105096036 互爱互动（北京）科技有限公司
951 951 6308105164971 悦康药业集团有限公司
952 952 6310105082520 中科恒源科技股份有限公司
953 953 6318105169573 北京触控科技有限公司
954 954 6330105165814 北京市首都公路发展集团有限公司
955 955 6340105126164 泰卓衡（北京）咨询有限公司
956 956 6346105082514 中科恒源科技股份有限公司
957 957 6348105082522 中科恒源科技股份有限公司
958 958 6348105125586 北京中意宇星国际贸易有限责任公司
959 959 6360105116229 魔秀科技（北京）有限公司
960 960 6376105155315 北京傅瑞物流有限公司
961 961 6391105082253 北京现代汽车有限公司
962 962 6393105144157 北京兴亦信达保洁服务有限公司
963 963 6419105164956 悦康药业集团有限公司
964 964 6431105124205 北京市西城区文瑞源培训学校
965 965 6436105143004 北京盈之宝汽车销售服务有限公司
966 966 6446105135191 北京盛远讯达投资咨询有限公司
967 967 6453105067255 安语美容（上海）有限公司北京分公司
968 968 6461105157603 北京永新视博数字电视技术有限公司
969 969 6469105058365 北京圣博润高新技术股份有限公司
970 970 6471105087604 北京思百客餐饮管理有限公司
971 971 6491105122527 北京誉兴富餐饮管理有限公司
972 972 6497105176240 北辰正方建设集团有限公司
973 973 6500105098216 锋创科技发展（北京）有限公司
974 974 6503105099135 中财金控投资有限公司
975 975 6521105154252 北京元正和合信息技术有限公司
976 976 6533105165818 北京市首都公路发展集团有限公司
977 977 6538105131885 乐视网信息技术（北京）股份有限公司
978 978 6548105115398 北京金鹏苑房地产开发有限公司
979 979 6554105156384 北京中盾安民分析技术有限公司
980 980 6569105125587 北京中意宇星国际贸易有限责任公司
981 981 6574105157635 北京视博数字电视科技有限公司
982 982 6582105073838 农村小康发展研究中心
983 983 6582105095697 北京金纬银河商贸有限责任公司
-28-
984 984 6582105098735 北京招通致晟科技有限公司
985 985 6586105171686 北京广化寺
986 986 6594105164973 悦康药业集团有限公司
987 987 6596105096613 北京上风空间装饰工程有限公司
988 988 6602105172996 北京链家房地产经纪有限公司
989 989 6608105157641 北京视博数字电视科技有限公司
990 990 6610105115750 北京信泽金通信息咨询有限公司
991 991 6612105097561 北京天利康泽医药科技开发有限公司
992 992 6637105115411 北京全中时代广告文化发展中心
993 993 6640105134286 人民法院信息技术服务中心
994 994 6650105142999 北京市崇华建筑工程有限公司
995 995 6652105132460 东方斯丹（北京）国际管理咨询有限公司
996 996 6658105109727 北京市盛安达律师事务所
997 997 6664105129029 北京中道水务设备有限责任公司
998 998 6668105076031 路德思汽车销售服务（北京）有限公司
999 999 6669105127238 北京润美康医药有限公司
1000 1000 6674105096043 互爱互动（北京）科技有限公司
1001 1001 6679105122689 北京中宇万通科技股份有限公司
1002 1002 6680105109267 北京德科岛金科技有限公司
1003 1003 6684105157639 北京视博数字电视科技有限公司
1004 1004 6694105069876 北京彼酷文化发展有限公司
1005 1005 6694105169570 北京触控科技有限公司
1006 1006 6709105098103 埃特罗斯（北京）电气有限公司
1007 1007 6710105098222 锋创科技发展（北京）有限公司
1008 1008 6711105122274 诺斯普建筑材料（北京）有限公司
1009 1009 6713105095612 北京瑞元恒泰科贸有限公司
1010 1010 6720105095409 北京永安伟业电力设备安装有限公司
1011 1011 6720105156107 北京东方朗清洁净技术有限公司
1012 1012 6729105157205 拓速乐汽车销售（北京）有限公司
1013 1013 6734105078243 北京恒昌新力科技有限公司
1014 1014 6741105098027 北京单峰驼经贸有限公司
1015 1015 6744105103226 北京三汇能环科技发展有限公司
1016 1016 6751105096422 中航发动机有限责任公司
1017 1017 6761105181127 北京易才人力资源顾问有限公司
1018 1018 6779105157667 北京视博数字电视科技有限公司
1019 1019 6780105109858 北京华安保安服务有限公司
1020 1020 6785105098209 锋创科技发展（北京）有限公司
-29-
1021 1021 6799105082280 北京中智隆科贸有限公司
1022 1022 6799105157643 北京视博数字电视科技有限公司
1023 1023 6805105164970 悦康药业集团有限公司
1024 1024 6806105061117 北京建房房地产开发有限公司
1025 1025 6806105129270 北京天马轴承有限公司
1026 1026 6829105122505 北京立方智达科技有限公司
1027 1027 6830105110377 北京华电瑞通电力工程技术有限公司
1028 1028 6832105110076 角度建筑设计（北京）有限公司
1029 1029 6834105101859 北京卓兴建设有限公司
1030 1030 6840105064914 中信信托有限责任公司
1031 1031 6846105086068 北京中海兴华税务师事务所有限公司
1032 1032 6859105093232 北京华夏满天星城市售票网络技术有限公司
1033 1033 6861105100522 北京希福电气安装工程有限公司
1034 1034 6865105081371 北京玉叶远航科技有限公司
1035 1035 6885105156568 北京交控科技有限公司
1036 1036 6891105069428 北京千秋记餐饮管理有限公司
1037 1037 6897105076030 路德思汽车销售服务（北京）有限公司
1038 1038 6899105115423 北京市大兴区魏善庄镇敬老院
1039 1039 6900105124060 北京捷佳视讯科技有限公司
1040 1040 6906105088702 北京艺乐环境工程有限公司
1041 1041 6908105147097 北京潜龙时代环境工程有限公司
1042 1042 6910105146497 北京阿尔多科贸有限公司
1043 1043 6913105131678 北京盛世华轩投资有限公司
1044 1044 6917105164982 悦康药业集团有限公司
1045 1045 6930105156150 北京凯比瑞精测技术有限公司
1046 1046 6936105135650 北京普莱德新能源电池科技有限公司
1047 1047 6939105156563 北京交控科技有限公司
1048 1048 6950105084113 北京维思汇智科技发展有限公司
1049 1049 6957105082175 北京远东祥达科技发展有限公司
1050 1050 6961105063833 一品香山（北京）桃园经营有限公司
1051 1051 6968105076023 路德思汽车销售服务（北京）有限公司
1052 1052 6978105122657 北京中油龙硕信息技术有限公司
1053 1053 6981105156577 北京交控科技有限公司
1054 1054 6986105157642 北京视博数字电视科技有限公司
1055 1055 6996105127251 北京润美康医药有限公司
1056 1056 6998105180161 红惠医药有限公司
1057 1057 7006105125549 北京中德恩洋贸易有限公司
-30-
1058 1058 7022105149564 北京天元四维航空科技有限公司
1059 1059 7029105156117 北京东方朗清洁净技术有限公司
1060 1060 7034105101492 北京鑫桐世纪物流有限公司
1061 1061 7037105076033 路德思汽车销售服务（北京）有限公司
1062 1062 7041105151795 北京莎莹服饰有限公司
1063 1063 7058105082430 北京李先生餐饮管理股份有限公司
1064 1064 7069105164811 乐视网信息技术（北京）股份有限公司
1065 1065 7076105157671 北京视博数字电视科技有限公司
1066 1066 7079105087912 北京伟业达电子技术有限公司
1067 1067 7081105095808 北京莱蒙卡工贸有限公司
1068 1068 7085105156374 北京中盾安民分析技术有限公司
1069 1069 7095105096318 乐风创想（北京）科技有限公司
1070 1070 7104105120606 北京军力峰科贸有限责任公司
1071 1071 7113105132264 北京立德创新科技有限公司
1072 1072 7125105096888 谱尼测试科技股份有限公司
1073 1073 7131105082511 中科恒源科技股份有限公司
1074 1074 7145105126384 北京乐工场资产管理有限公司
1075 1075 7159105064851 北京京威隆厨房设备有限公司
1076 1076 7169105143299 同方知网数字出版技术股份有限公司
1077 1077 7172105157021 沃尔（北京）建筑装饰工程有限公司
1078 1078 7185105053191 北京天创凯睿科技有限公司
1079 1079 7189105157191 路德思汽车销售服务（北京）有限公司
1080 1080 7206105064918 中信信托有限责任公司
1081 1081 7220105095410 北京永安伟业电力设备安装有限公司
1082 1082 7227105082517 中科恒源科技股份有限公司
1083 1083 7232105111862 北京索菲恒新表面工程技术有限公司
1084 1084 7233105152505 北京果素堂生物科技有限公司
1085 1085 7247105095381 北京朗明公共关系有限公司
1086 1086 7251105110161 北京市西城区智学教育文化培训学校
1087 1087 7253105156859 北京易二零环境股份有限公司
1088 1088 7259105130434 北京鑫映山红装饰材料有限公司
1089 1089 7263105146161 北京春秋四海影业投资有限公司
1090 1090 7269105169572 北京触控科技有限公司
1091 1091 7273105147200 北京保力博瑞科技有限公司
1092 1092 7281105098204 锋创科技发展（北京）有限公司
1093 1093 7282105064919 中信信托有限责任公司
1094 1094 7287105157683 北京视博数字电视科技有限公司
1095 1095 7289105143297 同方知网数字出版技术股份有限公司
-31-
1096 1096 7296105065735 北京捷亚泰中盛汽车销售有限公司
1097 1097 7309105110297 北京景宏景苑石油装备技术开发有限公司
1098 1098 7330105080201 北京星远福源电力设备安装有限公司
1099 1099 7333105073128 北京烽上席餐饮管理有限责任公司
1100 1100 7344105164965 悦康药业集团有限公司
1101 1101 7352105143006 北京盈之宝汽车销售服务有限公司
1102 1102 7357105067254 安语美容（上海）有限公司北京分公司
1103 1103 7358105079708 北京汇天时商务有限公司
1104 1104 7362105144237 中信国安盟固利电源技术有限公司
1105 1105 7369105082655 北京昆仑时代润滑油有限责任公司
1106 1106 7370105142028 北京华美创业装饰工程有限公司
1107 1107 7383105143236 北京韩建河山管业股份有限公司
1108 1108 7395105165813 北京市首都公路发展集团有限公司
1109 1109 7396105082134 北京思维实创科技股份有限公司
1110 1110 7397105082524 中科恒源科技股份有限公司
1111 1111 7400105176271 北辰正方建设集团有限公司
1112 1112 7403105120010 湖北凌志装饰工程有限公司北京分公司
1113 1113 7417105096894 谱尼测试科技股份有限公司
1114 1114 7417105156371 北京中盾安民分析技术有限公司
1115 1115 7418105144433 北京京华律师事务所
1116 1116 7426105164817 乐视网信息技术（北京）股份有限公司
1117 1117 7427105156382 北京中盾安民分析技术有限公司
1118 1118 7445105164976 悦康药业集团有限公司
1119 1119 7455105131886 乐视网信息技术（北京）股份有限公司
1120 1120 7465105145173 北京茂密停车管理有限公司
1121 1121 7476105135893 北京福潭阳烧烤城
1122 1122 7477105053947 辛夷（北京）国际投资管理有限公司
1123 1123 7478105156082 北京凯比瑞精测技术有限公司
1124 1124 7481105127994 北京中建华昊装饰工程有限公司
1125 1125 7486105060868 北京博思汇众科技股份有限公司
1126 1126 7496105095456 北京凯达日新物业管理有限公司
1127 1127 7496105125591 北京中意宇星国际贸易有限责任公司
1128 1128 7503105114068 北京固力坚机械设备有限公司
1129 1129 7505105082257 北京泓泰天诚科技有限公司
1130 1130 7517105121701 北京蓝汛通信技术有限责任公司
1131 1131 7527105176280 北辰正方建设集团有限公司
1132 1132 7528105126360 北京理想阳光房地产经纪有限公司
-32-
1133 1133 7529105087007 北京风尚艺品酒店管理有限公司
1134 1134 7534105165815 北京市首都公路发展集团有限公司
1135 1135 7537105085738 北京凯达日新物业管理有限公司
1136 1136 7538105044412 中融民信资本管理有限公司
1137 1137 7542105110012 北京肯扬信息科技有限公司
1138 1138 7544105180113 红惠医药有限公司
1139 1139 7548105121725 北京蓝汛通信技术有限责任公司
1140 1140 7550105157210 拓速乐汽车销售（北京）有限公司
1141 1141 7559105084571 北京市海淀区万寿阳光老年公寓
1142 1142 7577105140826 北京中卫神州生物科技有限公司
1143 1143 7585105120884 北京一刻公益基金会
1144 1144 7588105098015 北京高尔夫球俱乐部
1145 1145 7588105164954 悦康药业集团有限公司
1146 1146 7599105126363 北京乐工场资产管理有限公司
1147 1147 7611105156155 北京凯比瑞精测技术有限公司
1148 1148 7613105087039 北京伍方兴业科技有限公司
1149 1149 7616105079748 北京迁喜搬家有限公司
1150 1150 7618105065732 北京捷亚泰中盛汽车销售有限公司
1151 1151 7620105155319 北京博海冷链物流有限公司
1152 1152 7622105064926 中信信托有限责任公司
1153 1153 7628105105207 北京百年君悦商贸有限公司
1154 1154 7634105111950 北京联袂义齿技术有限公司
1155 1155 7640105063669 北京康晖煜科技有限公司
1156 1156 7640105079850 北京精英煌模型制作中心
1157 1157 7655105181129 北京易才人力资源顾问有限公司
1158 1158 7658105148575 北京柏豪置业有限公司
1159 1159 7661105180120 红惠医药有限公司
1160 1160 7675105081528 北京渤浪岛环保技术有限公司
1161 1161 7675105115608 北京佳美鼎盛体育设备有限公司
1162 1162 7679105092796 中矿金程（北京）软件工程研究院有限公司
1163 1163 7680105064921 中信信托有限责任公司
1164 1164 7680105082987 北京行政环境研究会
1165 1165 7690105176235 北辰正方建设集团有限公司
1166 1166 7692105156277 中关村电子商会
1167 1167 7699105159356 北京中和珍贝科技有限公司
1168 1168 7709105156628 保诺塑业（北京）有限公司
1169 1169 7723105121730 北京蓝汛通信技术有限责任公司
-33-
1170 1170 7724105121999 北京阜达宏安系统工程有限公司
1171 1171 7748105060796 北京贝迪克集团
1172 1172 7748105113830 北京金康利印刷有限公司
1173 1173 7756105122815 北京骄杨文化传媒有限公司
1174 1174 7757105086048 SMC（中国）有限公司
1175 1175 7766105121737 北京蓝汛通信技术有限责任公司
1176 1176 7770105111669 北京华安康祥商贸有限公司
1177 1177 7773105127375 北京市海淀区基督教三自爱国运动委员会
1178 1178 7775105137810 北京屹立国际贸易有限公司
1179 1179 7791105098213 锋创科技发展（北京）有限公司
1180 1180 7802105132976 北京华夏永乐胶粘制品有限公司
1181 1181 7809105157664 北京视博数字电视科技有限公司
1182 1182 7812105176239 北辰正方建设集团有限公司
1183 1183 7813105076630 北京锦绣千秋环境艺术有限公司
1184 1184 7814105079851 北京精英煌模型制作中心
1185 1185 7826105159385 北京中和珍贝科技有限公司
1186 1186 7834105098123 北京中冀兴旺汽车销售有限公司
1187 1187 7849105157192 路德思汽车销售服务（北京）有限公司
1188 1188 7874105084982 北京玖亦信德软件科技有限公司
1189 1189 7880105157211 拓速乐汽车销售（北京）有限公司
1190 1190 7898105082521 中科恒源科技股份有限公司
1191 1191 7898105107423 北京信诺飞图科技有限公司
1192 1192 7927105144197 北京毛林惠丰大酒店有限责任公司
1193 1193 7931105156740 北京仲尼电子技术有限公司
1194 1194 7945105164815 乐视网信息技术（北京）股份有限公司
1195 1195 7948105151899 北京市庞大弘轩汽车销售有限公司
1196 1196 7970105082234 北京永华升科技有限公司
1197 1197 7977105083334 北京慈爱嘉养老服务有限公司
1198 1198 7991105076024 路德思汽车销售服务（北京）有限公司
1199 1199 7993105180122 红惠医药有限公司
1200 1200 7994105169580 北京触控科技有限公司
1201 1201 7999105101858 北京卓兴建设有限公司
1202 1202 8005105064923 中信信托有限责任公司
1203 1203 8007105083090 北京尚精光电技术有限公司
1204 1204 8020105082254 北京现代汽车有限公司
1205 1205 8022105176269 北辰正方建设集团有限公司
1206 1206 8042105122512 北京星德宝汽车销售服务有限公司
-34-
1207 1207 8047105096038 互爱互动（北京）科技有限公司
1208 1208 8047105182079 北京联龙博通电子商务技术有限公司
1209 1209 8048105145122 北京广天润泽科技有限公司
1210 1210 8054105064934 中信信托有限责任公司
1211 1211 8060105105321 北京中医慢性病防治产业发展促进会
1212 1212 8062105157180 拓速乐汽车销售（北京）有限公司
1213 1213 8073105060314 北京京宏源科技发展有限公司
1214 1214 8076105093949 京石铁路客运专线有限责任公司
1215 1215 8079105086142 SMC（中国）有限公司
1216 1216 8087105156573 北京交控科技有限公司
1217 1217 8089105104739 北京德润智合贸易有限公司
1218 1218 8092105096034 互爱互动（北京）科技有限公司
1219 1219 8094105164960 悦康药业集团有限公司
1220 1220 8110105156392 北京中盾安民分析技术有限公司
1221 1221 8121105113703 北京天成云祥信息技术有限公司
1222 1222 8125105144238 中信国安盟固利电源技术有限公司
1223 1223 8130105159384 北京中和珍贝科技有限公司
1224 1224 8135105180154 红惠医药有限公司
1225 1225 8144105140117 北京市博睿通达汽车修理站
1226 1226 8149105169574 北京触控科技有限公司
1227 1227 8150105095770 北京力创瑞和电子科技有限公司
1228 1228 8160105180119 红惠医药有限公司
1229 1229 8170105096330 北京信思贤科技有限公司
1230 1230 8205105093449 北京绿竹生物技术股份有限公司
1231 1231 8208105121739 北京蓝汛通信技术有限责任公司
1232 1232 8209105145076 华佳成翼（北京）科技发展有限公司
1233 1233 8223105079212 北京华亚医院
1234 1234 8223105082377 北京梅雨川文化交流有限公司
1235 1235 8233105052120 北京阳光老年健康基金会
1236 1236 8240105181132 北京易才人力资源顾问有限公司
1237 1237 8246105095380 北京朗明公共关系有限公司
1238 1238 8247105086141 SMC（中国）有限公司
1239 1239 8248105137791 中储粮服务有限公司
1240 1240 8250105181126 北京易才人力资源顾问有限公司
1241 1241 8274105064930 中信信托有限责任公司
1242 1242 8278105045572 北京至尚经典装饰有限公司
1243 1243 8279105157636 北京视博数字电视科技有限公司
1244 1244 8281105180162 红惠医药有限公司
-35-
1245 1245 8284105121637 北京中科同志科技有限公司
1246 1246 8288105124277 北京开元浩海科技发展有限公司
1247 1247 8294105083546 北京长城华冠汽车技术开发有限公司
1248 1248 8302105181131 北京易才人力资源顾问有限公司
1249 1249 8305105076026 路德思汽车销售服务（北京）有限公司
1250 1250 8306105086113 北京双工精密机电科技有限公司
1251 1251 8309105079047 北京睿成世纪广告有限公司
1252 1252 8326105083826 北京丰泰粘合剂有限公司
1253 1253 8328105143296 同方知网数字出版技术股份有限公司
1254 1254 8328105146620 北京凯荣泽科技有限公司
1255 1255 8337105044780 北京中汇通合汽车销售服务有限公司
1256 1256 8360105134325 北京昊昌供热有限责任公司
1257 1257 8374105176266 北辰正方建设集团有限公司
1258 1258 8378105086926 北京世纪畅达铁路设备技术服务有限公司
1259 1259 8380105156148 北京凯比瑞精测技术有限公司
1260 1260 8386105151627 六艺星空（北京）文化传播有限公司
1261 1261 8388105145262 北京明耀通达电力工程设计有限公司
1262 1262 8398105125917 北京卓兴建设有限公司一分公司
1263 1263 8408105156559 北京交控科技有限公司
1264 1264 8424105063577 北京升港快捷宾馆
1265 1265 8426105086735 北京中百华瑞钟表有限责任公司
1266 1266 8427105082875 北京伯骏伟业信息科技有限公司
1267 1267 8436105080202 北京星远福源电力设备安装有限公司
1268 1268 8443105125324 北京中航巨力给水设备有限公司
1269 1269 8447105157176 拓速乐汽车销售（北京）有限公司
1270 1270 8452105044413 中融民信资本管理有限公司
1271 1271 8464105086299 北京汇京世纪汽车贸易发展有限公司
1272 1272 8471105093913 北京互联创展科技有限公司
1273 1273 8495105156571 北京交控科技有限公司
1274 1274 8497105147246 北京市中伦文德律师事务所
1275 1275 8498105176233 北辰正方建设集团有限公司
1276 1276 8500105107422 北京信诺飞图科技有限公司
1277 1277 8503105091529 北京天人三和物业管理有限公司
1278 1278 8519105164978 悦康药业集团有限公司
1279 1279 8537105137005 北京金辰久科贸有限责任公司
1280 1280 8549105081601 北京链家房地产经纪有限公司
1281 1281 8556105113503 北京欣程信达建筑工程有限公司
-36-
1282 1282 8562105106868 北京诚信北方电缆有限公司
1283 1283 8568105094030 北京东方永达汽车销售有限公司
1284 1284 8573105096891 谱尼测试科技股份有限公司
1285 1285 8580105078493 北京怡海艺嘉广告有限公司
1286 1286 8581105156553 北京交控科技有限公司
1287 1287 8586105154576 北京市海淀区北京现代教育培训学校
1288 1288 8591105064927 中信信托有限责任公司
1289 1289 8591105064937 中信信托有限责任公司
1290 1290 8594105129272 北京天马轴承有限公司
1291 1291 8594105147333 北京圣科佳电子有限责任公司
1292 1292 8599105079424 北京华电瑞通电力工程技术有限公司
1293 1293 8607105132281 北京倚天行信息系统有限公司
1294 1294 8607105157638 北京视博数字电视科技有限公司
1295 1295 8617105096030 互爱互动（北京）科技有限公司
1296 1296 8625105126045 北京市君茂律师事务所
1297 1297 8630105098218 锋创科技发展（北京）有限公司
1298 1298 8631105145339 北京蓝美视讯科技有限公司
1299 1299 8631105180153 红惠医药有限公司
1300 1300 8639105109723 北京市天元律师事务所
1301 1301 8640105044092 北京创捷印易印刷技术有限公司
1302 1302 8656105166060 北京市顺义区建设工程发包承包交易中心
1303 1303 8662105157353 亚信科技（中国）有限公司
1304 1304 8666105157190 路德思汽车销售服务（北京）有限公司
1305 1305 8671105127248 北京润美康医药有限公司
1306 1306 8677105125447 北京双龙腾达文化传播有限公司
1307 1307 8694105132247 北京融威众邦电子技术有限公司
1308 1308 8698105083083 北京兴盛伟业建筑装饰工程有限公司
1309 1309 8704105133569 北京华秀律师事务所
1310 1310 8711105093948 京石铁路客运专线有限责任公司
1311 1311 8721105064915 中信信托有限责任公司
1312 1312 8735105082325 北京盛世豪杰建设有限公司
1313 1313 8736105079425 北京华电瑞通电力工程技术有限公司
1314 1314 8750105144235 中信国安盟固利电源技术有限公司
1315 1315 8751105087232 北京睿凝达生物科技有限公司
1316 1316 8751105093069 香港中兴棉花有限公司北京代表处
1317 1317 8755105096893 谱尼测试科技股份有限公司
1318 1318 8758105058408 樱桃树（北京）图书发行有限公司
-37-
1319 1319 8761105093102 京冀高科（北京）电气有限公司
1320 1320 8761105156487 北京金慧丰投资管理有限公司
1321 1321 8763105152330 北京市新发京建工贸有限公司
1322 1322 8765105093950 京石铁路客运专线有限责任公司
1323 1323 8766105157193 路德思汽车销售服务（北京）有限公司
1324 1324 8770105051094 北京哈松联东晟汽车销售服务有限公司
1325 1325 8773105082319 北京新标安科技有限责任公司
1326 1326 8774105156389 北京中盾安民分析技术有限公司
1327 1327 8778105125919 北京卓兴建设有限公司一分公司
1328 1328 8783105100892 北京慧峰诚信科技有限公司
1329 1329 8785105121728 北京蓝汛通信技术有限责任公司
1330 1330 8788105157491 北京飞途工具设备制造有限公司
1331 1331 8794105064912 中信信托有限责任公司
1332 1332 8795105123726 北京大德运业运输有限公司
1333 1333 8796105082250 北京现代汽车有限公司
1334 1334 8799105088310 北京新创宇仪器厂
1335 1335 8801105107590 中川真稀水投资管理（北京）有限公司
1336 1336 8802105146027 北京圣涛平北科检测技术有限公司
1337 1337 8804105082349 北京太阳雪机电工程有限公司
1338 1338 8807105079703 北京京诚小院餐饮服务有限公司
1339 1339 8807105113470 北京中科京盾科技有限公司
1340 1340 8808105129627 北京兴兴管家保洁有限公司
1341 1341 8811105078408 北京京运通科技股份有限公司
1342 1342 8830105095567 北京盈建科软件股份有限公司
1343 1343 8846105098225 锋创科技发展（北京）有限公司
1344 1344 8851105045653 北京三美精英文化科技有限公司
1345 1345 8851105135448 北京铭盾知识产权代理有限公司
1346 1346 8853105051606 北京市开源技贸总公司
1347 1347 8856105105263 鼎力联合（北京）科技有限公司
1348 1348 8862105044547 北京红燃阳建设工程有限公司
1349 1349 8870105172999 北京链家房地产经纪有限公司
1350 1350 8872105076022 路德思汽车销售服务（北京）有限公司
1351 1351 8875105105226 北京拉手网络技术有限公司
1352 1352 8878105142990 北京轻工房地产开发有限公司
1353 1353 8880105127245 北京润美康医药有限公司
1354 1354 8883105156566 北京交控科技有限公司
1355 1355 8890105176237 北辰正方建设集团有限公司
1356 1356 8892105081919 北京明瑞启达贸易有限公司
-38-
1357 1357 8894105065747 北京民海生物科技有限公司
1358 1358 8896105044782 北京中汇通合汽车销售服务有限公司
1359 1359 8901105157673 北京视博数字电视科技有限公司
1360 1360 8916105143260 中融国远招标代理（北京）有限公司
1361 1361 8919105157684 北京视博数字电视科技有限公司
1362 1362 8920105156149 北京凯比瑞精测技术有限公司
1363 1363 8930105098652 北京北汽大世汽车系统有限公司
1364 1364 8933105098211 锋创科技发展（北京）有限公司
1365 1365 8936105165816 北京市首都公路发展集团有限公司
1366 1366 8940105061116 北京兰海金诚耐火材料有限责任公司
1367 1367 8940105064935 中信信托有限责任公司
1368 1368 8946105096892 谱尼测试科技股份有限公司
1369 1369 8972105125784 北京鑫康辰医学科技发展有限公司
1370 1370 8998105164812 乐视网信息技术（北京）股份有限公司
1371 1371 8999105143129 北京天信时医药有限公司
1372 1372 9003105082518 中科恒源科技股份有限公司
1373 1373 9011105105090 北京科之建环保工程有限公司
1374 1374 9019105093349 北京市京小出租汽车有限公司
1375 1375 9028105067335 凯宁敦（上海）贸易有限公司北京朝阳分公司
1376 1376 9028105079002 北京冠隆森经贸有限公司
1377 1377 9029105073477 北京顺盈时代广告有限公司
1378 1378 9031105142987 北京轻工房地产开发有限公司
1379 1379 9033105086841 北京鑫海大厦管理有限公司
1380 1380 9046105051987 盛世中保（北京）保安服务有限公司
1381 1381 9057105073236 北京中佳瑞科贸有限公司
1382 1382 9062105125523 北京龙信成机械设备租赁有限公司
1383 1383 9069105135675 天安人寿保险股份有限公司
1384 1384 9083105077959 北京万苑物业管理有限责任公司
1385 1385 9091105127559 北京欧创博奥广告有限公司
1386 1386 9103105093640 北京空港方兴机动车检测有限公司
1387 1387 9104105181130 北京易才人力资源顾问有限公司
1388 1388 9105105159362 北京中和珍贝科技有限公司
1389 1389 9107105135232 北京贝瑞和康生物技术有限公司
1390 1390 9110105166085 北京市顺义区建设工程专业劳务发包承包交易中心
1391 1391 9115105164981 悦康药业集团有限公司
1392 1392 9123105068006 北京庞大润华汽车销售服务有限公司
-39-
1393 1393 9125105083302 北京尔沁七天酒店管理有限公司
1394 1394 9142105143653 北京顺锦天成空调设备安装工程有限公司
1395 1395 9158105045401 北京中联勘工程技术有限责任公司
1396 1396 9167105079427 北京华电瑞通电力工程技术有限公司
1397 1397 9170105046572 北京博昊天成装饰装潢有限公司
1398 1398 9172105076222 北京容基方业科技发展有限公司
1399 1399 9174105157213 拓速乐汽车销售（北京）有限公司
1400 1400 9185105073900 杜鸣联合房地产评估（北京）有限公司
1401 1401 9192105096097 《磁共振成像》杂志社有限公司
1402 1402 9192105164964 悦康药业集团有限公司
1403 1403 9193105125406 北京航源平洋科技发展有限公司
1404 1404 9195105156587 京铁物流有限公司
1405 1405 9226105157679 北京视博数字电视科技有限公司
1406 1406 9238105094214 北京京港绘能电力技术有限公司
1407 1407 9259105086714 北京国新华闻管理咨询中心
1408 1408 9285105072936 北京聚力东方信息技术有限公司
1409 1409 9295105111558 北京理加联合科技有限公司
1410 1410 9299105156585 京铁物流有限公司
1411 1411 9324105115340 中电普信（北京）科技发展有限公司
1412 1412 9327105059327 北京双盈达建筑装饰装修有限公司
1413 1413 9335105157189 路德思汽车销售服务（北京）有限公司
1414 1414 9342105045241 北京赛克玛环保仪器有限公司
1415 1415 9358105110098 北京鼎城创艺模型设计有限公司
1416 1416 9366105143294 同方知网数字出版技术股份有限公司
1417 1417 9377105120011 湖北凌志装饰工程有限公司北京分公司
1418 1418 9382105156154 北京凯比瑞精测技术有限公司
1419 1419 9383105107255 北京盈信通酒店管理有限公司
1420 1420 9399105096037 互爱互动（北京）科技有限公司
1421 1421 9401105082523 中科恒源科技股份有限公司
1422 1422 9406105075566 北京广安融盛投资有限公司
1423 1423 9414105121738 北京蓝汛通信技术有限责任公司
1424 1424 9425105156569 北京交控科技有限公司
1425 1425 9428105104458 北京妙吉祥装饰工程有限公司
1426 1426 9430105101185 北京乐成一通市政工程有限公司
1427 1427 9433105079793 北京佳诚英杰科技有限公司
1428 1428 9435105156556 北京交控科技有限公司
1429 1429 9444105156390 北京中盾安民分析技术有限公司
-40-
1430 1430 9462105126362 北京乐工场资产管理有限公司
1431 1431 9468105086023 SMC（中国）有限公司
1432 1432 9479105111951 北京联袂义齿技术有限公司
1433 1433 9485105093522 北京茂思商贸有限公司
1434 1434 9490105094691 北京美林天地展览展示有限公司
1435 1435 9504105164983 悦康药业集团有限公司
1436 1436 9507105156734 中国盐业协会
1437 1437 9508105044781 北京中汇通合汽车销售服务有限公司
1438 1438 9508105157212 拓速乐汽车销售（北京）有限公司
1439 1439 9511105107358 中国纪实文学研究会传记文学创作委员会
1440 1440 9517105127222 北京德旺达物流有限公司
1441 1441 9523105121843 北京新学道教育科技有限公司
1442 1442 9524105121743 北京蓝汛通信技术有限责任公司
1443 1443 9524105131887 乐视网信息技术（北京）股份有限公司
1444 1444 9545105083547 北京长城华冠汽车技术开发有限公司
1445 1445 9548105098219 锋创科技发展（北京）有限公司
1446 1446 9551105072700 北京雪鸿世家皮草服装有限公司
1447 1447 9559105144198 北京毛林惠丰大酒店有限责任公司
1448 1448 9560105098645 北京北汽大世汽车系统有限公司
1449 1449 9563105097863 国金基金管理有限公司
1450 1450 9565105083397 北京洛可可科技有限公司
1451 1451 9572105128269 北京艺海金辉国际广告传媒有限责任公司
1452 1452 9575105044456 北京来广营中冀汽车销售有限公司
1453 1453 9577105095379 北京朗明公共关系有限公司
1454 1454 9579105113502 北京欣程信达建筑工程有限公司
1455 1455 9584105085848 北京国华神州能源科技有限公司
1456 1456 9595105082133 北京思维实创科技股份有限公司
1457 1457 9595105157360 亚信科技（中国）有限公司
1458 1458 9600105094185 北京达恒紫金科技有限责任公司
1459 1459 9608105180149 红惠医药有限公司
1460 1460 9611105180148 红惠医药有限公司
1461 1461 9612105180117 红惠医药有限公司
1462 1462 9619105157625 北京永新视博数字电视技术有限公司
1463 1463 9627105176276 北辰正方建设集团有限公司
1464 1464 9633105094740 北京涛泽律师事务所
1465 1465 9643105164958 悦康药业集团有限公司
-41-
1466 1466 9650105080498 北京萱柯九昕进出口有限公司
1467 1467 9656105164967 悦康药业集团有限公司
1468 1468 9657105164819 乐视网信息技术（北京）股份有限公司
1469 1469 9658105096896 谱尼测试科技股份有限公司
1470 1470 9659105143292 同方知网数字出版技术股份有限公司
1471 1471 9661105156151 北京凯比瑞精测技术有限公司
1472 1472 9666105093403 北京中科智控科技有限公司
1473 1473 9666105096887 谱尼测试科技股份有限公司
1474 1474 9666105125762 北京雅士安能新材料科技有限公司
1475 1475 9666105127243 北京润美康医药有限公司
1476 1476 9680105147156 北京趋势科特科技有限公司
1477 1477 9682105156109 北京东方朗清洁净技术有限公司
1478 1478 9683105129268 北京天马轴承有限公司
1479 1479 9686105095566 北京盈建科软件股份有限公司
1480 1480 9697105065882 北京国鸿亿辉电气安装有限公司
1481 1481 9701105180114 红惠医药有限公司
1482 1482 9721105125551 北京中德恩洋贸易有限公司
1483 1483 9726105057560 北京市智汇律师事务所
1484 1484 9728105146196 北京朗英和平装饰有限公司
1485 1485 9731105165811 北京市首都公路发展集团有限公司
1486 1486 9736105094382 北京普氏乐道咨询有限公司
1487 1487 9741105079426 北京华电瑞通电力工程技术有限公司
1488 1488 9748105096496 北京中鲁恒昌科技有限公司
1489 1489 9762105156152 北京凯比瑞精测技术有限公司
1490 1490 9776105080144 北京三友宇天测绘有限公司
1491 1491 9787105145263 北京明耀通达电力工程设计有限公司
1492 1492 9793105064911 中信信托有限责任公司
1493 1493 9796105156115 北京东方朗清洁净技术有限公司
1494 1494 9799105181128 北京易才人力资源顾问有限公司
1495 1495 9801105115396 北京金鹏苑房地产开发有限公司
1496 1496 9805105044918 北京中天世纪房地产开发有限公司
1497 1497 9829105050051 北京市泰德律师事务所
1498 1498 9829105139289 北京市大兴区汽车摩托车运动协会
1499 1499 9854105115744 北京思创登高机房设备有限公司
1500 1500 9861105176243 北辰正方建设集团有限公司
1501 1501 9867105169576 北京触控科技有限公司
1502 1502 9874105107556 北京视达顺科技发展有限公司
1503 1503 9880105086786 中国汽车工业国际合作有限公司
-42-
1504 1504 9886105157585 北京韩建河山管业股份有限公司
1505 1505 9892105131722 北京昌泰宏业市政工程有限公司
1506 1506 9907105086050 SMC（中国）有限公司
1507 1507 9926105127249 北京润美康医药有限公司
1508 1508 9943105110103 北京大成志远机电设备有限公司
1509 1509 9944105176281 北辰正方建设集团有限公司
1510 1510 9952105065748 北京民海生物科技有限公司
1511 1511 9957105156500 北京北方众鑫咨询服务有限责任公司
1512 1512 9961105156112 北京东方朗清洁净技术有限公司
1513 1513 9991105104519 北京天宇仁合市政工程有限公司
