1 1 0007104961566 北京洪恩教育科技股份有限公司
2 2 0007104966901 北京中兴同维网络信息技术有限公司
3 3 0009104980200 北京紫玉山庄房地产开发有限公司
4 4 0016104983901 高德中彩科技有限公司
5 5 0021104985712 北京捷迅通力工程咨询有限公司
6 6 0026104994633 北京正鑫广告有限公司
7 7 0026105058073 北京乾建绿化工程有限公司
8 8 0028104964389 北京壹仟零壹夜演出经纪有限公司
9 9 0056105048202 北京大卫中医医院
10 10 0056105059540 北京赛诺水务科技有限公司
11 11 0072105053788 宝马(中国)汽车贸易有限公司
12 12 0082105017941 北京水木源华电气股份有限公司
13 13 0088104956352 北京豪迈达金属结构有限公司
14 14 0090105033491 北京宏艾瑞医药科技有限公司
15 15 0098105017626 内蒙古自治区呼伦贝尔市人民政府驻北京联络处
16 16 0110104940038 北京四维空间数码科技有限公司
17 17 0120105036472 北京冀贵汽车贸易有限公司
18 18 0121104952525 北京故都思成房地产咨询中心
19 19 0123104976989 北京新机场建设指挥部
20 20 0125105052058 北京优购文化发展有限公司
21 21 0142104994366 北京震立慧翔汽车用品有限公司
-2-
22 22 0162104992107 北京市观远律师事务所
23 23 0163104986271 北京浙澳文仪家具有限公司
24 24 0172104964807 北京鑫胜瑞科技有限公司
25 25 0174105017993 厦门航空有限公司北京分公司
26 26 0184105058076 北京乾建绿化工程有限公司
27 27 0191105039397 北京英杰华信科技发展有限公司
28 28 0198105011222 北京有恒自控设备有限公司
29 29 0216104979975 北京鸿原在线科技发展有限公司
30 30 0231104970483 北京娇兰佳人商业连锁有限公司
31 31 0249105036656 北京惠买在线网络科技有限公司
32 32 0250104961632 北京京育教育发展促进会
33 33 0262104954716 北京泰美澳洁净煤技术有限公司
34 34 0263105014546 北京华松顺昌石材有限公司
35 35 0264104972605 北京安宁创新网络科技股份有限公司
36 36 0264104992471 弗格曼（北京）仪器有限公司
37 37 0269105016118 正坤（北京）物业管理有限公司
38 38 0269105029097 北京合康亿盛变频科技股份有限公司
39 39 0276104970092 北京盛铭宏业建筑安装工程有限公司
40 40 0283104925312 北京联合通达物流有限公司
41 41 0290105038718 盛华（北京）保险公估有限公司
42 42 0312104972099 北京顺德财会计服务有限公司
43 43 0318105034017 北京赛维华宇科技发展有限公司
44 44 0319104980546 北京维迪康宏医疗科技有限公司
45 45 0338104981399 北京普驰电气有限公司
46 46 0349105051554 北京华熙中环物业管理有限公司
47 47 0351105059102 山东四方安装工程有限公司北京分公司
48 48 0362105058295 北京中复电讯设备有限责任公司
49 49 0377105063327 北京天健志行科技有限公司
50 50 0380105034845 北京五方桥丰田汽车销售服务有限公司
51 51 0380105038818 北京冀东兴汽车销售有限公司
52 52 0385104971571 北京世辉利鸿汽车销售服务有限公司
53 53 0400104964839 北京麒麟网文化股份有限公司
54 54 0423104953409 北京天伦钢结构有限公司
55 55 0454104981269 北京百草厅科技发展有限公司
56 56 0458105044460 北京光线传媒股份有限公司
57 57 0465105044459 北京光线传媒股份有限公司
58 58 0467105034259 北京斯利安药业有限公司
59 59 0501104963497 北京易达通途科技有限公司
-3-
60 60 0509104977342 大乘金控投资控股集团有限公司
61 61 0510104964381 北京一千零一夜网络技术有限公司
62 62 0511104955796 北京北元电器有限公司
63 63 0512105053786 宝马(中国)汽车贸易有限公司
64 64 0518104955802 北京北元电器有限公司
65 65 0519105002570 北京欣维尔玻璃仪器有限公司
66 66 0529104941830 北京中科泛华测控技术有限公司
67 67 0543105029099 北京合康亿盛变频科技股份有限公司
68 68 0561105029116 北京合康亿盛变频科技股份有限公司
69 69 0570104926486 北京英华嘉汇国际教育咨询有限公司
70 70 0571104998085 北京诚安堂医药有限公司
71 71 0577105058077 北京乾建绿化工程有限公司
72 72 0581105017930 北京水木源华电气股份有限公司
73 73 0586104948133 北京正隆斋全素食品有限公司
74 74 0601104980199 北京紫玉山庄房地产开发有限公司
75 75 0645104994856 北京银达物业管理有限责任公司
76 76 0649105029117 北京合康亿盛变频科技股份有限公司
77 77 0655105036412 北京国遥星图航空科技有限公司
78 78 0675105024275 建峰建设集团股份有限公司
79 79 0681105009359 北京泰和诚医院管理有限公司
80 80 0685105059038 北京首华物业管理有限公司
81 81 0688104982282 北京泰嘉行商贸有限公司
82 82 0719104982325 北京潇湘府餐饮有限公司第七分公司
83 83 0721105017925 北京水木源华电气股份有限公司
84 84 0722104961568 北京洪恩教育科技股份有限公司
85 85 0727105044461 北京光线传媒股份有限公司
86 86 0728105006649 北京慈爱公益基金会
87 87 0755105036511 北京庞大亚航汽车销售服务有限公司
88 88 0790104956895 北京阳光知识产权与法律发展基金会
89 89 0805105027383 北京宏照建声科技发展有限公司
90 90 0814104992765 银丰信业（北京）投资管理有限公司
91 91 0815104973384 北京市朝阳区大屯地区法律服务所
92 92 0825105029119 北京合康亿盛变频科技股份有限公司
93 93 0834105058293 北京中复电讯设备有限责任公司
94 94 0845105049878 北京北汽模塑科技有限公司
95 95 0852105029069 北京市石景山区金阶梯培训学校
96 96 0867104959590 北京中航华盛科技有限公司
97 97 0870104948304 北京石油产品质量监督检验中心
-4-
98 98 0875105039983 北京北亚中冀汽车销售有限公司
99 99 0881104998812 北京宏达通装科技有限公司
100 100 0898104969908 北京通利达汽车租赁有限责任公司
101 101 0899104974936 北京好图堂文化传播有限公司
102 102 0909105038822 北京冀东兴汽车销售有限公司
103 103 0916104924918 北京育将满金科技发展有限公司
104 104 0919104927324 北京市丰台区卢沟桥街道丰体时代社区卫生服务站
105 105 0930104981640 北京康普瑞德科技有限公司
106 106 0935104996873 赛特国际物业管理有限公司
107 107 0938104954700 中国长城资产管理公司北京办事处
108 108 0969105058285 北京中复电讯设备有限责任公司
109 109 0974104961332 北京宏生嘉诚商贸有限公司
110 110 0975104981729 中交隧道工程局有限公司
111 111 0986105002171 北京市汇龙新技术有限公司
112 112 0995104977784 北京慧清科技有限公司
113 113 1016105006478 北京益恒四海技术培训中心
114 114 1024105005103 北京福友居宾馆有限责任公司
115 115 1025105038639 北京鹏翰贸易有限公司
116 116 1052105031255 北京成顺装饰装璜有限公司
117 117 1056105005003 北京航天科海机械电子有限公司
118 118 1083104965952 北京镁联丰科技有限公司
119 119 1084104942704 北京鑫盛豪金属材料销售有限公司
120 120 1097105051551 北京华熙中环物业管理有限公司
121 121 1101104933468 北京市博友律师事务所
122 122 1101104935955 北京市丰苑物业管理有限责任公司
123 123 1102105029098 北京合康亿盛变频科技股份有限公司
124 124 1107105067610 展硕融资租赁有限公司
125 125 1119105004917 北京佰能电气技术有限公司
126 126 1136104972897 北京汇京福瑞汽车销售服务有限责任公司
127 127 1141105017847 北京中誉威圣知识产权代理有限公司
128 128 1167104955349 北京同冠装订设备有限公司
129 129 1175104959787 北京丰安消防工程公司
130 130 1178105032323 北京英博来电气有限公司
131 131 1199105031700 北京海蓝联合传媒广告有限公司
132 132 1200105012604 北京和鼎天地广告有限公司
133 133 1201104940039 北京四维空间数码科技有限公司
-5-
134 134 1205104941834 北京中科泛华测控技术有限公司
135 135 1223105053800 宝马(中国)汽车贸易有限公司
136 136 1226105031640 北京汇仲律师事务所
137 137 1238104995251 北京东方智能停车场管理有限公司
138 138 1243105036541 北京东升前进海东电气设备技术开发中心
139 139 1267105059037 北京首华物业管理有限公司
140 140 1296105035198 北京中冀福庆专用车有限公司
141 141 1305104987564 京荣亿圆（北京）科技有限公司
142 142 1306105004786 北京华创瑞风空调科技有限公司
143 143 1317104928914 北京潞城二建建筑有限公司
144 144 1318104988603 北京炳明科技发展有限公司
145 145 1325104979019 北京慧运恒装饰中心
146 146 1336104975171 北京昌达世纪物流有限公司
147 147 1343104954800 中国核工业集团公司
148 148 1348105037456 北京广龙济斯太尔汽车有限公司
149 149 1395104946084 北京随考通科技有限公司
150 150 1403105029110 北京合康亿盛变频科技股份有限公司
151 151 1416105040076 北京市盛寅达建筑工程有限公司
152 152 1425104955800 北京北元电器有限公司
153 153 1427105039506 北京悦然天诚科技有限公司
154 154 1467104964767 迪思杰（北京）数码技术有限公司
155 155 1494105059042 北京首华物业管理有限公司
156 156 1499105038758 北京中冀凯腾汽车销售有限公司
157 157 1524105037752 北京中冀安信汽车销售服务有限公司
158 158 1537104969633 北京创联中人技术服务有限公司
159 159 1582104926724 北京双环之星传动技术有限公司
160 160 1589104968109 北京鑫台华科技有限公司
161 161 1602105005206 北京市丰台区睿达社会工作事务所
162 162 1621105035196 北京中冀福庆专用车有限公司
163 163 1631104996047 中国岩画学会
164 164 1655105024273 建峰建设集团股份有限公司
165 165 1656104965837 北京睿力宏商务咨询有限公司
166 166 1658105037749 北京中冀安信汽车销售服务有限公司
167 167 1669105010868 华阳国际能源开发集团有限公司
168 168 1679105020390 北京奥德瑞家具有限公司
169 169 1687105063328 北京天健志行科技有限公司
170 170 1709104947339 北京西池欧化工原料销售有限责任公司
-6-
171 171 1720104961396 先锋音讯（北京）通讯技术有限公司
172 172 1726105020658 北京实茂花园酒店有限公司
173 173 1734105039759 北京庞大兴驰汽车科技有限公司
174 174 1789104961750 北京锡华世纪物业管理有限公司
175 175 1793104962736 北京中车北方机车电器厂
176 176 1793105017924 北京水木源华电气股份有限公司
177 177 1821104989929 北京京阳腾微科技发展有限公司
178 178 1835104935914 北京越人康方医药技术服务中心崇文京都口腔诊所
179 179 1845105050969 北京鑫方盛五金交电有限公司
180 180 1858104926703 北京双环之星传动技术有限公司
181 181 1871104955635 北京德睿行管理咨询有限公司
182 182 1889105012478 北京峻茂科技有限公司
183 183 1890105005086 北京市通州区潞城镇南刘各庄村经济合作社
184 184 1931104969634 北京创联中人技术服务有限公司
185 185 1934104998425 北京市风华顺加油站有限责任公司
186 186 1935105036474 北京冀贵汽车贸易有限公司
187 187 1965105034844 北京五方桥丰田汽车销售服务有限公司
188 188 1978104934536 北京伟力新世纪科技发展有限公司
189 189 1982105058290 北京中复电讯设备有限责任公司
190 190 2004105010193 中鼎彩虹（北京）文化发展有限公司
191 191 2006104962065 北京黎达丽业制冷设备有限公司
192 192 2008104925663 福域文化投资管理（北京）有限公司
193 193 2015105018463 华夏生生（北京）医药有限公司
194 194 2017105037278 北京香香鸟餐饮投资管理有限公司第一分公司
195 195 2054105009363 北京泰和诚医院管理有限公司
196 196 2060105053799 宝马(中国)汽车贸易有限公司
197 197 2066104995827 北京奇泰桥工程技术咨询有限公司
198 198 2067104966434 北京索奇会展有限公司
199 199 2071105029031 北京城外诚家居市场有限公司
200 200 2076104924565 北京路德通工程设计咨询有限公司
201 201 2078104994536 吉运集团股份有限公司
202 202 2091105004916 北京佰能电气技术有限公司
203 203 2094105034822 北京五方桥丰田汽车销售服务有限公司
204 204 2098105053806 宝马(中国)汽车贸易有限公司
205 205 2100105058286 北京中复电讯设备有限责任公司
-7-
206 206 2101105003629 北京市西城区合力减灾服务中心
207 207 2114104979938 北京普天万隆投资有限公司
208 208 2115104982109 北京欧江之星酒店管理有限公司
209 209 2116105029094 北京合康亿盛变频科技股份有限公司
210 210 2118105024246 北京凯铭工贸有限责任公司
211 211 2129105021786 北京助力软件有限公司
212 212 2130104996874 赛特国际物业管理有限公司
213 213 2152104964409 北京盛纬嘉业网络技术有限公司
214 214 2153104969910 北京通利达汽车租赁有限责任公司
215 215 2169105059537 北京赛诺水务科技有限公司
216 216 2171105035192 北京中冀福庆专用车有限公司
217 217 2173104979937 北京普天万隆投资有限公司
218 218 2176105034261 北京斯利安药业有限公司
219 219 2180104961513 北京联力康医疗器械有限公司
220 220 2187105034291 北京斯利安药业有限公司
221 221 2220104979387 北京骏马区域电动小客车出租有限公司
222 222 2240105034255 北京斯利安药业有限公司
223 223 2255104972428 北京北极星通信息技术有限公司
224 224 2255104996844 北京市宾克投资咨询有限公司
225 225 2257105039689 协晟商业（北京）有限公司
226 226 2258104986472 北京世纪汉邦装饰工程有限公司
227 227 2264104959658 北京味客隆工贸有限公司
228 228 2280104984094 华北新兴（北京）国际贸易有限公司
229 229 2294105052051 北京优购文化发展有限公司
230 230 2299105019688 北京睿智富通投资管理有限公司
231 231 2311105053797 宝马(中国)汽车贸易有限公司
232 232 2312104938535 北京市天渡律师事务所
233 233 2318104996878 赛特国际物业管理有限公司
234 234 2320104992460 北京佳禾润欣建材有限责任公司
235 235 2335104945143 北京金柘电子科技有限公司
236 236 2352105036828 北京中电宝晟机电工程有限公司
237 237 2360105019648 北京泰源工程管理有限公司
238 238 2361105035197 北京中冀福庆专用车有限公司
239 239 2365105036388 中冀贸易有限责任公司
240 240 2384105035191 北京中冀福庆专用车有限公司
241 241 2401104961572 北京洪恩教育科技股份有限公司
242 242 2410105029092 北京合康亿盛变频科技股份有限公司
243 243 2434105020000 北京智诚信宇科技发展有限公司
-8-
244 244 2464104954797 中国核工业集团公司
245 245 2470105016114 正坤（北京）物业管理有限公司
246 246 2475104956046 北京瑞驰合众汽车租赁服务股份有限公司
247 247 2492104967792 北京江源装饰有限责任公司
248 248 2510105039986 北京北亚中冀汽车销售有限公司
249 249 2534105024301 北京汇京鸿运汽车贸易发展有限公司
250 250 2536105036473 北京冀贵汽车贸易有限公司
251 251 2542104964769 迪思杰（北京）数码技术有限公司
252 252 2583105038819 北京冀东兴汽车销售有限公司
253 253 2589105034766 北京市昌宁建筑科技有限公司
254 254 2592104998225 九樱互动（北京）电子商务有限公司
255 255 2596104971881 北京梦通众诚商贸有限公司
256 256 2613105024299 北京汇京鸿运汽车贸易发展有限公司
257 257 2616104955795 北京北元电器有限公司
258 258 2616105024651 北京宇恒辉物业管理有限公司
259 259 2636105000829 北京万通路发交通设施开发有限公司
260 260 2646104955221 北京奥尔环境艺术有限公司
261 261 2650105039982 北京北亚中冀汽车销售有限公司
262 262 2655104925559 北京凯弘达科技有限公司
263 263 2678105004224 北京市通州区金宝幼儿园
264 264 2690105024276 建峰建设集团股份有限公司
265 265 2695104956373 北京东方人学中心
266 266 2697105034284 北京斯利安药业有限公司
267 267 2700105004787 北京华创瑞风空调科技有限公司
268 268 2707104965256 北京开元浩海科技发展有限公司
269 269 2709105008830 北京奥丰兴隆装饰材料有限公司
270 270 2724105034263 北京斯利安药业有限公司
271 271 2729105017939 北京水木源华电气股份有限公司
272 272 2729105038129 北京天盾知识产权代理有限公司
273 273 2737105034813 爱尔思康科技（北京）有限公司
274 274 2739105024272 建峰建设集团股份有限公司
275 275 2760105038551 北京锦德荣复合材料有限公司
276 276 2764105053796 宝马(中国)汽车贸易有限公司
277 277 2768104927772 北京能奇制衣中心
278 278 2771104927758 北京永拓工程咨询股份有限公司
279 279 2785105004432 北京远翔律师事务所
280 280 2790105035102 北京安惠汽车维修有限公司
-9-
281 281 2795105031323 北京联汽修加油站
282 282 2797105029101 北京合康亿盛变频科技股份有限公司
283 283 2807104996538 北京众智通达建筑劳务有限公司
284 284 2814104986527 北京泽城伟业物业管理有限公司
285 285 2827105016115 正坤（北京）物业管理有限公司
286 286 2845105034726 北京千里行汽车服务有限公司
287 287 2866104964390 北京壹仟零壹夜演出经纪有限公司
288 288 2880104980156 北京厚德海源商贸有限公司
289 289 2891105017940 北京水木源华电气股份有限公司
290 290 2893105033597 北京航研射频科技有限公司
291 291 2898105002781 北京市西城区景福颐养照料中心
292 292 2901104936928 北京大利汽车部件有限公司昌平分公司
293 293 2912104993289 北京信诺恒诚科技有限公司
294 294 2925105003162 北京利达隆商贸有限公司
295 295 2927105027271 乐活思广告（北京）有限公司
296 296 2928104969365 北京安迪盛安全系统自动化有限公司
297 297 2930104980137 北京市正平律师事务所
298 298 2942105029114 北京合康亿盛变频科技股份有限公司
299 299 2965105036191 北京宏远信诚汽车销售有限公司
300 300 2968105037868 北京京海科联科技有限公司
301 301 2980104941835 北京中科泛华测控技术有限公司
302 302 2981104927247 中苑出租汽车有限公司
303 303 2988105058996 北京迪蒙数控技术有限责任公司
304 304 2999105035194 北京中冀福庆专用车有限公司
305 305 3001105016713 北京暄德建筑工程劳务分包有限公司
306 306 3025105045891 北京市朝阳区亚运村立德社会工作事务所
307 307 3041105020544 北京中天宏业房地产咨询有限责任公司
308 308 3070104970424 北京市平谷区南独乐河镇敬老院
309 309 3080104961410 北京世辉汽车服务公司
310 310 3080105004598 北京华泰昌汽车贸易有限公司
311 311 3112104979976 中万盛隆祥（北京）物流有限公司
312 312 3114105031562 北京泰巨企业管理咨询有限公司
313 313 3122104961475 北京微达斯电子科技有限公司
314 314 3145105053804 宝马(中国)汽车贸易有限公司
315 315 3152104996875 赛特国际物业管理有限公司
316 316 3156105059539 北京赛诺水务科技有限公司
317 317 3169105031348 东方兆泰（北京）物业管理有限公司
-10-
318 318 3182104970400 北京久恒送变电工程安装有限公司
319 319 3197104971761 北京盛暄佳妍化妆品有限公司
320 320 3200104955799 北京北元电器有限公司
321 321 3211105061396 北京奥伯特石油科技有限公司
322 322 3240104922555 北京峰北电力安装工程有限公司
323 323 3241105029118 北京合康亿盛变频科技股份有限公司
324 324 3247105017933 北京水木源华电气股份有限公司
325 325 3249104932744 北京中伏源建设工程有限公司
326 326 3259105020411 北京北顺心石油制品经销站
327 327 3260105053790 宝马(中国)汽车贸易有限公司
328 328 3278104941832 北京中科泛华测控技术有限公司
329 329 3285105052054 北京优购文化发展有限公司
330 330 3289105036389 中冀贸易有限责任公司
331 331 3303105034285 北京斯利安药业有限公司
332 332 3319105037751 北京中冀安信汽车销售服务有限公司
333 333 3320105037168 北京凌迈汽车销售有限公司
334 334 3324105006917 北京华盛昌辰和汽车贸易有限公司
335 335 3326105005445 北京捷毅智邦人力资源顾问有限公司
336 336 3335104970571 北京市大兴区弘福达养老服务中心
337 337 3335104994815 裕福支付有限公司
338 338 3337104994537 吉运集团股份有限公司
339 339 3369104936929 北京大利汽车部件有限公司昌平分公司
340 340 3393104962183 北京金桔畅想科技有限公司
341 341 3400104955804 北京北元电器有限公司
342 342 3413105053792 宝马(中国)汽车贸易有限公司
343 343 3415105007333 北京市恒信京泽金属材料有限公司
344 344 3417105035195 北京中冀福庆专用车有限公司
345 345 3420105029927 北京蓝洁士科技发展有限公司
346 346 3427104970525 北京市北重大开关控制设备有限责任公司
347 347 3441104983944 北京中电力能科技发展有限公司
348 348 3449104954384 北京大唐首邑建筑集团有限责任公司
349 349 3461104963080 北京奥图包装运输有限公司
350 350 3470105034287 北京斯利安药业有限公司
351 351 3524104940036 北京四维空间数码科技有限公司
352 352 3552104968076 北京六合居餐饮有限公司
353 353 3558104982036 北京香香鸟营养食品有限公司
354 354 3565105037418 北京赢海欣泉工程建设有限公司
-11-
355 355 3566105053789 宝马(中国)汽车贸易有限公司
356 356 3571104946886 崇峰（北京）触控科技有限公司
357 357 3576104961571 北京洪恩教育科技股份有限公司
358 358 3593105039501 北京千禧龙珠宝首饰有限公司
359 359 3597105002735 北京工机辆技术开发有限公司
360 360 3615104983582 北京金安时代消防工程有限公司
361 361 3620104950297 北京牧风科技有限公司
362 362 3624105036517 北京广安资产管理有限公司
363 363 3635105017928 北京水木源华电气股份有限公司
364 364 3636105034821 北京五方桥丰田汽车销售服务有限公司
365 365 3637104970399 北京久恒送变电工程安装有限公司
366 366 3639104996876 赛特国际物业管理有限公司
367 367 3661105006663 北京莱博威科技有限公司
368 368 3662104924019 北京华泰鸿盛科技有限公司
369 369 3665105003998 北京亿通中天科技有限公司
370 370 3667104992215 立阳电气（北京）有限公司
371 371 3691105016116 正坤（北京）物业管理有限公司
372 372 3696104962224 北京明迅无线科技有限责任公司
373 373 3698104977573 北京宏通鼎泰信息技术有限公司
374 374 3700104963254 北京金泽环境能源技术研究有限公司
375 375 3703105039758 北京庞大兴驰汽车科技有限公司
376 376 3704104930165 北京博众乔岳科技有限公司
377 377 3706105015411 北京大唐首邑建筑集团有限责任公司
378 378 3713105034262 北京斯利安药业有限公司
379 379 3727105037584 北京汇智高科信息技术有限公司
380 380 3737105036386 中冀贸易有限责任公司
381 381 3738104998065 北京力标伟业科技有限公司
382 382 3756104927814 北京市航天兴华波纹管制造有限公司
383 383 3759104924684 北京水润佳禾灌溉技术有限公司
384 384 3765105053809 宝马(中国)汽车贸易有限公司
385 385 3786105017926 北京水木源华电气股份有限公司
386 386 3787104959378 北京日上行汽车用品有限公司
387 387 3793105058078 北京乾建绿化工程有限公司
388 388 3795105004891 北京智锐纵横科技发展有限公司
389 389 3797105035044 北京冀东丰汽车销售服务有限公司
390 390 3800105053787 宝马(中国)汽车贸易有限公司
391 391 3828104967843 北京外文誉成纸业有限公司
392 392 3836104994019 北京铂芯泰诺科技有限公司
-12-
393 393 3837104927248 中苑出租汽车有限公司
394 394 3848104997493 北京青鸟物流有限公司
395 395 3881105053793 宝马(中国)汽车贸易有限公司
396 396 3889104996788 北京世纪网科技发展有限公司
397 397 3890105053791 宝马(中国)汽车贸易有限公司
398 398 3892104994538 吉运集团股份有限公司
399 399 3895105007363 北京市通州区骑游协会
400 400 3903104961567 北京洪恩教育科技股份有限公司
401 401 3906104949977 北京炫丽苑物业管理有限公司
402 402 3911104989312 北京海鹏羿商贸有限公司
403 403 3917104967916 华信中安（北京）保安服务有限公司
404 404 3920104940200 信诚宏远（北京）防伪印刷技术有限公司
405 405 3926104961506 北京富吉瑞光电科技有限公司
406 406 3935105017846 北京中誉威圣知识产权代理有限公司
407 407 3950104964798 中视恒高（北京）文化传媒有限公司
408 408 3952104996203 北京宏运祥和建筑装饰有限公司
409 409 3969104962083 北京锦轩国际会展有限公司
410 410 3971105051553 北京华熙中环物业管理有限公司
411 411 3974105029102 北京合康亿盛变频科技股份有限公司
412 412 3978105002789 好利诚发（北京）科技有限公司
413 413 3997105059044 北京首华物业管理有限公司
414 414 4015105038759 北京中冀凯腾汽车销售有限公司
415 415 4024105007001 北京地大捷飞勘测技术研究院有限公司
416 416 4033105028873 北京三水保健食品工业公司
417 417 4040105034823 北京五方桥丰田汽车销售服务有限公司
418 418 4050104961569 北京洪恩教育科技股份有限公司
419 419 4061105035095 北京庞大华盛汽车销售服务有限公司
420 420 4084105010394 瑞驰恒达商业管理（北京）有限公司
421 421 4091105046747 中国电子商会
422 422 4113104994857 北京银达物业管理有限责任公司
423 423 4125105020430 北京市泉溢加油站
424 424 4136104953496 北京热度文化传媒有限公司
425 425 4146105051555 北京华熙中环物业管理有限公司
426 426 4153104954802 中国核工业集团公司
427 427 4164105038821 北京冀东兴汽车销售有限公司
428 428 4174105002912 北京兵润恒通汽车销售有限公司
429 429 4179105063329 北京天健志行科技有限公司
-13-
430 430 4187105004601 北京华泰昌汽车贸易有限公司
431 431 4200105058075 北京乾建绿化工程有限公司
432 432 4202104976513 北京金天顺达商务服务有限公司
433 433 4213105035202 北京中冀福庆专用车有限公司
434 434 4215105037753 北京中冀安信汽车销售服务有限公司
435 435 4225104923182 北京半边天制衣有限公司
436 436 4225104966064 北京天诚盛业科技有限公司
437 437 4227105053803 宝马(中国)汽车贸易有限公司
438 438 4245104955469 北京海鑫佳迅信息技术有限公司
439 439 4262104972681 北京市百伦律师事务所
440 440 4302104979133 北京周礼考工房地产咨询中心
441 441 4303105016447 建元装饰股份有限公司
442 442 4329105007263 北京市通州区潞城镇南刘各庄村村民委员会
443 443 4353104969580 北京台湖建筑有限公司
444 444 4357104961897 北京中视嘉联科技有限责任公司
445 445 4357105034289 北京斯利安药业有限公司
446 446 4369104962799 北京众和园休闲商务会馆中心
447 447 4369104966043 北京天诚盛业科技有限公司
448 448 4370104995800 北京安惠汽车服务有限公司
449 449 4375105059043 北京首华物业管理有限公司
450 450 4382104961405 北京奥科瑞丰新能源股份有限公司
451 451 4388104961774 北京津港储运有限公司
452 452 4405105050971 北京鑫方盛五金交电有限公司
453 453 4416105009384 北京泰和诚医院管理有限公司
454 454 4452105053808 宝马(中国)汽车贸易有限公司
455 455 4472105037041 京辰时代（北京）节能科技有限公司
456 456 4476105052055 北京优购文化发展有限公司
457 457 4479104950472 北京炳记食品有限公司
458 458 4494105052053 北京优购文化发展有限公司
459 459 4498105011409 北京燕京科技有限公司
460 460 4500105028910 北京卓远惠科机械工程有限公司
461 461 4503104961541 北京洪恩教育科技股份有限公司
462 462 4506104978136 北京市东大园艺有限公司
463 463 4506104979813 北京朝阳隆华电线电缆有限公司
464 464 4514104955982 北京市丰台区卢沟桥乡水利管理服务站
465 465 4514104964768 迪思杰（北京）数码技术有限公司
466 466 4523105016488 北京中海民生救险制品有限公司
-14-
467 467 4524105024822 北京化玻站生物分析技术有限公司
468 468 4528104983167 北京恩俊商贸有限公司
469 469 4531105017932 北京水木源华电气股份有限公司
470 470 4533104941837 北京中科泛华测控技术有限公司
471 471 4559105016462 北京格瑞鸿润工贸有限责任公司
472 472 4560104923627 北京泽泽通汽车租赁有限责任公司
473 473 4571105053812 宝马(中国)汽车贸易有限公司
474 474 4577105035045 北京冀东丰汽车销售服务有限公司
475 475 4582104955773 北京厚祥钢结构工程有限公司
476 476 4587105029034 北京城外诚家居市场有限公司
477 477 4589104954722 承德长城建设集团有限公司北京第二分公司
478 478 4604105039463 北京国天招待所
479 479 4604105052057 北京优购文化发展有限公司
480 480 4606105036190 北京宏远信诚汽车销售有限公司
481 481 4611104996640 北京韩一汽车饰件有限公司
482 482 4613105022035 北京明园大学
483 483 4620105005217 北京庚顿数据科技有限公司
484 484 4631105036385 中冀贸易有限责任公司
485 485 4636104955803 北京北元电器有限公司
486 486 4646104961573 北京洪恩教育科技股份有限公司
487 487 4647104961565 北京洪恩教育科技股份有限公司
488 488 4658105053811 宝马(中国)汽车贸易有限公司
489 489 4670105015491 北京立方仁混凝土有限公司
490 490 4676105066968 北京国信桥通信工程有限公司
491 491 4679104977067 中招国际招标有限公司
492 492 4682104955801 北京北元电器有限公司
493 493 4690105029115 北京合康亿盛变频科技股份有限公司
494 494 4705105029106 北京合康亿盛变频科技股份有限公司
495 495 4718104994855 北京银达物业管理有限责任公司
496 496 4719105037204 北京庞大龙腾汽车销售服务有限公司
497 497 4725105059036 北京首华物业管理有限公司
498 498 4749104992740 北京宇辰嘉业科技有限公司
499 499 4750104938191 北京祥瑞聚鑫汽车销售服务有限公司
500 500 4754105002195 都安（北京）保安服务有限公司
501 501 4760104995757 北京市三威讯通通信技术有限公司
502 502 4772105053801 宝马(中国)汽车贸易有限公司
503 503 4776104979422 北京怀路通交通设施有限公司
-15-
504 504 4792104969909 北京通利达汽车租赁有限责任公司
505 505 4812105043936 北京绿茵大地园林绿化工程有限公司
506 506 4829104962856 北京中博康通信息科技有限公司
507 507 4852104988258 北京市大兴区爱晚老年护养院
508 508 4856105044462 北京光线传媒股份有限公司
509 509 4868104941836 北京中科泛华测控技术有限公司
510 510 4889104959164 北京华宇暖家供暖设备有限公司
511 511 4889105031511 北京中兴新世纪工程造价咨询有限公司通州分公司
512 512 4909104994082 北京科瑞机电工程有限公司
513 513 4947105032681 北京新基永康基因科技有限公司
514 514 4954105029111 北京合康亿盛变频科技股份有限公司
515 515 4959105039051 北京中冀宴豪宾馆有限公司
516 516 4965105004375 北京京瀚禹电子工程技术有限公司
517 517 4974105037455 北京广龙济斯太尔汽车有限公司
518 518 4980104950031 北京博洋普华科技有限公司
519 519 4989105036654 北京惠买在线网络科技有限公司
520 520 4993105036195 北京宏远信诚汽车销售有限公司
521 521 4999105051556 北京华熙中环物业管理有限公司
522 522 5000105034290 北京斯利安药业有限公司
523 523 5010104970504 北京娇兰佳人商业连锁有限公司
524 524 5011104983902 高德中彩科技有限公司
525 525 5055104954477 中国石化销售有限公司北京石油分公司
526 526 5067105015410 北京大唐首邑建筑集团有限责任公司
527 527 5095104969398 北京博纳海川工程技术有限公司
528 528 5111105015360 镇江市人民政府驻北京联络处
529 529 5119104979712 北京阳光海威餐饮管理有限公司
530 530 5126105044014 北京长青肛肠医院工会
531 531 5138105017935 北京水木源华电气股份有限公司
532 532 5145104949596 北京市昌久律师事务所
533 533 5148105009079 北京希艾益科技有限公司
534 534 5152104970516 北京格瑞特汽车零部件有限公司
535 535 5159104967864 北京外文誉成纸业有限公司
536 536 5163105006005 北京丰台维尔门诊部
537 537 5166105053813 宝马(中国)汽车贸易有限公司
538 538 5179104961825 北京永勤恒信税务师事务所有限公司
539 539 5179104985583 北京华视伟业文化发展有限公司
540 540 5180105039145 北京华本商务俱乐部有限公司
-16-
541 541 5182104986030 北京佳丽美饰保洁有限责任公司
542 542 5217105021692 天主教北京教区西直门教堂
543 543 5221104992241 北京康美特科技有限公司
544 544 5223104928694 北京远亚兴业商贸有限公司
545 545 5234104961510 北京汇京世纪汽车贸易发展有限公司
546 546 5236105059035 北京首华物业管理有限公司
547 547 5237105002664 北京创为律师事务所
548 548 5245104941831 北京中科泛华测控技术有限公司
549 549 5274105022667 金创世邦（北京）科技有限公司
550 550 5319105025204 北京网博视界科技有限公司
551 551 5321104960580 北京宇富丽保洁服务有限公司
552 552 5325104970940 北京首光艾达科技有限公司
553 553 5349104949960 北京百利金珠宝首饰有限公司
554 554 5349104977667 北京鸿鹄雄狮技术开发有限公司
555 555 5363105016211 北京市海淀区四季青成人中等专业学校
556 556 5384105040447 诚通财务有限责任公司
557 557 5386104934583 中国物流有限公司
558 558 5401105031241 北京心海导航科技有限公司
559 559 5404104994628 北京市绘图仪器厂
560 560 5405104979866 北京环宇辰星会展服务有限公司
561 561 5412104954777 核工业机关服务中心
562 562 5428104961574 北京洪恩教育科技股份有限公司
563 563 5444105058291 北京中复电讯设备有限责任公司
564 564 5456104996877 赛特国际物业管理有限公司
565 565 5481104955559 北京京伦基业建筑工程有限公司
566 566 5506105042345 北京怀柔津桥幼儿园
567 567 5511105039468 北京庞大伟业汽车销售服务有限责任公司
568 568 5516104955593 神州国瑞（北京）电子商务有限公司
569 569 5530105015163 北京力度空间装饰工程有限公司
570 570 5537105022703 泰和泰（北京）律师事务所
571 571 5543104941833 北京中科泛华测控技术有限公司
572 572 5564105002547 北京百扬信通科技有限公司
573 573 5568105039093 中国长寿工程基金会有限公司北京代表处
574 574 5589104967917 华信中安（北京）保安服务有限公司
575 575 5599105053805 宝马(中国)汽车贸易有限公司
576 576 5603104955139 铱格斯曼航空科技集团有限公司
-17-
577 577 5605105058289 北京中复电讯设备有限责任公司
578 578 5612105039920 中知（北京）认证有限公司
579 579 5629105036645 北京景行投资管理中心（有限合伙）
580 580 5635105005005 北京中泰航宇电子技术有限公司
581 581 5642104924405 北京坤汇永泰国际投资管理有限公司
582 582 5642104961575 北京洪恩教育科技股份有限公司
583 583 5657104955914 北京市丰台区卢沟桥乡畜牧技术服务管理中心
584 584 5674104934535 北京伟力新世纪科技发展有限公司
585 585 5675104965013 北京馥华联创投资咨询有限公司
586 586 5684104983621 北京快乐元素餐饮有限公司
587 587 5720105036475 北京冀贵汽车贸易有限公司
588 588 5731105030649 北京东燕腾达科技有限公司
589 589 5740105035108 北京燕美拓达商贸有限责任公司
590 590 5753104972627 北京钜信文化传播有限公司
591 591 5758104982210 北京华旅物业管理有限公司
592 592 5758105031555 北京立德世纪咨询有限公司
593 593 5762105036194 北京宏远信诚汽车销售有限公司
594 594 5768105002175 北京海帆科技有限公司
595 595 5789104958795 北京天元鸿泰商贸有限公司
596 596 5790104955798 北京北元电器有限公司
597 597 5794105059041 北京首华物业管理有限公司
598 598 5800105051552 北京华熙中环物业管理有限公司
599 599 5802105020937 中科宇图天下科技有限公司
600 600 5805104961564 北京洪恩教育科技股份有限公司
601 601 5833105015808 北京华博佳业科技有限公司
602 602 5847105029093 北京合康亿盛变频科技股份有限公司
603 603 5852105053807 宝马(中国)汽车贸易有限公司
604 604 5853105049880 北京北汽模塑科技有限公司
605 605 5864105029113 北京合康亿盛变频科技股份有限公司
606 606 5872104993930 北京京航世纪商贸有限公司
607 607 5889105036277 北京庞大冀瑞汽车销售有限公司
608 608 5895105016448 建元装饰股份有限公司
609 609 5924105037453 北京广龙济斯太尔汽车有限公司
610 610 5932104947939 北京瑞建设备安装有限公司
611 611 5939104976748 北京金瑞驰汽车服务有限公司
612 612 5946104994859 北京银达物业管理有限责任公司
613 613 5955104928900 北京盛昊投资有限公司
-18-
614 614 5971105035353 北京一汽环岛汽车销售有限公司
615 615 5992105003555 上玉集团有限公司北京分公司
616 616 6003104980819 北京金日创科技股份有限公司
617 617 6011105024247 北京凯铭工贸有限责任公司
618 618 6012104954791 北京鼎尚利亨贸易有限公司
619 619 6026105034880 北京冀财奥汽车贸易有限公司
620 620 6069104994858 北京银达物业管理有限责任公司
621 621 6080104965096 北京众达特汽车零部件有限公司
622 622 6098105006863 北京天罡星机械设备租赁有限公司
623 623 6133104936763 北京鑫天众成商贸有限责任公司
624 624 6145104964430 华夏易扬（北京）文化传媒有限公司
625 625 6191105036562 北京康博思铭科技发展有限公司
626 626 6193105053810 宝马(中国)汽车贸易有限公司
627 627 6228105013240 北京诚得信会计师事务所（普通合伙）
628 628 6235105029108 北京合康亿盛变频科技股份有限公司
629 629 6246105034292 北京斯利安药业有限公司
630 630 6279105059314 北京开源通力电力设备安装工程有限公司
631 631 6280104977200 北京正远展览展示有限公司
632 632 6282105035068 北京刑技技术开发公司
633 633 6324104959785 北京丰安消防工程公司
634 634 6334104923106 北京海博思创科技有限公司
635 635 6360105024043 北京网博视界科技有限公司
636 636 6364104926320 北京苏向祥律师事务所
637 637 6370105029121 北京合康亿盛变频科技股份有限公司
638 638 6382104968117 北京理工华创电动车技术有限公司
639 639 6383105024274 建峰建设集团股份有限公司
640 640 6384105024300 北京汇京鸿运汽车贸易发展有限公司
641 641 6389105036669 北京双宇印能数码科技有限公司
642 642 6390105029768 北京燕园图新电梯自动化技术有限公司
643 643 6403104955003 北京广思博国际广告有限公司
644 644 6414104934382 北京恒泽远道路养护有限公司
645 645 6421105036716 可利国际货运代理（北京）有限公司
646 646 6430105059313 北京开源通力电力设备安装工程有限公司
647 647 6431105037454 北京广龙济斯太尔汽车有限公司
648 648 6440104962779 中润互通文化传媒（北京）有限公司
649 649 6443105038156 北京庞大神龙投资管理有限公司
-19-
650 650 6445104962257 北京声达广告有限公司
651 651 6447105004600 北京华泰昌汽车贸易有限公司
652 652 6456105023697 北京市安全生产联合会
653 653 6461104925558 北京凯弘达科技有限公司
654 654 6461104994621 北京洪涛顺兴通风防护设备有限公司
655 655 6467105053794 宝马(中国)汽车贸易有限公司
656 656 6474105002697 北京锐智耐特科技有限公司
657 657 6479104939871 北京康迪森交通控制技术有限责任公司
658 658 6482105036363 中冀贸易有限责任公司
659 659 6488104997820 北京亚宝投资管理有限公司
660 660 6489105036365 北京天航瑞晨汽车销售有限公司
661 661 6501104981314 北京金锐美印刷科技有限公司
662 662 6504104958462 北京汇亿鑫电光源技术开发有限公司
663 663 6533105024780 北京齐天兴旺不锈钢有限公司
664 664 6541104947938 北京瑞建设备安装有限公司
665 665 6544105034609 北京十里河文化创意有限公司
666 666 6545105017931 北京水木源华电气股份有限公司
667 667 6556105025184 北京市石景山区乐龄老年社会工作服务中心
668 668 6569105053802 宝马(中国)汽车贸易有限公司
669 669 6571105034260 北京斯利安药业有限公司
670 670 6578105024302 北京汇京鸿运汽车贸易发展有限公司
671 671 6579104976021 北京梦想起飞科技有限公司
672 672 6590105034254 北京斯利安药业有限公司
673 673 6599104954799 中国核工业集团公司
674 674 6608104992117 北京鑫方盛五金交电有限公司
675 675 6613104948123 北京东方金鼎钢结构工程有限公司
676 676 6625104994852 北京意锐新创科技有限公司
677 677 6629105015409 北京大唐首邑建筑集团有限责任公司
678 678 6631104923223 北京市二十一世纪国际学校
679 679 6642105022980 北京绝味食品有限公司
680 680 6646105050970 北京鑫方盛五金交电有限公司
681 681 6649105028977 亿革恒通科技发展（北京）有限公司
682 682 6658104977759 北京慧清科技有限公司
683 683 6665105029109 北京合康亿盛变频科技股份有限公司
684 684 6680105035081 北京绮萌经济社会研究所
685 685 6683105033598 北京航研射频科技有限公司
686 686 6685104967006 北京东宇新材料技术有限公司
-20-
687 687 6701104961509 北京城阳崂峰医用射线防护技术中心
688 688 6701104962782 北京偶合科技有限公司
689 689 6703105034293 北京斯利安药业有限公司
690 690 6721104995774 北京城建重工有限公司
691 691 6727104992302 秋语水族（北京）科贸有限公司
692 692 6779104970505 北京娇兰佳人商业连锁有限公司
693 693 6788105039985 北京北亚中冀汽车销售有限公司
694 694 6792105020936 中科宇图天下科技有限公司
695 695 6855104967136 北京东方华中汽车销售服务有限公司
696 696 6859105028894 北京宏大瑞华管理咨询有限公司
697 697 6859105029532 北京博瑞兴环境科技有限公司
698 698 6881104977066 中招国际招标有限公司
699 699 6884104963331 新丝路（北京）时尚文化有限公司
700 700 6889104955140 铱格斯曼航空科技集团有限公司
701 701 6890105029998 北京市朝阳区爱晚桑榆养老院
702 702 6896104961507 北京市房山区公益法律服务中心
703 703 6900104994688 北京悦怡泰科贸有限公司
704 704 6901104984352 北京市肇庆方大气动元件销售中心
705 705 6905104952128 北京嘉联志诚信息技术有限公司
706 706 6914105003196 中铁信安（北京）信息安全技术有限公司
707 707 6933105000168 北京市房山区民仁学校
708 708 6949105024303 北京汇京鸿运汽车贸易发展有限公司
709 709 6956104998297 北京市房山区燕通加油站
710 710 6962104980201 北京紫玉山庄房地产开发有限公司
711 711 6967105009470 北京固特建筑技术开发有限公司
712 712 6976105037044 北京雷石律师事务所
713 713 7001104967842 北京外文誉成纸业有限公司
714 714 7003104977068 中招国际招标有限公司
715 715 7003105019678 北京冀东龙汽车有限公司
716 716 7040104926900 实步（北京）工程设备有限公司
717 717 7050104936350 北京美信东方工程技术有限公司
718 718 7065105029830 天创国际演艺制作交流有限公司
719 719 7075105029103 北京合康亿盛变频科技股份有限公司
720 720 7102104979467 北京英菲美信科技发展有限公司
721 721 7121104992963 北京普远轻钢彩板有限公司
722 722 7145104979029 中国研究型医院学会
723 723 7157105017927 北京水木源华电气股份有限公司
-21-
724 724 7166105038609 北京天汇佳瑞物业管理有限公司
725 725 7192105036476 北京冀贵汽车贸易有限公司
726 726 7217104964782 北京艾捷默机器人系统有限公司
727 727 7219104954476 中国石化销售有限公司北京石油分公司
728 728 7243104925557 北京凯弘达科技有限公司
729 729 7258105035193 北京中冀福庆专用车有限公司
730 730 7267105002988 北京丰利达汽车贸易有限公司
731 731 7275104981270 北京百世德大药房有限公司
732 732 7291105044011 北京绿茵大地园林绿化工程有限公司
733 733 7295104995978 北京鑫方盛五金交电有限公司
734 734 7296104969286 北京叶氏企业集团有限公司
735 735 7301104952163 北京市港龙兄弟建材有限公司
736 736 7305105031044 北京路仕坦贸易有限公司
737 737 7309105036192 北京宏远信诚汽车销售有限公司
738 738 7328104953309 北京市精屋工程管理有限公司
739 739 7330104961792 北京汇德源会计师事务所有限责任公司
740 740 7330105039963 北京鸿厦基建工程监理有限公司
741 741 7331105032452 北京伟达中医肿瘤医院有限公司工会委员会
742 742 7333105037087 北京庞大信诚汽车销售服务有限公司
743 743 7342105013086 北京市师达中学
744 744 7343105034258 北京斯利安药业有限公司
745 745 7344105006916 北京华盛昌辰和汽车贸易有限公司
746 746 7348105053795 宝马(中国)汽车贸易有限公司
747 747 7351105002381 北京春雨兴汽车服务有限公司
748 748 7353105052052 北京优购文化发展有限公司
749 749 7381105027382 北京宏照建声科技发展有限公司
750 750 7391105036655 北京惠买在线网络科技有限公司
751 751 7393104954801 中国核工业集团公司
752 752 7408104977760 北京慧清科技有限公司
753 753 7408105011384 北京泰宁科创雨水利用技术股份有限公司
754 754 7421105035201 北京中冀福庆专用车有限公司
755 755 7423105029100 北京合康亿盛变频科技股份有限公司
756 756 7438105029033 北京城外诚家居市场有限公司
757 757 7440105058074 北京乾建绿化工程有限公司
758 758 7441104977762 北京慧清科技有限公司
759 759 7441105039984 北京北亚中冀汽车销售有限公司
-22-
760 760 7446105058296 北京中复电讯设备有限责任公司
761 761 7459104955797 北京北元电器有限公司
762 762 7463105036111 北京荣港顺华制冷设备有限公司
763 763 7502105032356 北京蓝普锋科技有限公司
764 764 7533105045661 北京市朝阳区光明山老年公寓
765 765 7575105004597 北京华泰昌汽车贸易有限公司
766 766 7592104961542 北京洪恩教育科技股份有限公司
767 767 7593104955590 锐仕方达（北京）人力资源顾问有限公司
768 768 7593104995816 北京中迈远见科技有限公司
769 769 7616104957634 亿玛凯特（北京）科技有限公司
770 770 7626104976840 中国集体经济杂志社
771 771 7656104983827 北京京诚跃汽车服务有限公司
772 772 7694105017929 北京水木源华电气股份有限公司
773 773 7696105036278 北京庞大冀瑞汽车销售有限公司
774 774 7699104954796 中国核工业集团公司
775 775 7706104992480 北京淮钢经贸有限公司
776 776 7706105020503 北京中天宏业房地产咨询有限责任公司
777 777 7726104938645 北京新科以仁科技发展有限公司
778 778 7740105053785 宝马(中国)汽车贸易有限公司
779 779 7743104934741 北京道淳律师事务所
780 780 7751104957513 北京西润光达科技有限公司
781 781 7757104972604 北京安宁创新网络科技股份有限公司
782 782 7763105053798 宝马(中国)汽车贸易有限公司
783 783 7783105058288 北京中复电讯设备有限责任公司
784 784 7786104966626 北京四联佳旺汽车配件销售中心
785 785 7802104961543 北京洪恩教育科技股份有限公司
786 786 7809104981130 北京福鑫金属加工有限公司
787 787 7819104962657 北京迪尚广告有限公司
788 788 7835104964391 北京壹仟零壹夜演出经纪有限公司
789 789 7837105058287 北京中复电讯设备有限责任公司
790 790 7845105017903 北京水木源华电气股份有限公司
791 791 7845105029120 北京合康亿盛变频科技股份有限公司
792 792 7853105039962 北京鸿厦基建工程监理有限公司
793 793 7871105038630 北京鑫辉伟业服装有限公司
794 794 7874105036384 中冀贸易有限责任公司
795 795 7889105035200 北京中冀福庆专用车有限公司
796 796 7892105029096 北京合康亿盛变频科技股份有限公司
-23-
797 797 7905105036366 北京天航瑞晨汽车销售有限公司
798 798 7910105038816 北京冀东兴汽车销售有限公司
799 799 7924105037679 北京冀发贵汽车贸易有限公司
800 800 7927104957078 北京京港保泽装饰有限公司
801 801 7945105037559 北京中冀佳宝汽车销售有限责任公司
802 802 7948104922625 北京北开电气成套设备有限公司
803 803 7958105038820 北京冀东兴汽车销售有限公司
804 804 7973105017938 北京水木源华电气股份有限公司
805 805 7993104922719 北京创智通科技发展有限公司
806 806 7997104976901 中金礼联文化（北京）有限公司
807 807 8016104954795 中国核工业集团公司
808 808 8044105065139 北京市朝阳区三环肿瘤医院
809 809 8052105022172 北京谷润建筑安装有限公司
810 810 8054105032426 北京晋科光技术有限公司
811 811 8096105010395 瑞驰恒达商业管理（北京）有限公司
812 812 8108105034587 北京中视智扬广告有限公司
813 813 8119104924685 北京富嘉永盛建筑装饰工程有限公司
814 814 8135105015760 北京医药卫生文化协会
815 815 8142104965107 北京控杰科技有限公司
816 816 8144104955222 北京奥尔环境艺术有限公司
817 817 8144105036657 北京惠买在线网络科技有限公司
818 818 8145104955958 北京繁荣哈瓦洛机电设备有限公司
819 819 8145104977898 中矿资源勘探股份有限公司
820 820 8148105036477 北京冀贵汽车贸易有限公司
821 821 8152104955138 铱格斯曼航空科技集团有限公司
822 822 8153105029104 北京合康亿盛变频科技股份有限公司
823 823 8162105034286 北京斯利安药业有限公司
824 824 8171105021998 北京达信康医疗器械有限公司
825 825 8202105036367 北京天航瑞晨汽车销售有限公司
826 826 8207104959180 北京博皓创意文化有限公司
827 827 8208105004996 北京巨百义投资有限公司
828 828 8227104981627 北京宏天策工程技术有限公司
829 829 8234104924931 北京五元物流有限责任公司
830 830 8239104977064 中招国际招标有限公司
831 831 8268104975966 北京市大兴区金锐社区服务中心
832 832 8288104955715 北京金芒果科技有限公司
833 833 8288105015363 北京立方建业混凝土有限公司
834 834 8295104994742 北京市慧学律师事务所
-24-
835 835 8351105038817 北京冀东兴汽车销售有限公司
836 836 8363105005216 北京庚顿数据科技有限公司
837 837 8378105003273 北京科皓世纪科技有限公司
838 838 8391104925736 乐风创想（北京）科技有限公司
839 839 8397104992859 北京极星之旅科技有限公司
840 840 8404104982421 北京禁毒教育协会
841 841 8435104925282 北京东方宏业家具有限公司
842 842 8438104979747 北京常青伟业营销策划有限公司
843 843 8442104954798 中国核工业集团公司
844 844 8450105009360 北京泰和诚医院管理有限公司
845 845 8466104996893 北京长谷经贸有限公司
846 846 8470104946026 北京鹰飞腾达节能技术有限公司
847 847 8474104961904 迪拉索·高品（北京）装饰有限责任公司
848 848 8475104979458 北京丰海通盛数码快印有限公司
849 849 8487105017934 北京水木源华电气股份有限公司
850 850 8491105034288 北京斯利安药业有限公司
851 851 8502105009362 北京泰和诚医院管理有限公司
852 852 8534105029105 北京合康亿盛变频科技股份有限公司
853 853 8546105004889 北京智锐纵横科技发展有限公司
854 854 8549105044220 北京斯普瑞电气安装工程有限公司
855 855 8574104962135 北京宏华腾达电器有限公司
856 856 8574105044463 北京光线传媒股份有限公司
857 857 8582104938906 中国战略文化促进会
858 858 8591104972489 北京康梭科技有限公司
859 859 8608104944806 北京神风宝华汽车销售有限公司
860 860 8618105009361 北京泰和诚医院管理有限公司
861 861 8622105039469 北京庞大伟业汽车销售服务有限责任公司
862 862 8638105002463 北京建友酒店有限公司
863 863 8690104956384 北京万龙精益电子技术有限公司
864 864 8702105038814 北京冀东兴汽车销售有限公司
865 865 8716105036196 北京宏远信诚汽车销售有限公司
866 866 8718105059040 北京首华物业管理有限公司
867 867 8720104962217 北京中环鑫融酒店管理有限公司
868 868 8722105029112 北京合康亿盛变频科技股份有限公司
869 869 8725104976961 北京昆仑凯利科技有限公司
870 870 8727105029095 北京合康亿盛变频科技股份有限公司
-25-
871 871 8747104990819 北京中兴立资产评估有限公司
872 872 8755105036658 北京惠买在线网络科技有限公司
873 873 8763105020502 北京中天宏业房地产咨询有限责任公司
874 874 8772104995979 北京鑫方盛五金交电有限公司
875 875 8773104934599 北京瑞宏机械施工有限公司
876 876 8782105034820 北京五方桥丰田汽车销售服务有限公司
877 877 8786105016117 正坤（北京）物业管理有限公司
878 878 8798105053814 宝马(中国)汽车贸易有限公司
879 879 8805104934453 北京卓越佳业建筑装饰工程有限公司
880 880 8809104970751 诗刊社诗歌艺术培训中心
881 881 8811104965281 普菲（北京）科技有限公司
882 882 8814105052056 北京优购文化发展有限公司
883 883 8815105034881 北京冀财奥汽车贸易有限公司
884 884 8822105049473 北京经中太联首源物业管理有限公司
885 885 8823104961490 北京市房山区阳光社区矫正服务中心
886 886 8832105036387 中冀贸易有限责任公司
887 887 8844105034727 北京千里行汽车服务有限公司
888 888 8852104954966 北京普世万优科技有限公司
889 889 8856104961355 山东天幕集团总公司北京幕墙工程分公司
890 890 8862104992967 北京润衡会计师事务所（普通合伙）
891 891 8864104961576 北京洪恩教育科技股份有限公司
892 892 8868105029032 北京城外诚家居市场有限公司
893 893 8870104992242 北京康美特科技有限公司
894 894 8873105037543 北京大道至行文化发展有限公司
895 895 8884104953042 北京四季和通汽车销售服务有限公司
896 896 8911105036653 北京惠买在线网络科技有限公司
897 897 8928104961570 北京洪恩教育科技股份有限公司
898 898 8935105025400 北京尚德飞腾科技有限公司
899 899 8940105039378 华安首信科技（北京）有限公司
900 900 8941104965738 北京天影环球数码技术有限公司
901 901 8944105016446 建元装饰股份有限公司
902 902 8949104995854 北京市西城区首航职业技能培训学校
903 903 8955105037517 北京绿岛自然健康咨询中心
904 904 8964104941606 中国就业促进会
905 905 8995104993916 北京海淀盘古技术公司
906 906 9008104988621 北京在明律师事务所
907 907 9011105044489 北京西山律师事务所
-26-
908 908 9020105004890 北京智锐纵横科技发展有限公司
909 909 9025105034256 北京斯利安药业有限公司
910 910 9057105035762 北京市朝阳区金色青少年体育俱乐部
911 911 9066104942304 北京巨采印务有限公司
912 912 9078104988039 北京创新天华电子系统工程有限公司
913 913 9106105032041 北京中加大成消防科技有限公司
914 914 9111105036368 北京天航瑞晨汽车销售有限公司
915 915 9130105037678 北京冀发贵汽车贸易有限公司
916 916 9135105029702 佳卓（北京）文化传媒有限公司
917 917 9154104973178 北京美全食品有限公司
918 918 9172104998770 北京丰昊伟业技术有限责任公司
919 919 9184105029035 北京城外诚家居市场有限公司
920 920 9199104959786 北京丰安消防工程公司
921 921 9208104977761 北京慧清科技有限公司
922 922 9213104992473 北京东润红福商贸有限责任公司
923 923 9230105002754 北京倚天凌云科技股份有限公司
924 924 9232105036193 北京宏远信诚汽车销售有限公司
925 925 9235104998363 北京东窑丽宇加油站有限公司
926 926 9256104994680 北京热刺激光技术有限责任公司
927 927 9287105073493 北京市顺义区杨镇辛庄户村经济合作社
928 928 9326105034297 北京市平谷岳协医院
929 929 9334105021320 北京金正能量科技有限公司
930 930 9334105034257 北京斯利安药业有限公司
931 931 9342104977763 北京慧清科技有限公司
932 932 9346105036478 北京冀贵汽车贸易有限公司
933 933 9375104992691 北京市朝阳区将府庄园敬老院
934 934 9380104962087 北京乾邦科技发展有限公司
935 935 9384104967969 北京飞网科技有限公司
936 936 9389104940037 北京四维空间数码科技有限公司
937 937 9391104991839 北京高速达商贸有限公司
938 938 9400105016052 北京华亚艺术基金会
939 939 9400105035069 北京刑技技术开发公司
940 940 9417105038815 北京冀东兴汽车销售有限公司
941 941 9434104973973 北京金海扬帆汽车销售有限公司
942 942 9436105034548 北京光影传媒广告有限公司
943 943 9468105017937 北京水木源华电气股份有限公司
944 944 9478105040813 北京天宝润德古玩文物艺术会展中心有限公司
-27-
945 945 9490104959788 北京丰安消防工程公司
946 946 9495105004982 北京市大兴区魏善庄镇东枣林村股份经济合作社
947 947 9502104927246 中苑出租汽车有限公司
948 948 9502105059039 北京首华物业管理有限公司
949 949 9519104922590 全联民办教育出资者商会
950 950 9538105007296 北京爱轮众工劳务服务有限公司
951 951 9567104957363 北京鑫中建建筑有限责任公司
952 952 9588104962829 鑫瑞宸科技（北京）有限公司
953 953 9598104972554 北京建业成房屋拆迁有限公司
954 954 9614105016119 正坤（北京）物业管理有限公司
955 955 9620105058294 北京中复电讯设备有限责任公司
956 956 9630104955766 北京市丰台区马家堡街道城南嘉园社区卫生服务站
957 957 9635105020615 北京云程泰投资管理有限责任公司
958 958 9642104947937 北京瑞建设备安装有限公司
959 959 9645104950624 北京紫天鸿业科技有限公司
960 960 9656104972583 北京安宁创新网络科技股份有限公司
961 961 9659104934624 中国物流有限公司
962 962 9682104977065 中招国际招标有限公司
963 963 9720105029107 北京合康亿盛变频科技股份有限公司
964 964 9739105033846 北京安可国际货运代理有限公司
965 965 9742105037750 北京中冀安信汽车销售服务有限公司
966 966 9743104967811 北京锦创恒业科技发展有限公司
967 967 9743105058292 北京中复电讯设备有限责任公司
968 968 9749105010393 瑞驰恒达商业管理（北京）有限公司
969 969 9767104963620 北京智尊传媒广告有限公司
970 970 9769105072578 北京市富乐科技开发有限公司
971 971 9771105002732 北京亿海时代电气有限公司
972 972 9783105059538 北京赛诺水务科技有限公司
973 973 9792105018648 北京茂海物业管理有限公司
974 974 9792105035199 北京中冀福庆专用车有限公司
975 975 9821105004596 北京华泰昌汽车贸易有限公司
976 976 9828104968110 北京鑫台华科技有限公司
977 977 9834105018296 北京远大腾阳物业管理有限责任公司
978 978 9849105017936 北京水木源华电气股份有限公司
979 979 9883104922875 北京塞尔瑟斯仪表科技股份有限公司
980 980 9889104942754 北京清江源技术服务有限公司
-28-
981 981 9890105004599 北京华泰昌汽车贸易有限公司
982 982 9902105058284 北京中复电讯设备有限责任公司
983 983 9919104961805 世纪豪泰（北京）企业管理有限公司
984 984 9920105028904 京安安达（北京）保安服务有限公司
985 985 9930104984614 北京都市风服装服饰有限公司
986 986 9935104954363 北京大唐首邑建筑集团有限责任公司
987 987 9951104969364 北京安迪盛安全系统自动化有限公司
988 988 9965104985777 北京市杰澳律师事务所
989 989 9981104962927 北京国电京网电力工程有限公司
990 990 9984104976924 中金京银文化（北京）有限公司
991 991 9986105049879 北京北汽模塑科技有限公司
992 992 9990105034728 北京千里行汽车服务有限公司
993 993 9998105003195 中铁信安（北京）信息安全技术有限公司
-中签详细列表数据完成