1 38344 9525105400761
2 22886 5626105355741
3 34450 8556105376875
4 29070 7184105384036
5 30964 7686105422968
6 37743 9364105428790
7 39397 9783105355462
8 28353 6999105316819
9 4479 1054105394704
10 30349 7530105402930
11 12164 2866105327981
12 22447 5516105329006
13 29080 7186105338406
14 20413 4991105377167
15 23243 5715105349301
16 25644 6315105393099
17 21388 5236105362512
18 26859 6636105361296
19 13662 3226105335762
20 20176 4935105334557
21 19705 4813105384671
-2-
22 39742 9865105379345
23 37083 9189105393446
24 30133 7474105345439
25 17360 4175105367676
26 4718 1109105405423
27 31365 7786105412390
28 8145 1912105377138
29 29274 7232105369024
30 28616 7065105312523
31 27086 6684105381333
32 26727 6605105338368
33 11924 2809105427923
34 22053 5406105372802
35 33613 8347105317970
36 12601 2968105338634
37 18251 4420105400646
38 39075 9706105381631
39 19699 4810105405466
40 26943 6656105337792
41 38916 9666105364599
42 36776 9118105384316
43 7756 1825105358895
44 8833 2069105400663
45 27588 6805105341317
46 1537 0352105374496
47 12088 2846105421943
48 7481 1766105327745
49 35262 8757105393960
50 24159 5944105415347
51 32812 8155105320514
52 32646 8116105313721
53 38565 9578105393970
54 17021 4069105380607
55 37297 9249105390721
56 38934 9670105326761
57 26136 6439105411952
58 4317 1011105372053
59 11711 2763105335029
-3-
60 26247 6471105397673
61 6379 1511105411031
62 31253 7760105337939
63 39412 9787105413041
64 16195 3855105365240
65 3264 0773105411514
66 25769 6346105414644
67 10523 2481105403916
68 7028 1660105313105
69 27133 6695105407963
70 10643 2511105392880
71 7393 1743105420860
72 22646 5566105339858
73 7160 1689105389531
74 27052 6677105328788
75 21593 5288105399616
76 23262 5719105366903
77 31986 7948105414933
78 28250 6972105339455
79 2545 0597105380984
80 15823 3758105375664
81 32962 8190105312612
82 23885 5878105327772
83 13215 3120105433065
84 5116 1197105314871
85 36137 8958105401549
86 34773 8630105328108
87 28495 7036105328869
88 35235 8750105389968
89 25088 6177105333755
90 35011 8689105418075
91 26797 6620105417501
92 13934 3287105363327
93 27364 6753105404331
94 33785 8391105411565
95 20565 5027105315920
96 7664 1808105391842
97 37696 9352105322943
-4-
98 31894 7926105310212
99 5570 1302105383181
100 1820 0423105329641
101 31346 7783105368064
102 5061 1184105380009
103 20681 5053105429365
104 24620 6055105375852
105 16766 3996105421224
106 10166 2390105314863
107 25486 6277105385902
108 11513 2717105342063
109 35761 8869105416131
110 14036 3309105387162
111 6949 1642105357528
112 38219 9492105316479
113 1773 0410105341274
114 36221 8981105371744
115 33618 8348105310796
116 22827 5614105352568
117 18038 4361105312348
118 34297 8518105329562
119 20390 4985105388821
120 8823 2066105416007
121 37606 9327105415530
122 15621 3707105353959
123 22273 5468105304419
124 32454 8067105329127
125 24178 5948105430647
126 33792 8392105401093
127 35614 8838105370372
128 13708 3237105367437
129 6488 1537105338344
130 13930 3287105325059
131 25899 6380105342037
132 93 0021105328314
133 22681 5573105360503
134 726 0169105377472
135 24809 6102105338533
-5-
136 27901 6883105419434
137 3205 0761105376706
138 28928 7145105359701
139 28682 7079105412669
140 25972 6398105421041
141 9287 2177105362467
142 16982 4060105416430
143 39806 9878105376917
144 11053 2610105314951
145 28062 6923105373389
146 28911 7140105310691
147 12162 2866105310533
148 31476 7812105398882
149 168 0040105332528
150 38070 9449105341010
151 29958 7416105380624
152 3399 0804105327742
153 11504 2712105429151
154 37079 9189105333023
155 4546 1066105326188
156 15726 3732105436410
157 23120 5685105361430
158 28559 7051105368060
159 442 0104105374585
160 23307 5731105325255
161 14884 3531105311629
162 11778 2776105379322
163 5026 1177105381886
164 21831 5345105315780
165 28469 7029105365639
166 6856 1626105352111
167 15538 3684105400388
168 1047 0235105307553
169 11412 2691105363368
170 5717 1339105370334
171 19622 4790105314577
172 29442 7280105410150
173 5615 1312105329288
-6-
174 34751 8624105369004
175 39869 9893105382067
176 20625 5041105369757
177 16147 3843105391772
178 11221 2648105323423
179 4392 1029105359375
180 35600 8835105337772
181 21630 5299105316878
182 4139 0974105314917
183 13541 3194105327072
184 8750 2048105351798
185 24304 5976105333910
186 22500 5529105360031
187 28921 7142105361681
188 25934 6387105344464
189 36513 9058105327293
190 9084 2130105436017
191 4781 1121105423335
192 14978 3554105319981
193 28487 7034105379820
194 5376 1255105313183
195 11088 2619105310392
196 37842 9389105305741
197 11957 2816105357402
198 17976 4344105334142
199 22916 5632105356596
200 21206 5186105370645
201 13373 3160105352858
202 11116 2626105432162
203 20064 4908105420925
204 34783 8632105430703
205 18449 4478105355144
206 517 0120105403985
207 38117 9461105411620
208 17086 4088105331255
209 37543 9313105405175
210 24254 5966105327350
211 39911 9901105431737
-7-
212 11900 2805105387414
213 24167 5946105378898
214 5174 1210105338083
215 1677 0388105355257
216 10746 2537105331589
217 38570 9579105412540
218 36609 9077105435008
219 37859 9393105311896
220 5970 1401105377052
221 18268 4427105430817
222 29936 7411105403069
223 4866 1140105319163
224 2329 0547105423043
225 936 0215105318789
226 4645 1088105394915
227 956 0218105408190
228 239 0056105370005
229 23663 5821105334221
230 2027 0473105317980
231 8668 2026105332027
232 38504 9561105321489
233 28637 7070105352482
234 23518 5787105424332
235 22227 5455105387666
236 10515 2480105335541
237 24407 6000105379450
238 19090 4652105311244
239 30634 7599105339448
240 23788 5855105313865
241 24716 6079105413164
242 11836 2791105327064
243 28724 7090105383987
244 12260 2889105332672
245 9505 2226105366197
246 33213 8255105385671
247 31144 7727105329457
248 23313 5732105329667
249 3700 0877105369558
-8-
250 343 0081105373606
251 39604 9826105391367
252 15680 3722105386153
253 20449 5002105365382
254 16947 4052105422881
255 2939 0689105322620
256 23769 5848105404347
257 6250 1478105342510
258 17736 4281105429100
259 33848 8405105388351
260 13804 3259105339520
261 39893 9898105427814
262 37878 9397105377832
263 33755 8382105366126
264 35516 8816105303452
265 15586 3698105382394
266 1407 0321105370307
267 23596 5805105328069
268 649 0152105424842
269 23280 5723105407419
270 31495 7816105350245
271 26671 6588105310465
272 19480 4753105351041
273 5976 1402105327482
274 14072 3315105423681
275 21586 5286105369589
276 6432 1523105380321
277 1213 0273105389246
278 32939 8186105323409
279 33156 8243105391504
280 8055 1890105320781
281 13833 3263105405878
282 36872 9143105408415
283 23321 5734105342630
284 2756 0652105308406
285 33321 8276105383641
286 18056 4367105361546
287 11690 2757105423079
-9-
288 20579 5029105353196
289 38790 9633105403642
290 4266 1000105363889
291 6671 1585105310286
292 25575 6298105332148
293 16830 4016105360642
294 24228 5960105326007
295 27171 6701105389570
296 18414 4468105384063
297 33541 8329105415100
298 37007 9171105390643
299 8099 1901105405220
300 9618 2252105315732
301 30495 7564105407384
302 33 0009105376284
303 12538 2955105364806
304 14004 3303105310424
305 20124 4923105343049
306 9705 2273105393580
307 6377 1511105340762
308 35693 8855105415746
309 36840 9135105341656
310 22557 5540105413552
311 13643 3220105327933
312 24912 6130105332399
313 25793 6354105342525
314 40303 9992105434146
315 21918 5370105310095
316 1006 0228105315231
317 10435 2457105337793
318 32761 8144105316882
319 22598 5555105353891
320 23684 5825105362941
321 11906 2806105407351
322 20402 4989105339956
323 24822 6105105405756
324 27230 6718105340877
325 20000 4892105412116
-10-
326 34238 8505105404658
327 29478 7295105372986
328 30177 7486105368829
329 34748 8623105414620
330 28350 6998105359737
331 8004 1878105410035
332 36265 8991105365361
333 25058 6168105425009
334 38770 9629105314998
335 23671 5823105366033
336 17943 4336105412986
337 24335 5983105310210
338 9317 2183105430244
339 22964 5645105315703
340 23616 5809105424025
341 11679 2755105341022
342 16330 3887105382420
343 24072 5921105328860
344 16234 3865105409005
345 30955 7684105368599
346 22091 5415105365127
347 40115 9941105321556
348 16859 4025105377364
349 2310 0544105332156
350 26165 6452105354366
351 7980 1874105328019
352 781 0182105350701
353 14410 3395105376310
354 24747 6086105342192
355 38044 9442105352399
356 10093 2372105350496
357 15544 3686105342778
358 25641 6315105351340
359 34336 8526105414617
360 26219 6465105317818
361 20559 5025105318226
362 16533 3941105421162
363 946 0217105314206
-11-
364 8490 1985105409222
365 14553 3437105332195
366 17711 4274105350153
367 40187 9961105332578
368 27355 6752105403942
369 16633 3968105365445
370 3975 0929105375959
371 17004 4065105435191
372 1118 0253105328132
373 9797 2296105305166
374 39314 9765105384773
375 12005 2825105401221
376 35909 8908105328547
377 36663 9091105331532
378 8589 2008105377108
379 36607 9077105408676
380 38241 9498105361566
381 34456 8557105336666
382 12620 2971105334747
383 27867 6875105402009
384 8584 2007105424362
385 20371 4982105327637
386 7224 1701105398418
387 21856 5350105389704
388 311 0074105349112
389 13579 3204105310491
390 2399 0562105376502
391 39027 9694105399307
392 15313 3629105384986
393 37077 9188105325771
394 3057 0718105313083
395 35479 8808105399344
396 15384 3647105397623
397 15582 3696105391749
398 1681 0389105310261
399 13244 3128105332627
400 22237 5459105380182
401 12760 3004105315866
-12-
402 226 0054105329109
403 38668 9604105355110
404 9161 2150105337940
405 6862 1627105316318
406 31316 7776105365745
407 15428 3657105385532
408 12742 3000105352823
409 2136 0503105404485
410 13762 3249105423054
411 6956 1644105322765
412 29366 7261105415323
413 36427 9034105340520
414 32096 7976105355580
415 7939 1864105359068
416 28998 7165105398086
417 32694 8126105340849
418 28452 7025105365960
419 7329 1727105338742
420 36188 8971105379667
421 39876 9895105389249
422 26630 6573105436013
423 3055 0717105389778
424 1576 0362105312480
425 18310 4439105405338
426 26137 6439105430644
427 13052 3078105326026
428 36257 8989105315728
429 20525 5017105375762
430 21082 5157105407543
431 6908 1635105434825
432 23364 5747105363335
433 16005 3806105368125
434 21696 5312105379061
435 12394 2923105406174
436 29532 7309105365339
437 39755 9868105339342
438 13509 3188105339278
439 16241 3868105341054
-13-
440 6428 1522105385209
441 38923 9668105350543
442 40149 9950105412078
443 35776 8874105422995
444 9662 2263105360323
445 19218 4679105428133
446 4982 1168105310957
447 35450 8802105404148
448 6481 1535105412324
449 23023 5659105339976
450 27462 6773105423076
451 34684 8607105356728
452 17389 4183105404582
453 22693 5577105388026
454 26463 6527105419917
455 37504 9303105314930
456 37092 9192105382444
457 31184 7737105321052
458 21057 5152105307189
459 18264 4426105398136
460 19503 4759105366061
461 36216 8978105428222
462 21943 5377105379324
463 33013 8204105376912
464 49 0012105375887
465 6002 1408105337930
466 20423 4993105365008
467 10400 2448105335284
468 35878 8901105329004
469 39799 9877105376398
470 33272 8266105349054
471 14943 3544105399195
472 31421 7801105385885
473 29760 7368105438188
474 11976 2821105360526
475 28039 6917105386645
476 3239 0769105336979
477 6133 1446105387419
-14-
478 8648 2021105327185
479 6919 1638105322614
480 8071 1892105413251
481 807 0188105391775
482 10379 2443105352895
483 37835 9387105342617
484 33952 8434105338173
485 12556 2959105361488
486 5975 1401105411296
487 33644 8354105340408
488 35565 8826105343285
489 15223 3610105352538
490 32773 8146105400369
491 8571 2006105382608
492 32785 8149105413524
493 38309 9516105338673
494 27258 6726105324826
495 32018 7956105416037
496 16980 4059105353858
497 7136 1682105434266
498 35727 8863105339220
499 3660 0868105396557
500 39128 9719105385807
501 34914 8666105397998
502 39905 9901105322073
503 7014 1658105337861
504 30083 7459105307713
505 12520 2952105398462
506 27962 6898105432267
507 10718 2531105351085
508 38756 9626105334432
509 34266 8511105325961
510 30959 7686105331033
511 22536 5535105403795
512 14138 3328105348972
513 10194 2395105392789
514 18696 4546105315402
515 25837 6366105311522
-15-
516 24441 6007105393893
517 39393 9783105311545
518 27825 6863105365784
519 28 0007105383537
520 27111 6690105305530
521 15167 3598105403224
522 20655 5047105369093
523 7027 1659105416022
524 24701 6076105426420
525 22491 5527105368915
526 33444 8305105427440
527 2502 0588105399425
528 20290 4962105410982
529 11060 2611105360711
530 36435 9035105400171
531 10738 2535105383630
532 4989 1168105408475
533 8124 1907105303884
534 13489 3184105338684
535 1235 0278105340650
536 3365 0798105327604
537 7752 1824105414935
538 21433 5245105377796
539 9293 2179105319103
540 18345 4451105316527
541 22927 5635105350264
542 37142 9207105398175
543 21289 5207105409392
544 1814 0422105361233
545 26368 6506105342345
546 18647 4531105426094
547 28116 6936105437351
548 8562 2005105310837
549 6181 1460105434609
550 32871 8169105411905
551 8075 1894105423091
552 7903 1857105423427
553 3632 0861105394065
-16-
554 12018 2827105408217
555 19747 4825105343398
556 19250 4689105314489
557 40320 9997105355368
558 5383 1256105420696
559 30362 7533105409183
560 10152 2386105392132
561 25460 6270105348527
562 30760 7636105367392
563 27697 6832105320700
564 38163 9472105403785
565 20221 4946105356601
566 17548 4232105402881
567 6015 1411105428360
568 37037 9178105384228
569 17462 4203105381215
570 22473 5522105366619
571 16689 3981105315432
572 17961 4341105352022
573 18533 4504105312024
574 22015 5396105323304
575 4184 0982105379617
576 18358 4455105367729
577 39699 9856105307797
578 5214 1218105348604
579 38666 9604105321617
580 3844 0906105338020
581 5328 1243105398149
582 34273 8513105341678
583 14110 3323105398822
584 18521 4500105312211
585 28360 7000105355695
586 2836 0669105318998
587 1357 0309105326971
588 36438 9036105356556
589 34074 8466105399606
590 22317 5480105326999
591 3378 0800105408780
-17-
592 2370 0556105342957
593 31404 7798105374913
594 39473 9798105419284
595 33218 8256105377536
596 32499 8079105424438
597 9445 2214105369229
598 23458 5775105320967
599 21925 5371105365253
600 8820 2066105365089
601 12633 2973105377820
602 31412 7799105381101
603 31432 7803105424424
604 24041 5912105400225
605 16183 3853105320957
606 30447 7552105360530
607 29703 7354105318634
608 21949 5378105399001
609 7834 1841105407418
610 1389 0318105308373
611 19884 4865105408429
612 35106 8711105422135
613 7049 1664105339508
614 26518 6542105405642
615 4825 1130105311715
616 31520 7821105350744
617 16651 3972105397997
618 9177 2153105385679
619 9804 2296105412915
620 17386 4183105341086
621 16191 3855105335166
622 9909 2323105360298
623 2963 0697105382609
624 35478 8808105398892
625 19095 4653105311436
626 14320 3374105326548
627 26890 6645105329108
628 19392 4730105389510
629 29130 7198105421978
-18-
630 12017 2827105395590
631 8914 2086105412833
632 23621 5810105383407
633 29846 7390105380359
634 31543 7828105349981
635 14249 3357105324841
636 2842 0670105325064
637 30401 7541105375389
638 2339 0550105328090
639 38246 9499105429080
640 13466 3176105407605
641 19741 4823105342897
642 28605 7063105412813
643 32685 8125105329495
644 2433 0570105340902
645 8604 2012105324758
646 35653 8846105338955
647 4886 1144105368525
648 34649 8598105424229
649 1699 0393105408960
650 15849 3765105413629
651 269 0063105433218
652 13655 3223105403279
653 4540 1065105309449
654 2725 0645105364360
655 28449 7025105311682
656 36286 8998105324814
657 4947 1161105409720
658 1863 0433105358958
659 3557 0842105350212
660 10312 2425105333204
661 33152 8243105339359
662 36149 8961105321195
663 32808 8153105413563
664 3644 0864105366309
665 11486 2709105364016
666 17536 4227105352378
667 35308 8768105311975
-19-
668 30908 7674105333503
669 28678 7079105314811
670 26582 6559105402438
671 6838 1620105413588
672 11890 2803105376313
673 3921 0919105405520
674 36783 9119105392887
675 21637 5301105316168
676 10610 2504105403343
677 33046 8213105337911
678 10491 2473105400510
679 18999 4628105401261
680 22005 5392105408853
681 25075 6172105384451
682 27432 6768105338451
683 36501 9054105404795
684 8645 2021105304407
685 2586 0607105328115
686 19081 4648105351833
687 37216 9230105385715
688 28819 7115105428771
689 26132 6439105324604
690 6888 1631105329440
691 25455 6269105376927
692 476 0110105351962
693 34689 8608105382566
694 3154 0745105388083
695 26921 6652105376928
696 32788 8150105340498
697 40210 9967105365415
698 39121 9718105334727
699 37451 9289105377264
700 18118 4382105403538
701 9910 2323105364183
702 3742 0884105369421
703 13353 3155105339542
704 29600 7324105332178
705 33763 8385105384314
-20-
706 1766 0408105416965
707 620 0145105312237
708 36512 9058105318497
709 21420 5242105333913
710 17839 4308105340257
711 3241 0769105409721
712 34788 8634105391781
713 23197 5703105349278
714 21885 5359105369336
715 25569 6296105321272
716 5720 1339105407984
717 39981 9916105325077
718 24164 5945105379076
719 1059 0238105356188
720 32737 8138105323176
721 20652 5046105423131
722 6489 1537105370076
723 4776 1121105334837
724 21791 5334105375903
725 1127 0255105314736
726 6363 1508105429295
727 17533 4226105364951
728 767 0179105343192
729 9862 2312105311799
730 29182 7212105365733
731 10733 2533105376652
732 34257 8509105314578
733 882 0201105381251
734 12095 2848105389430
735 21334 5222105318381
736 14080 3318105313757
737 6901 1634105387848
738 15214 3609105355159
739 820 0190105409787
740 18462 4483105359279
741 705 0165105360542
742 7399 1745105400430
743 8294 1946105341037
-21-
744 3647 0865105335619
745 31000 7692105349108
746 17611 4250105389884
747 12804 3011105411189
748 17918 4330105370165
749 21201 5185105383409
750 33139 8239105328953
751 16046 3820105321301
752 38062 9445105425846
753 4714 1108105348772
754 37798 9376105434091
755 3422 0810105310302
756 39298 9760105385970
757 28473 7030105359377
758 27400 6762105364811
759 24565 6041105416952
760 40185 9960105428233
761 26650 6580105382345
762 32571 8096105310121
763 7106 1678105319231
764 9316 2183105408437
765 21416 5241105347052
766 22315 5479105354457
767 9791 2294105342458
768 4235 0992105422781
769 31973 7946105421320
770 33080 8224105364694
771 8950 2095105391403
772 14276 3365105404815
773 19947 4878105381574
774 39423 9789105407529
775 36815 9128105363630
776 18144 4388105393746
777 10460 2465105421042
778 29084 7187105322301
779 4730 1112105384295
780 23182 5700105409087
781 28993 7164105332588
-22-
782 36375 9019105383965
783 35020 8690105399414
784 36528 9060105333412
785 8659 2023105328669
786 3416 0809105322381
787 8674 2028105376201
788 22369 5494105319523
789 22518 5532105413570
790 18761 4562105325633
791 28146 6945105360412
792 16588 3957105316167
793 18609 4521105408433
794 14387 3388105374915
795 15160 3596105360507
796 1188 0268105323007
797 34664 8602105315470
798 9584 2243105433887
799 35629 8841105394009
800 3014 0709105353211
801 13683 3229105334467
802 29560 7316105400379
803 59 0015105400413
804 7097 1676105347653
805 37824 9384105360538
806 30771 7638105400086
807 17852 4311105354455
808 4331 1016105339711
809 2483 0583105321123
810 13751 3245105370078
811 18013 4355105320754
812 38649 9599105378252
813 19836 4849105402895
814 37989 9428105431066
815 36529 9060105348683
816 12419 2930105361852
817 13121 3097105333574
818 12758 3003105332924
819 18899 4599105411008
-23-
820 22199 5447105421408
821 9456 2215105432142
822 21136 5170105320432
823 23984 5899105400611
824 35999 8927105419887
825 5560 1300105381081
826 24263 5967105331565
827 35628 8841105385579
828 23813 5861105346862
829 877 0200105390449
830 33788 8392105363294
831 1716 0397105422766
832 9499 2225105351681
833 39766 9869105405645
834 36317 9006105321908
835 27923 6889105324804
836 39037 9697105409443
837 18220 4410105403159
838 25897 6379105364023
839 4343 1018105421391
840 19886 4866105390461
841 8768 2052105376363
842 749 0175105351735
843 29830 7386105405089
844 37085 9190105362879
845 1606 0368105435395
846 16730 3988105414728
847 18964 4618105318394
848 29101 7192105321653
849 21544 5273105351887
850 37159 9211105307773
851 1896 0440105422747
852 31816 7902105361970
853 20105 4918105364389
854 26072 6423105340135
855 26293 6483105340755
856 13840 3265105408070
857 35105 8711105405246
-24-
858 12292 2896105412790
859 20401 4989105315157
860 7188 1696105365954
861 30270 7510105343666
862 17137 4102105385223
863 4861 1138105359929
864 18120 4382105426625
865 7506 1772105333764
866 38556 9575105375560
867 212 0050105380181
868 24828 6107105331836
869 14417 3397105319566
870 34870 8656105338039
871 33334 8279105416783
872 37107 9197105321580
873 2314 0545105323006
874 689 0161105368988
875 13572 3201105413050
876 31639 7858105309057
877 27231 6718105354173
878 34394 8541105375426
879 29162 7206105403553
880 5299 1236105371604
881 6527 1546105361624
882 2270 0534105349665
883 4050 0950105406546
884 17058 4080105376397
885 40153 9952105359781
886 18015 4355105342713
887 19661 4801105360130
888 10246 2407105349078
889 1631 0376105389436
890 25197 6203105332479
891 23448 5770105407795
892 13606 3210105340028
893 24274 5969105329235
894 12698 2989105416767
895 18830 4581105437615
-25-
896 23944 5890105303605
897 24969 6148105408666
898 18966 4618105325225
899 34432 8552105341288
900 18507 4494105312763