1 37736 5954103798548 中国平安财产保险股份有限公司北京市
崇文支公司
2 37079 5853104026678 北京光耀能源技术股份有限公司
3 53619 8484103729511 中企神州信息技术（北京）有限公司
4 57662 9133103748805 中节能绿洲（北京）太阳能科技有限公
司
5 42094 6648103874529 北京隆信得利装饰工程有限公司
6 61378 9718103607627 华信威视（北京）科技有限公司
7 51674 8159103765012 北京世纪正源房地产开发有限公司
8 39580 6232103826893 北京海鑫智圣技术有限公司
9 2641 0410103605321 世纪闻康（北京）科技发展有限公司
10 55881 8847103684033 北京百姓阳光大药房有限公司
11 58130 9208103636513 北京洁风康得环境科技发展有限公司
12 48061 7603103724100 北京环科环保技术公司
13 38660 6095103594259 北京汇诚信达科技有限公司
14 41039 6479103846993 北京唐智科技发展有限公司
15 62834 9951103756009 北京德高达科技有限公司
16 9174 1385103834869 北京怡斯宝特面包工业有限公司
17 60681 9614103603574 北京富熙博林汽车销售服务有限公司
18 4599 0706103638136 北京王府幼儿园
19 57243 9066103872543 北京创毅视讯科技有限公司
-2-20 5017 0766103861506 北京安迪世纪电子有限公司
21 52132 8235103622017 北京容港科技发展有限公司
22 29185 4546103811930 北京创盈光电科技有限公司
23 31356 4932104026127 北京车行天下餐饮投资管理有限公司
24 31697 4989103819229 北京亿安嘉诚机电设备有限公司
25 43747 6899103870665 北京世纪竹邦能源技术股份有限公司
26 34238 5388103931328 北京市太阳能研究所集团有限公司
27 41503 6555103796217 北京慧聪互联信息技术有限公司
28 7895 1183103676313 华展鑫荣国际招标代理（北京）有限公
司
29 23311 3558104046757 北京旺道珠宝首饰有限公司
30 1502 0227103617955 北京信诺传播顾问股份有限公司
31 51414 8121103877746 北京蓝谱生物科技有限公司
32 47722 7550103896541 北京国展宾馆
33 35769 5635103990704 北京万澈环境科学与工程技术有限责任
公司
34 30052 4706103748069 北京中交桥宇科技有限公司
35 39411 6209104016650 北京及时沟通文化创意有限公司
36 63161 9999103821088 石化盈科信息技术有限责任公司
37 22285 3382103771812 北京聚柳林烤鸭餐饮有限公司
38 19225 2923103659332 北京龙禄福汽车维修有限公司
39 15810 2400103801961 北京百仕成广告传媒有限公司
40 56897 9009104001158 北京得天晟电力构件技术开发有限公司
41 58273 9230103841791 北京亿海时代电气有限公司
42 807 0121103659672 北京艾亿新融资本管理有限公司
43 62039 9823103721276 北京炙城武圣餐饮管理有限公司
44 14045 2138103597753 北京汇友兴业商贸有限公司
45 54982 8708103825088 北京静安物业发展有限公司
46 40046 6306103798059 方正宽带网络服务有限公司
47 20597 3126103600676 北京联动信信息技术有限公司
48 48462 7666103901917 北京中恒永信科技有限公司
49 37486 5913103853343 北京中美传奇品牌设计有限公司
50 23977 3666103655524 三环永磁（北京）科技有限公司
51 54798 8677103960561 北京京恒福保险代理有限公司
52 32228 5068103792468 北京威视安业科技有限公司
53 29867 4677103795432 北京天灏柯润环境科技有限公司
54 14424 2197103671688 北京意厉维纺织品有限公司
55 62722 9931103612802 北京中科信通电子有限公司
-3-56 8552 1281104002296 北京联康同创科技有限公司
57 5724 0868103695047 北京安纳投资咨询有限公司
58 21922 3323103975884 北京永生堂医药有限公司
59 13915 2116103898966 北京联合丽格医疗投资有限公司
60 7856 1178103962435 北京东方中远市政工程有限责任公司
61 19875 3020103622152 王子星月酒店（北京）有限公司
62 43780 6905103719094 大唐科技产业集团有限公司
63 16269 2474103786757 北京数字星空软件服务有限公司
64 1139 0171103587959 北京道格玛影视策划有限公司
65 4468 0684103875889 北京黄记煌餐饮管理有限责任公司
66 10409 1586103656234 北京南银大厦物业发展有限公司
67 12292 1870103743301 中冀斯巴鲁（北京）汽车销售有限公司
68 8608 1289103802086 北京城乡建设设备安装工程有限公司
69 1628 0248103815986 北京市金元子商贸有限公司
70 62835 9951103815941 北京中建地产有限责任公司
71 50051 7912103757108 北京联创信安软件工程有限公司
72 41456 6546103767268 好想你枣业（北京）有限公司
73 51951 8202104018693 北京达裕丰物资供应有限责任公司
74 347 0054103619672 北京华录北方电子有限责任公司
75 9907 1509103749447 北京勤云科技发展有限公司
76 51326 8108103834617 北京中联艾博国际会议展览服务有限公
司
77 30308 4755103666924 北京恒源汇丰科技有限公司
78 17311 2631103638154 北京中润发迪奥汽车贸易中心
79 39877 6280103688363 北京阔博包装机械设备有限公司
80 3702 0572103645528 北京八大处房地产开发集团有限公司
81 13642 2077103797582 北京旭日风采经贸发展有限责任公司
82 56204 8892103755914 锦绣天地（北京）商业物业管理有限公
司
83 33572 5280103797905 北京中顺富源科技有限公司
84 62497 9895103811728 北京易为信科技有限公司
85 9866 1503103804703 北京蓝翎环科技术有限公司
86 19187 2918103632715 北京中联信达金属结构有限公司
87 17856 2715103664296 金果园老农（北京）食品股份有限公司
88 21345 3235103876000 北京世纪华光铁道钢结构工程有限公司
89 30492 4786103642595 北京金路易酒业有限公司
90 30860 4851103889152 北京国泰怡安电子有限公司
91 57438 9095103674255 北京艺苑鼎盛包装制品有限公司
-4-92 363 0056104026197 北京天元奥特橡塑有限公司
93 5311 0808103923313 北京锋益行科技有限公司
94 7955 1191103657092 北京创意前线文化传播有限公司
95 37022 5844103691485 北京亚控科技发展有限公司
96 14493 2207103811243 北京市怀柔区残疾人职业康复中心
97 47700 7547103663453 北京中安宏达科贸发展有限公司
98 60900 9646103813771 北京智双科技发展有限公司
99 9578 1457103903319 北京金夫人婚纱摄影有限公司
100 44574 7026103883045 北京星湖绿色生态观光园有限公司
101 27754 4294103983145 北京华邈中药工程技术开发中心
102 11989 1826103692615 北京华光普泰科贸有限公司
103 46834 7401103797500 北京金源德丰国际贸易有限公司
104 37813 5967103840755 北京蓝顺通达货运有限公司
105 37088 5855103836235 北京虎威宝特服装有限公司
106 13343 2028103645242 北京亚杰科技发展有限公司
107 43439 6856103796216 北京慧聪互联信息技术有限公司
108 29520 4609103672386 北京东方汗青图书有限公司
109 4518 0690103901399 华夏生生（北京）医药有限公司
110 11397 1732103803775 浙江伟星实业发展股份有限公司北京销
售分公司
111 41407 6537103846428 北京嘉和顶新科贸有限公司
112 51575 8147103671525 和创新天(北京)环保科技有限公司
113 45208 7132103603878 北京亿诺亚太科技发展有限公司
114 10214 1560103615626 北京金泰国宏商贸有限公司
115 57376 9086103752635 北京天创永胜展览服务有限公司
116 26834 4127103634804 北京昂内亚太置业有限公司
117 10209 1558103811471 北京中科云智信息技术有限公司
118 16935 2576103999827 北京宇达星网科贸有限公司
119 54435 8614104047920 北京晶宇兴科技有限公司
120 48444 7662103796807 北京肯德基有限公司
121 55716 8821103623188 北京银广通广告有限公司
122 54110 8562103889884 北京国咨中投投资顾问有限公司
123 41278 6517103630892 北京首尔工程技术有限公司
124 33931 5337103593916 北京阿博尔科技有限责任公司
125 5398 0820103601040 北京世纪晨数据技术有限责任公司
126 49689 7860103820868 北京隆盛宸设备工程有限公司
127 36146 5699103629541 北京伟达信恒科技有限公司
128 43997 6940103798192 北京威德科盈智能科技开发有限公司
-5-129 26487 4065103596148 北京互联港湾科技有限公司
130 58576 9277103956250 北京天兴美德模塑制品有限公司
131 3627 0560103988281 北京龙湖置业有限公司
132 32570 5120103660287 北京美飒格松柏科技发展有限公司
133 7734 1162104027291 京石铁路客运专线有限责任公司
134 58466 9259103790634 北京奥捷凯工贸有限公司
135 39110 6161103828395 北京华堂机电设备有限责任公司
136 1653 0252103629796 北京大北农动物保健科技有限责任公司
137 9370 1416103775692 北京帕姆齐传动设备有限公司
138 58921 9332103799983 北京爱德发科技有限公司
139 25409 3887103730475 北京华翔兴业河道整治工程有限公司
140 59686 9460103950135 北京朝阳印刷厂有限责任公司
141 38910 6128103979870 尚智雅宣（北京）文化传播有限公司
142 51498 8134103915358 北京美事达装饰材料有限公司
143 16827 2559103664043 北京鑫嘉能电力工程技术有限公司
144 19096 2903103770490 北京市房山区才艺OK幼儿园
145 52616 8316103589612 北京金海达装饰装潢有限公司
146 5863 0885103669612 北京金柏格信息科技有限公司
147 18318 2786104027240 北京银宴禄辰房地产开发有限公司
148 58260 9229103605380 北京中冶沃德机电设备有限公司
149 13741 2091103761050 北京安洋伟业汽车销售服务有限公司
150 10189 1555103630508 北京高星速源信息服务有限公司
151 4285 0657103883016 北京四维远见信息技术有限公司
152 30765 4832103593507 北京倪氏海泰餐饮有限公司
153 6465 0971103961428 北京渝鹏基业高空清洗服务有限公司
154 24296 3717103965743 北京用尚科技有限公司
155 52021 8213103734085 北京拉风元素文化娱乐有限公司
156 36807 5809103692785 北京中京瑞税务师事务所有限责任公司
157 33874 5328103680305 中国水电顾问集团北京勘测设计研究院
有限公司
158 12903 1961103817405 北京恒生康拓工贸有限公司
159 32416 5098103632008 广州市百利文仪实业有限公司北京销售
分公司
160 50562 7990103964646 北京希格诺科技有限公司
161 40360 6360103720005 北京新松建筑设计研究院有限公司
162 62604 9912103912021 北京宇成香苑餐饮管理有限公司
163 3033 0475103719106 北京北控环保工程技术有限公司
164 9105 1375103770965 北京藜可萱时装有限公司
-6-165 7771 1168103607223 北京赛力体育发展有限公司
166 8837 1328103598976 北京国华乐家贸易有限公司
167 43842 6916103775001 北京高德曼餐饮有限公司
168 49904 7891103931468 北京汉唐天尚文化发展有限公司
169 34266 5392103988197 北京千禧房地产开发有限公司
170 55724 8822103602929 北京鑫旺瑞德能源科技有限公司
171 17464 2655103812733 北京双江物资有限责任公司
172 14450 2202103787462 汇云逸龙（北京）科技发展有限公司
173 54688 8655104052089 北京巨海传媒有限公司
174 57912 9172103620496 北京现代汽车有限公司
175 9534 1450103682512 南迪诺尔国际工程技术（北京）有限公
司
176 4219 0648103600802 北京博雅聚鑫磁业科技有限公司
177 37283 5885103826628 紫荆控股有限公司
178 22183 3368103807697 北京沈飞铝业幕墙工程有限公司
179 44478 7013103637027 北京施德尔汽车部件有限公司
180 62698 9926103892026 北京华煤安信科技有限公司
181 31372 4935103733909 北京和硕诚业科技有限公司
182 41048 6480103966110 北京天运房地产综合开发经营有限责任
公司
183 30257 4742103697458 北京文新创展工程造价咨询有限公司
184 16299 2479103651266 北京长润化工有限公司
185 54291 8590104001020 北京东方美景展览有限公司
186 36024 5680103895138 北京时代华丰建筑工程有限公司
187 26105 3996103927475 北京南瑞捷鸿科技有限公司
188 46600 7360103651668 北京吉派瑞达检测技术有限公司
189 6445 0969103718745 北京中石伟业科技股份有限公司
190 2304 0351103824165 北京武神世纪网络技术股份有限公司
191 30942 4866103744044 北京大栅栏平泰停车管理有限公司
192 59629 9450103647707 北京辉哥餐饮管理有限公司
193 26505 4068103808332 北京博磊通联科技有限公司
194 38010 5997103885837 北京翀实物业管理有限公司
195 19327 2937103687380 北京风华秋实文化传媒有限公司
196 39468 6217103626479 北京佰利恒源商贸有限责任公司
197 48465 7667103788475 北京尚峻餐饮有限公司
198 7723 1161103745099 北京联郡餐饮管理有限公司第二分公司
199 11325 1722103819728 北京益丰北方装饰工程有限公司
200 43779 6904104037524 北京苏宁云商销售有限公司
-7-201 25183 3853104006403 北京力美广告有限公司
202 31576 4969103846490 北京华耐立家建材有限公司
203 23995 3669103881327 北京华兴永和租赁中心
204 21180 3211103629311 北京联宝盛阳科技有限公司
205 55887 8847103975607 北京茂华聚氨酯建材有限公司
206 52998 8376103773931 北京万维网安科技有限公司大兴分公司
207 39239 6181103720630 北京麦迪益康商贸有限公司
208 11716 1786103825645 北京绘本原创教育科技有限公司
209 14763 2242103734565 北京大原正道建筑设计咨询有限公司
210 47803 7561103744428 北京博锐奥盛科技发展有限公司
211 62686 9923103978167 北京市梦槐制衣有限公司
212 11691 1782103803164 北京明儒律师事务所
213 31588 4971103889227 北京星空合众科技有限公司
214 32881 5172103820759 天童通信网络有限公司
215 19191 2918103841992 北京顺亚邦物流有限责任公司
216 62474 9892103762030 北京蓝海讯通科技有限公司
217 32348 5087103634207 天地科技股份有限公司
218 49897 7890103916609 北京红玺园餐饮有限公司
219 17977 2731103819066 北京华美煜力电力技术有限公司
220 34909 5504103629536 北京爱可生通信技术有限公司
221 45894 7242103685491 北京曲一线图书策划有限公司
222 60405 9569103860802 北京恒信建筑工程有限责任公司
223 43459 6859103948195 北京鹏润鸿途科技有限公司
224 31962 5030103660584 北京诺和经贸有限公司
225 24782 3790104036949 北京峰谷安全技术有限公司
226 20998 3187103925239 哈尔滨工业大学建筑设计研究院北京创
研建筑设计中心
227 51107 8073103817760 北京亚视凌典文化发展有限公司
228 16679 2535103720741 华润普仁鸿（北京）医药有限公司
229 38586 6083103788632 北京众维佳创时代科技有限公司
230 33229 5228103965728 北京金品高端科技有限公司
231 18916 2875103961006 威尔芬（北京）科技发展有限公司
232 29561 4618103602130 北京国城建筑设计公司
233 10859 1653103933983 北京天路纵横交通科技有限公司
234 699 0103103981924 北京方庄物业管理有限责任公司
235 37515 5917103675389 北京雅舍嘉园装饰材料中心
236 62958 9967103614786 北京中铁时代信息技术有限公司
237 17054 2596103812270 北京顺达祥物流有限公司
-8-238 9077 1370104004305 北京碧特博格啤酒销售有限公司
239 23575 3601103803424 北京博闻春秋图书有限责任公司
240 1294 0193103986364 艺谷文化集团有限公司
241 59948 9503103621738 济源市人民政府驻北京联络处
242 14390 2190103842279 北京浩海扬帆科技有限公司
243 31838 5010104013563 海航云端文化传媒（北京）有限公司
244 21805 3304103836493 北京市大兴区危险化学品安全协会
245 2780 0434103930834 北京圣发世纪不锈钢材料有限公司
246 19251 2926103758665 北京乔达伟业科技发展有限公司
247 28042 4341103881233 北京凯旋门国际物业管理有限公司
248 56787 8990103799337 北京警神北阳电子安全有限公司
249 18820 2860103683436 联通华盛通信有限公司
250 20015 3039103613974 北京盛世欣兴格力贸易有限公司
251 7121 1076103593399 北京安南科技有限公司
252 61730 9776103776774 现代女性领导力研究院
253 52909 8361103689001 北京同泰昌汽车维修设备有限公司
254 39578 6231103893616 北京超越电缆有限公司
255 61048 9669103647782 北京大容恒昌经贸有限公司
256 27941 4324104005831 北京地大华源地质勘探工程有限公司
257 51279 8100103740546 泰格盛世国际会展（北京）有限公司
258 55195 8743104033560 中汇国际保险经纪股份有限公司
259 59560 9435103915934 中国国际金融有限公司
260 34890 5500103724571 北京三人行广告服务有限公司
261 1891 0287103820382 北京中兴通软件科技股份有限公司
262 22561 3428103881026 北京寻宝天行网络技术有限公司
263 36293 5724103678613 北京东方金诺科贸有限责任公司
264 44696 7050103678937 北京华昊恒通天然气有限公司
265 28887 4497103634243 北京科泰兴达高新技术有限公司
266 33126 5213103936302 北京动人锐力广告有限公司
267 833 0126103837966 北京东方澳华钢结构工程有限公司
268 30889 4856103676395 北京新晨博纳科技有限公司
269 58528 9270103786853 北京盛德盈科技有限责任公司
270 19395 2948103683520 北京中燃翔科油气技术有限公司
271 45420 7170103931302 北京互象动画有限公司
272 23271 3551103985642 北京鲲鹏万恒网络科技有限公司
273 26322 4033103894677 北京恒信众康医疗器械有限公司
274 16683 2535103760928 北京燕联石化产品储运有限公司
275 38124 6013103787972 北京市电话工程公司
-9-276 31505 4957103647016 北京优炫软件股份有限公司
277 28568 4440103741726 北京和谐致远科技发展有限公司
278 21655 3281103915690 北京摄影艺术协会
279 29182 4545103941456 北京柯曼服装服饰有限公司
280 5531 0841103682181 北京京博通工程项目管理有限公司
281 56118 8881103605578 北京中视一品堂影视文化传播有限公司
282 57483 9102103719675 龙腾艺都（北京）影业投资有限公司
283 61021 9665103631835 北京恒合信业技术有限公司
284 18571 2822103597841 北京汉杰工程机械贸易有限公司
285 26109 3996104005760 北京铭信九鼎设备安装有限公司
286 20349 3087103761747 北京信海丰园生物医药科技发展有限公
司
287 39815 6270103692977 北京佳洁美保洁服务有限公司
288 34443 5423103743964 北京实创装饰工程有限公司
289 2814 0439103624605 维拓启创（北京）信息技术有限公司
290 9575 1457103755595 北京市常青园物业管理中心
291 11679 1780103723948 北京能泰高科环保技术股份有限公司
292 25022 3830103782408 北京奥嘉康鞋业销售有限公司
293 12680 1926103844337 北京中远诚达建筑劳务有限公司
294 51848 8187103827188 北京市中建利源物资经营有限责任公司
295 62566 9906103893525 北京川京科技开发有限公司
296 37388 5898103880094 北京融通金元科技发展有限公司
297 41259 6514103756700 银基仓业国际商贸（北京）有限公司
298 50304 7948103980011 北京高阳圣思园信息技术有限公司
299 56081 8878103799987 北京富申联合钢铁配送有限公司
300 32817 5161103836271 北京孚高通资讯有限公司
301 18419 2800103617858 北京纵横海纳商贸有限公司
302 60315 9556103893800 北京文豪宏博尔科技股份有限公司
303 61421 9725103962853 北京鸿瑞霖运输服务有限公司
304 62587 9910103801359 北京市平谷区峪口镇小官庄村村民委员
会
305 37758 5958103896147 北京苏稻食品有限公司
306 47012 7432103758551 北京京鼎大厦有限公司
307 35409 5579103998574 北京空港金航国际商务酒店有限公司
308 36226 5712103890310 嘉洋天成国际教育科技（北京）有限公
司
309 1455 0220103718708 北京阳光海天停车管理有限公司
310 29544 4614103739149 北京清大文博教育科技中心
-10-311 62536 9901103846943 北京金邦达装饰工程有限公司
312 29625 4629103627745 北京彩真堂影视文化发展有限公司
313 26013 3983103741637 北京奉发凯胜木业有限公司
314 54029 8548103597307 北京鑫都华烽商贸有限公司
315 41934 6620103782772 北京春庭月文化传媒有限公司
316 7571 1139103760359 北外在线（北京）教育科技有限公司
317 24702 3779103794450 北京中铁蓉城轨道交通投资中心（有限
合伙）
318 17723 2695103634393 北京高铁风行文化传媒有限公司
319 18588 2823103661922 北京华航腾信送变电工程有限公司
320 8539 1280103727180 北京宇铂恒通国际商贸有限公司
321 56473 8937103878411 北京博阳佳业投资管理有限公司
322 29553 4616103794869 北京地铁车辆装备有限公司
323 28076 4348103909034 中油首汽石油销售有限公司
324 48954 7741103838916 北京朝阳建国快餐有限公司
325 7717 1160103910411 北京咏归科技有限公司
326 20399 3094103858541 北京海运启明国际酒店有限公司
327 10592 1613103646445 北京华夏国信投资咨询有限公司
328 37637 5938103662706 北京步步高教育电子产品有限公司
329 17280 2628103693105 北京酷智科技有限公司
330 737 0109104027122 北京金银建出租汽车有限公司
331 53408 8446103804360 北京中宏达工程咨询有限公司
332 41426 6540103877616 中国国际金融有限公司
333 28736 4470103739328 北京微科能创科技有限公司
334 59528 9429103998561 北京展鸿新天地文化发展有限公司
335 50275 7944103660818 北京歌德拍卖有限公司
336 58965 9339103677257 北京岩海伟业科技发展有限公司
337 59224 9377103745300 北京先进视讯科技有限公司
338 61597 9754103960706 北京捷成世纪科技股份有限公司
339 43975 6936103774101 北京海利瀚科设备有限公司
340 42259 6672103593787 北京江鸟科技有限公司
341 48102 7610103789009 北京众力福田车桥有限公司
342 3589 0554103979879 北京讯通佳业科技发展有限公司
343 32989 5188103660507 北京海培时代科技有限公司
344 36433 5751103618184 北京中润泰和科技有限公司
345 10202 1557103794708 北京中新国能环保科技有限公司
346 45217 7133103841005 北京风网信息技术有限公司
347 62172 9845104044268 北京若森数字科技有限公司
-11-348 21813 3306103733921 北京利龄恒泰药业有限公司
349 9914 1510103799318 北京三江金客汽车销售有限公司
350 54995 8710103817046 北京东方双龙时代置业有限公司
351 12687 1928103630475 北京新传联合文化传播有限公司
352 23537 3595103968687 北京安达通科技有限公司
353 31716 4992103596517 北京京东瑞辰工贸有限公司
354 47543 7523103602266 际华集团股份有限公司
355 39507 6221103966634 北京龙昊安华警用器材科技有限公司
356 52028 8215103838418 北京高新利华催化材料制造有限公司
357 32240 5070103593051 北京市胜方建筑工程公司
358 12468 1893104011768 北京奥特维科技有限公司
359 54871 8691103987037 北京浩瑞达海帆装饰材料有限公司
360 17360 2638103672237 北京源通时代科技有限公司
361 36420 5749103744754 北京汇和菻新医药科技有限公司
362 60934 9654103595373 北京汉恩国际装饰设计有限公司
363 18947 2881103692755 德信智能手机技术（北京）有限公司
364 719 0106103803338 北京大方广源贸易有限公司
365 39298 6190103638827 北京兰天大诚新型建材有限责任公司
366 21110 3201103998785 北京京西北汇通商贸公司物资经销部
367 889 0134103802518 北京明日电器设备有限责任公司
368 29648 4633103896508 北京雅森国际展览有限公司
369 3755 0580103787996 中航天建设工程有限公司
370 46131 7284103739332 北京商伦科技有限公司
371 11510 1750103962345 北京泛华国金工程咨询有限公司
372 26267 4023103898384 北京京源港建筑材料有限公司
373 36910 5826103601864 天润丰农业科技发展（北京）有限公司
374 39491 6220103629579 光明网传媒有限公司
375 23599 3604103985742 北京创宇金利科技有限公司
376 52884 8358103771604 北京拓普华科电子显示技术有限公司
377 59727 9468103615046 新瑞创新（北京）管理顾问有限公司
378 54806 8678103933085 北京鑫众必达物流有限公司
379 38753 6105103650136 北京海维嘉讯电子科技有限责任公司
380 25663 3926103623914 北京一汽轿车销售服务有限公司
381 21389 3242103743958 北京实创装饰工程有限公司
382 51942 8201103827187 北京恒泰佳懿科技有限公司
383 27723 4290103632836 北京普尔特科技发展有限公司
384 25447 3892103948226 北京友邦佳通电子科技有限公司
385 51213 8090103784227 北京昌鑫建设投资有限公司
-12-386 29872 4678103659509 北京达世行汽车维修服务有限公司
387 9710 1478103893548 北京万通华泰商贸有限公司
388 44356 6996103718677 北京畅天游科技有限公司
389 20021 3039103942332 北京日春商贸有限责任公司
390 61409 9723103601794 北京天地玛珂电液控制系统有限公司
391 26726 4107103647808 北京盛世鑫源工贸有限公司
392 46756 7387103692632 英大国际信托有限责任公司
393 6726 1016103757963 北京名扬嘉悦电脑设计制作有限公司
394 26616 4088103632384 北京九州互联农牧科技有限公司
395 5839 0882103997050 北京三益德伟业贸易有限公司
396 50331 7953104031573 北京双飞软件有限公司
397 47805 7561103859427 上海优耐特斯压缩机有限公司北京分公
司
398 32271 5076103602689 新湖财富投资管理有限公司
399 60297 9554103953547 北京京汇房地产开发有限公司
400 52254 8257103983094 北京众览无限传媒广告有限公司
401 44328 6990103985849 北京闽兴联创商贸有限公司
402 32525 5113103730895 北京中天启月科技有限公司
403 18058 2744103961037 北京中安质环技术评价中心有限公司
404 26946 4149103945737 北京博源恒芯科技有限公司
405 43486 6863103726147 北京凯威富檑汽车销售服务有限公司
406 49582 7842103765810 中交科讯（北京）文化传媒有限公司
407 49790 7876103836266 北京孚高通资讯有限公司
408 55388 8772103997139 北京康权华泰商贸有限公司
409 23944 3662103615884 北京金斯泰电子有限责任公司
410 49785 7875103999754 北京市中宏晓月园林绿化工程有限公司
411 55464 8783103791097 北京仁和宏达电力设备安装有限公司
412 40597 6397103736348 北京新唐兴业地产有限公司
413 36877 5820103997093 中咨公路养护检测技术有限公司
414 29209 4550103761685 北京恒塑源工贸有限责任公司
415 59133 9362103913105 北京悦华食品有限公司
416 47641 7536103605988 北京时代动感文化传媒有限公司
417 33211 5226103658659 北京虹源特富科技发展有限公司
418 56662 8970103631847 北京国电恒通电力工程有限公司
419 12669 1923104033771 北京兴时利和科技发展有限公司
420 9427 1429103811687 北京开心人信息技术有限公司
421 11400 1732104025998 北京都宇设备安装工程有限公司
422 19696 2995103703045 北京奥陶矿泉饮料有限公司
-13-423 9627 1466103623276 北京之星汽车服务有限公司
424 5508 0837103794052 金点畅想（北京）图书有限公司
425 19406 2950103676790 北京中影大酒店有限公司
426 27916 4320103857035 数码辰星科技发展（北京）有限公司
427 19542 2971104045036 北京奥鹏远程教育中心有限公司
428 10294 1570103656698 北京玉满包装制品有限公司
429 33652 5291103726854 北京四环科宝制药有限公司
430 36430 5751103594375 北京建信劳务服务有限公司
431 5080 0774103700556 北京笔克展览展示有限公司
432 27457 4242103610616 北京柏星龙包装有限公司
433 57671 9134103838888 北京页川斯达汽车销售服务有限公司
434 49661 7857103634026 北京世纪通安制冷设备有限公司
435 44497 7016103663758 北京萱宇腾飞贸易有限公司
436 52027 8215103821593 宁波银行股份有限公司北京分行
437 33884 5329103724222 中合中小企业融资担保股份有限公司
438 778 0117104011172 北京观观文化创意传媒有限公司
439 45123 7119103682627 中科软科技股份有限公司
440 1631 0249103632065 北京丰台科技园建设发展有限公司
441 43244 6829103861890 永诚世纪会展服务（北京）有限公司
442 17485 2658103729102 北京众信利华经贸有限公司
443 20412 3097103597857 北京光健科技发展有限公司
444 33399 5256103880172 北京隆盛泰商贸有限责任公司
445 5945 0896103631945 禹王特通（北京）科技有限公司
446 49291 7794103839516 北京金时尚科技开发有限公司
447 9879 1505103620323 北京宝鑫鸿业科技有限公司
448 40679 6413103674221 北京智富博森商务服务有限公司第一分
公司
449 30646 4811103651201 北京星胜顺达汽车零部件有限公司
450 21361 3238103634331 北京中科印刷有限公司
451 17120 2606103606640 北京海装远洋贸易有限公司
452 54306 8593103633637 北京天华育鑫科贸有限公司
453 19602 2980103775546 北京宜科英泰工程咨询有限公司
454 50870 8037103966715 北京纵横智慧管理咨询有限公司
455 40855 6446104011850 中国储备粮管理总公司
456 24632 3771103897049 中科宇图天下科技有限公司
457 22898 3487103825447 北京天和中辉医疗器械有限公司
458 12551 1907103675232 北京百盛华高机电设备有限公司
459 7541 1134103817831 创健伟业医药信息咨询（北京）有限公
司
-14-460 15571 2366103678360 北京市捷力诚建筑事务服务所有限公司
461 30040 4704103858461 北京盛世龙药业有限公司
462 39496 6220103909523 北京奥得赛化学股份有限公司
463 21736 3294103720727 北京康得新复合材料股份有限公司
464 50676 8006103846780 北京晨星宏通科技发展有限公司
465 44705 7050103959195 北京中瑞城业科贸有限责任公司
466 28008 4334103792448 北京福路通物流有限责任公司
467 46088 7276103879751 北京网格地球科技有限公司
468 50379 7960103686671 中海安盟（北京）海事技术服务有限公
司
469 47874 7573103620712 北京市八通市政工程有限公司
470 7106 1073103727307 北京昆仑轴承有限公司
471 13757 2093103641017 北京鑫丰联吉科技发展有限公司
472 32434 5100103632804 北京远景世纪科技投资有限公司
473 11539 1757103636555 北京聚源锐思数据科技有限公司
474 11038 1681103617726 北京今久广告传播有限责任公司
475 29345 4578103748071 北京中交桥宇科技有限公司
476 57077 9039103691904 北京奥中兴业房地产开发有限公司
477 62446 9888103596041 北京联创新特电子科技有限公司
478 39390 6207103966180 中国航空工业供销有限公司
479 62725 9932103618718 北京通瑞横流商贸有限公司
480 33277 5235104043008 北京四海恒业科技有限公司
481 18037 2739103859641 赞华（中国）电子系统有限公司
482 42025 6636103913325 北京清河湾乡村体育俱乐部有限公司
483 42811 6764103603953 北京华保泰科技有限公司
484 19311 2935103596812 北京摩尔朗通科技有限公司
485 13937 2120103772547 宏达创业（北京）科技有限公司
486 7855 1178103942198 北京长安兴业房地产开发有限公司
487 6801 1029103637389 北京鑫创思特科技有限公司
488 8807 1322103662888 飞天诚信科技股份有限公司
489 19866 3019103598075 查查看（北京）信息技术有限公司
490 29129 4536103898827 国电联合动力技术有限公司
491 21334 3233103979574 北京同心豪科贸有限公司
492 56400 8922103665061 北京宏宇振兴科贸有限公司
493 34753 5477103594573 北京嘉合能创机房设备有限公司
494 3749 0579103629193 北京国电万和科技发展有限公司
495 58912 9331103696400 北京中科博联环境工程有限公司
496 32898 5174103655573 北京燕园博文教育科技中心（普通合伙
）
-15-497 51856 8188104014441 北京瑞泰通科技有限公司
498 41100 6489103731831 廊坊会议展览有限公司北京分公司
499 3204 0501103798328 中城建第五工程局有限公司北京总承包
部
500 22663 3446103979154 北京市怀柔区水土保持科学试验站
501 55968 8860104000874 中国北车集团财务有限公司
502 23540 3596103666646 北京京美华研科技发展有限公司
503 7604 1144103919045 北京博泰嘉华国际酒店有限公司
504 47849 7570103623263 北京恒日工程机械有限公司
505 42767 6757103684189 北京天天麦哆娱乐有限公司
506 8565 1283103820379 北京中兴通软件科技股份有限公司
507 21526 3263103847803 金开来（北京）科技有限公司
508 46940 7421103639042 北京蓬勃百业建材有限公司
509 25349 3879103910471 北京天文弘装饰工程有限公司
510 46671 7371103981234 北京安奇顺达商贸有限公司
511 12988 1973103732054 北京京能电力股份有限公司
512 37426 5905103687278 北京光影梦幻城市文化发展有限公司
513 60696 9616103598067 北京登尼特知识产权代理有限公司
514 51178 8085103967437 北京兄弟联合建设工程有限公司
515 59848 9488104032010 北京东方睿博广告有限公司
516 9445 1432103835841 北京东华天业房地产评估有限公司
517 31366 4934103593299 众力物流设备租赁（上海）有限公司北
京分公司
518 30769 4832103982464 北京天地茵源园林有限公司
519 20154 3060103877599 北京华祺洋消防安全有限公司
520 39288 6188103965353 北京市朝阳区美妤世家职业技能培训学
校
521 41572 6565103960827 北京电旗通讯技术股份有限公司
522 28009 4334103839569 北京吉祥树文化发展有限公司
523 41140 6496103933634 北京天诚宇新材料技术有限公司
524 55586 8803103647868 北京品诣时代标识标牌制造有限公司
525 39196 6174103860930 中国锅炉水处理协会
526 45149 7123103659676 北京大陆航星质量认证中心有限公司
527 39447 6214103788840 北京市永乐顺通市政工程有限公司
528 25597 3913103990990 北京华亨嘉盛投资基金（有限合伙）
529 61328 9710103878754 北京振东快捷酒店有限公司
530 29549 4614104033386 北京天隆瑞宸餐饮管理有限公司
531 50696 8009103729151 北京融和科工贸实业总公司
-16-532 21626 3277103739043 北京市红牛维他命饮料有限责任公司
533 30074 4709103988202 北京千禧房地产开发有限公司
534 58537 9272103671749 北京明通元泰科技有限公司
535 49220 7783103670554 北京天舟通信有限公司
536 19271 2928103874990 北京友缘在线网络科技有限责任公司
537 4688 0719103678515 北京德格华电机械设备有限责任公司
538 34625 5455103801893 北京恒信育安防水工程有限公司
539 34333 5403103626595 北京城建信捷轨道交通工程咨询有限公
司
540 62452 9888103773612 北京佳禾荟柏科技发展有限公司
541 48438 7661103791284 北京易讯正通网络通信技术有限公司
542 25030 3831103897930 北京霹西自动化技术有限公司
543 57679 9135104047869 雷克兰（北京）安全防护用品有限公司
544 45621 7198103953974 北京珩业成商贸有限公司
545 8346 1251103666867 北京鑫鹏世纪汽车销售服务有限公司
546 18974 2884104033418 北京信曼达荣贸易有限公司
547 32019 5038103695475 北京东方网信科技股份有限公司
548 46738 7382103852681 北京市易行律师事务所
549 7064 1066104029297 洋浦权天商业品牌网络服务有限公司北
京分公司
550 49467 7821103933506 俏十岁生物科技（北京）股份有限公司
551 1533 0231103799997 北京文瑞祥和商贸有限公司
552 21088 3199103603933 北京绍波丰成贸易有限公司
553 20946 3179103996315 北京鑫凯立德商贸有限公司
554 27078 4175103595544 北京军洋鑫业房地产有限公司
555 44254 6980103797841 北京东方嘉柏酒店管理有限公司
556 27959 4326103665045 北京和顺湘聚餐饮服务中心
557 45563 7191103594869 北京歌尔泰克科技有限公司
558 15181 2306103771282 北京科仕控制系统有限公司
559 8653 1296103614616 北京福信通科技有限公司
560 60780 9629103678808 北京亿海东方科贸有限公司
561 32281 5077103605397 北京泰恒正通科技发展有限公司
562 59092 9358103756855 北京海利时代自动化系统工程有限公司
563 48774 7714103763047 北京博智时代广告有限公司
564 58962 9339103594024 北京市社会公信建设促进会
565 59137 9363103782568 北京好利来工贸有限公司
566 54525 8630103598520 博思灵动咨询顾问（北京）有限公司
567 7353 1109103916116 北京泰洋泓大木业有限公司
-17-568 2160 0329103637533 北京久久神龙消防器材有限公司
569 1959 0299103662779 北京瑞邦泽广告有限公司
570 40577 6393103845191 北京龙文环球教育科技有限公司
571 4757 0728103694931 汉能控股集团有限公司
572 59904 9497103757308 北京赛德丽科技股份有限公司
573 59599 9443103767424 北京星光盛机械施工中心
574 20865 3168103920302 北京市科普利工贸有限公司
575 54012 8545103615274 德勤华永会计师事务所（特殊普通合伙
）北京分所
576 16542 2513103794978 北京华瑞思为科技有限公司
577 33492 5268103980091 北京思普科科技开发有限公司
578 58682 9295103600854 北京市浩华燕城建材商贸中心
579 47241 7473103902102 北京实耐固贸易有限公司
580 20223 3070103899823 北京大行基业房地产开发有限公司
581 13130 1994103746007 北京玄谷数码科技有限公司
582 55872 8846103595404 北京中通博远贸易有限公司
583 18533 2817103743441 北京中冶欧基得装饰工程有限公司
584 11861 1807103945773 北京柏耐特科技有限公司
585 28016 4336103953480 北京市巨龙工程有限公司
586 29609 4625103682789 北京通嘉宏盛科技有限公司
587 680 0101103628066 北京博安胜达工程设备安装维修有限公
司
588 2996 0468103634371 北京柏大土方运输有限责任公司
589 14283 2177103617897 北京雅林士博建筑工程有限公司
590 21261 3222103734530 北京炜润达冶金材料有限公司
591 36871 5820103654346 北京可口可乐饮料有限公司
592 52670 8323103881276 北京中机卡特彼勒机电设备有限公司
593 25972 3978103811312 北京市天永太进出口贸易有限责任公司
594 36715 5796103630163 北京火星时代科技有限公司
595 30172 4727104018719 北京恒翔嘉盛乐普科技有限公司
596 52509 8298103760537 北京华诚润达机电设备有限公司
597 39419 6210103997214 央广财经文化传媒(北京)有限公司
598 61879 9798103812067 依斯塔计量技术服务（北京）有限公司
599 49646 7855103627172 北京天房绿茵园林绿化工程有限公司
600 16983 2585103734534 中国石油天然气运输公司北京分公司
601 11621 1769103675814 北京联通昊普汽车技术有限公司
602 29860 4676103760969 北京睿博美佳商贸有限公司
603 44779 7063103794823 北京地铁车辆装备有限公司
-18-604 29649 4633103933763 融美万象（北京）文化传媒有限公司
605 44710 7051103597757 北京茂盛机电科技有限公司
606 4791 0733103639263 中华康普资产经营管理公司
607 24651 3774103841685 冠威昊科技（北京）有限公司
608 82 0011103803051 北京奥君捷盛科技有限公司
609 36229 5713103650423 北京北兰合成科技有限公司
610 27713 4287103902265 北京京华嘉业装饰有限公司
611 57629 9128103599044 北京大董烤鸭店有限责任公司
612 50044 7911103731926 北京市鑫海佳艺建筑装饰有限公司
613 31102 4890103662542 中诚信国际信用评级有限责任公司
614 51593 8149103693748 北京欣亚中物业服务有限公司
615 47650 7537103713781 北京和丰佳玉商贸有限公司
616 39572 6231103601782 北京护航科技有限公司
617 40559 6390103851443 北京枫花园电影文化发展有限公司
618 36913 5827103664218 北京市中伦文德律师事务所
619 30947 4867103663797 北京多恒科技有限公司
620 29528 4610104042312 北京中亚兴业混凝土外加剂厂
621 53846 8520103667506 北京瑞铭互动咨询有限公司
622 4358 0667104029725 北京顺佳锋物流有限公司
623 51040 8064103672738 北京摩威秀科技有限公司
624 43860 6919103924753 北京秉铭海景科技有限责任公司
625 3707 0573103601920 正大畜牧投资（北京）有限公司
626 15250 2320103600889 鸿华恒昌（北京）商业有限公司
627 33932 5337103663188 北京蓝泰德旅游休闲用品有限公司
628 22884 3485103629214 北京博鑫腾达科技有限公司
629 53856 8521103702837 北京物美商业集团股份有限公司
630 1504 0228103646975 北京优贝在线网络科技有限公司
631 40286 6351103691388 北京德鑫泉物联网科技股份有限公司
632 34775 5480103658819 北京宏源地博土地科学技术有限公司
633 9036 1365103618333 北京怡和嘉业医疗科技有限公司
634 30258 4742103976455 北京时代天华文化传播有限公司
635 8602 1288104019203 人民卫生出版社
636 46433 7331104033780 北京宝元康泰商贸有限公司
637 11093 1689103636756 泰恩福瑞控制技术（北京）有限公司
638 52047 8219103629242 北京同行一家科贸有限公司
639 30313 4757103658639 北京汽车服务有限公司
640 23226 3541103985030 北京昆泰嘉华房地产经营有限公司
641 4959 0760103659333 北京创立信达工程咨询有限公司
-19-642 598 0088103892374 北京海开房地产股份有限公司
643 29930 4686103615750 北京太兴餐饮管理有限公司
644 49733 7867103676924 北京昌世达物流有限责任公司
645 26795 4120103776293 北京中城华鼎建筑设计有限责任公司
646 49990 7903103638711 宝马(中国)汽车贸易有限公司
647 21568 3269103676763 北京鑫源广进燃气设备销售有限公司
648 37541 5922103651679 北京创恒盈展科贸有限公司
649 52227 8254103798037 北京市昌华塑料制品有限公司
650 53763 8507103788612 北京擎屹古建筑有限公司
651 11951 1820103787295 北京中天恒远环保设备有限公司
652 2506 0385103744007 北京可视通电子技术有限责任公司
653 30933 4865103650698 北京德威威麦啤酒销售有限公司
654 20119 3056103647475 北京梧桐木管理咨询有限公司
655 26300 4029103647211 北京朝沄铁克科技有限公司
656 7263 1094104002090 北京凯比瑞精测技术有限公司
657 41983 6630103802344 天健会计师事务所（特殊普通合伙）北
京分所
658 920 0140103593570 北京东道形象设计制作有限责任公司
659 25943 3973103805459 北京深呼吸文化发展有限公司
660 29461 4598103690221 北京市国泰鑫盛建筑工程有限公司
661 34022 5353103647425 北京中铁诚业工程建设监理有限公司
662 1767 0269103996170 北京拜奥威环保科技有限公司
663 9389 1421103757869 科胜博达石油科技（北京）有限公司
664 34725 5473103612635 日控（北京）传动技术有限公司
665 50590 7995104014063 中国机械工业建设集团有限公司
666 22854 3480103890239 厦门航空有限公司北京营业部
667 41008 6474103602821 北京金石奇科技发展有限公司
668 845 0128103600952 北京市丰台区职业技能培训学校
669 42992 6791103623801 北京丽都信则成石材有限公司
670 1218 0183103594436 北京政泰隆工程管理有限公司
671 28479 4424103624976 北京奥和物业管理有限公司
672 6600 0995103909842 北京江岩物业管理有限公司
673 7721 1161103662768 北京大地荣盛地质工程科技有限公司
674 24570 3762103757075 北京金泰集团有限公司东城分公司
675 53248 8413103680117 北京左江科技有限公司
676 37591 5929104026448 银建国际旅行社有限公司
677 1307 0197103601366 北京北化新橡特种材料科技股份有限公
司
-20-678 17066 2599103602000 北京世欣仁达小额贷款股份有限公司
679 16879 2570103659110 北京百旺长福汽车销售服务有限公司
680 56845 9000103953753 中建电子工程有限公司
681 59553 9434103890881 定州市华瑞建设工程有限公司北京分公
司
682 33820 5318103788123 北京盘古拍卖有限公司
683 93 0013103893512 中国纺织职工思想政治工作研究会
684 52716 8332103662710 北京众智慧通信息技术有限公司
685 37780 5960103804416 北京金明博远科技有限公司
686 3842 0593103634269 北京宝隆科利科技有限公司
687 52080 8226103670723 北京德法利投资有限公司
688 3959 0608104033600 北京奥森科贸有限公司
689 1339 0202103879582 北京珠光御景房地产开发有限公司
690 4451 0682103798982 中新优势（北京）管理咨询有限公司
691 10174 1552103634532 北京晨宇阳光科技有限公司
692 26104 3996103909733 北京红色金点文化传媒有限公司
693 853 0128103898709 北京程锦富力科技发展有限公司
694 52367 8274103626437 中铁十九局集团有限公司
695 3192 0500103650965 邯郸市谐和建筑劳务分包有限公司北京
分公司
696 54372 8602103802055 北京东方联星科技有限公司
697 58367 9244103828091 北京永诚金鼎制冷设备有限公司
698 62306 9869103819025 隆泰昌祥商贸（北京）有限公司
699 3941 0606103655615 北京京燕水利管理有限公司
700 8982 1356103634238 北京科泰兴达高新技术有限公司
701 20723 3145103902170 北京中水恒信环境科技发展有限公司
702 57712 9139104036462 中国中铁股份有限公司
703 51010 8060103767455 北京韦斯潘科技发展有限公司
704 25284 3869103787464 北京紫贝龙科技股份有限公司
705 23439 3578103674570 北京隆格玛施商贸有限公司
706 59069 9355103757905 北京鑫润源机械设备有限公司
707 23213 3539103663345 北京中煤顺通国际煤炭销售有限责任公
司
708 58711 9298103684479 北京译邦达翻译有限公司
709 36214 5710103786416 国网物资有限公司
710 32835 5165103594643 北京浩丰鼎鑫软件有限公司
711 40676 6412103980470 北京环网讯达通信工程有限公司
712 47016 7432104032860 北京中景美城科技有限公司
-21-713 9065 1368104041632 北京格林森工贸有限公司
714 35778 5638103616725 北京北汽新峰检测设备有限公司
715 37631 5937103665846 北京市中唐律师事务所
716 31110 4891103853829 中国建筑第二工程局有限公司
717 9296 1406103638178 北京王府学校
718 45171 7126103601834 德曼森（北京）科技发展有限公司
719 12811 1948103593013 北京新发展学校
720 19012 2892103670543 北京信诚佳发工程材料有限公司
721 52091 8227103910627 北京赛格雷特商贸有限公司第一分公司
722 60048 9519104031666 中国人寿保险（集团）公司
723 41653 6576103828516 北京市海豪宏达机电设备有限公司
724 59930 9500104000360 北京兰特伯爵餐饮有限公司
725 18306 2783103766847 北京龙电精诚科技有限公司
726 25571 3910103762291 北京市平谷区兴谷老年公寓
727 5747 0871103613664 北京欧凯工贸有限公司
728 18517 2815103838140 北京市通州区潞城镇霍屯村村民委员会
729 21379 3241103841975 北京鼎源仁通供暖服务有限公司
730 42386 6693103796398 北京宇田索诚科技有限公司
731 2164 0329103965681 北京有因律师事务所
732 13125 1993103896830 北京物华天宝安全玻璃有限公司
733 7897 1183103811947 北京市金三角投资管理有限公司
734 36122 5697103616332 北京三环金五星服装综合市场有限公司
735 1841 0281103769749 北京博杰市政建筑工程有限公司
736 45973 7256103964712 北京北方天宇建筑装饰有限责任公司
737 37972 5992103664174 北京金泰集团有限公司
738 29278 4564103638474 北京兴百设备安装工程有限责任公司
739 41873 6610103839644 中译语通科技（北京）有限公司
740 43792 6907104047403 纺织工业科学技术发展中心
741 56531 8948103799486 北京北方世纪建筑装饰工程有限公司
742 30907 4859103962221 北京爱地鑫装饰艺术有限责任公司
743 31667 4985103960478 北京京顺宝汽车销售服务有限公司
744 26937 4146103962897 北京恒诚创辉物流有限公司
745 26320 4033103745167 北京市航强鑫宇科贸有限公司
746 17040 2593103930173 北京瑞和世纪科技有限公司
747 28238 4377103651463 知识产权出版社有限责任公司
748 14736 2238103769873 北京闻达敏斯物业管理服务有限公司
749 35244 5559103646374 北京恒视盈通科技有限公司
750 45076 7111103637977 北京泰利丰瑞物业管理有限公司
-22-751 13196 2007103593062 美卓时代润滑油（北京）有限公司
752 49496 7826103861644 北京中博康泰科贸有限公司
753 48091 7608103872420 北京经天科技有限公司
754 20054 3045103651429 北京撄宁雅茗文化发展有限公司
755 23838 3644103764544 北京铁路局北京南站
756 16060 2443103761473 清水湾（北京）技术有限公司
757 54242 8582103986317 北京合锐清合电气有限公司
758 6978 1053103999450 北京六捷科技有限公司
759 61031 9666103621363 北京至尚嘉洲文化传媒有限公司
760 53322 8428103696026 方圆标志认证集团产品认证有限公司
761 4696 0719103979314 北京智创联合科技股份有限公司
762 37333 5892103617434 北京中达晶晶商贸有限公司
763 37338 5892103876081 北京方博达通信技术有限公司
764 53611 8483103870925 北京万兴建筑集团有限公司十六分公司
765 38512 6073103663591 北京盛通印刷股份有限公司
766 33892 5330103724559 北京京卫康诚科技有限公司
767 1168 0175103639162 北京平意宾馆有限公司
768 62819 9948103798015 北京捷亚泰中兴汽车销售有限公司
769 35790 5640103760042 北京市西城区就业培训学校
770 48300 7639103598882 北京卓博润德科技有限公司
771 34487 5430103627098 北京比比特快餐连锁有限责任公司
772 15894 2415103658042 北京市宣武中医医院
773 34100 5364103627631 北京鑫和正装饰材料有限公司
774 38383 6053103639120 北京众合优创医疗器械有限公司
775 58722 9299103672332 北京上地物流有限公司
776 29141 4539103755263 亮克威泽（北京）涂料科技有限公司
777 9986 1521103601290 北京全心合文化有限公司
778 32993 5188103802241 北京银联信投资顾问有限责任公司
779 55149 8735103853768 北京同仁堂通科药业有限责任公司
780 8531 1279103757912 人民教育出版社有限公司
781 40672 6412103637534 盘古氏国际大酒店有限责任公司
782 3782 0583104034123 北京一手店食品有限公司
783 49297 7795103999637 北京华兴新锐科技发展有限公司
784 16963 2581103683621 北京祺正明翔技术装备有限公司
785 29191 4547103656752 丰汇租赁有限公司
786 15831 2405103610805 小松（中国）矿山设备有限公司
787 28197 4370103698868 浪潮（北京）电子信息产业有限公司
788 51006 8059103818003 北京邦华恒远工程管理咨询有限公司
-23-789 12285 1869103633630 北京国际交流协会
790 48944 7740103740490 北京春光供热有限公司
791 54893 8696103602875 北京越甲广告有限公司
792 30994 4874103815488 北京贝塔尼时装有限公司
793 31410 4942103646544 北京市石景山区八宝山社区卫生服务中
心
794 51713 8165103779644 凯恩（北京）文化传播有限公司
795 39097 6159103986363 吉林市京吉劳务派遣有限公司北京分公
司
796 19199 2919103881162 北京中捷北方管道设备有限公司
797 56732 8981103604156 北京运达通汇文化产业有限公司
798 41219 6509103613434 爱威信科技（北京）有限公司
799 51587 8148103893213 北京文华阁艺术品有限公司
800 55590 8803103860593 北京国信比林通信技术有限公司
801 15873 2411104042704 北京高视远望科技有限责任公司
802 28582 4442103697496 北京莱西斯环境科技有限公司
803 42109 6651103668776 北京日昌电气有限公司
804 50106 7919104005899 北京珐玛珈包装设备科技有限公司
805 10590 1612103968826 北京广易通广告有限公司
806 60465 9578103893615 北京超越电缆有限公司
807 15396 2341103696762 中核控制系统工程有限公司
808 9709 1478103777061 北京古生代粉体科技有限公司
809 24494 3749104030842 北京宏福华信混凝土有限公司
810 57859 9165103652574 北京纪曼诺服饰有限公司
811 6074 0913103946065 北京萨尔酒店管理有限公司
812 21249 3220103745787 北京圣泰洋电器有限公司
813 14992 2278103603057 北京恒峰瑞创科技发展有限公司
814 52500 8296103624177 北京中航讯科技股份有限公司
815 12651 1920103827080 中征（北京）征信有限责任公司
816 915 0139103821631 北京创纪会计师事务所有限公司
817 51198 8088103858990 北京圣莉奥服饰有限公司
818 20376 3091103624452 中粮粮油有限公司
819 24421 3737104028423 北京金银建科技发展有限公司
820 22682 3449103932898 北京京鹏凯博装饰工程有限公司
821 5696 0864103817108 北京硕华泰工程咨询有限公司
822 13324 2025103605073 东方石文软件（北京）有限公司
823 50534 7986103797727 北京酷讯通科技有限公司
824 50009 7906103589180 北京嘉信创合建筑工程有限公司
-24-825 56570 8955103796590 北京潞城龙兆华建筑有限公司
826 3493 0540103874885 北京中地机电工程有限公司
827 47646 7536104040558 北京金塔山物资供销有限公司
828 45549 7188103689278 北京华诚苑建筑有限公司
829 62448 9888103663538 神州长城装饰工程有限公司
830 39524 6224103823557 北京南口轨道交通机械有限责任公司
831 35572 5606103876227 北京拉斐特城堡运动休闲俱乐部有限公
司
832 31930 5025103795254 北京慧驰科技有限公司
833 44568 7026103792547 北京北石海泰石油装备有限公司
834 62721 9930103961135 北京希达建设监理有限责任公司
835 55820 8837103761017 北京绎春秋广告有限责任公司
836 12091 1842103683608 北京振兴创业科技有限公司
837 24835 3800103856864 国开金泰资本投资有限责任公司
838 62353 9875104041787 中航万科有限公司
839 6373 0959103614686 北京海吉乐科技有限公司
840 31888 5018103804923 北京中天华瑞科技发展有限公司
841 435 0066103913978 北京力泰友联科技有限公司
842 18488 2810103786957 昭德（北京）房地产开发有限公司
843 26512 4069103603547 北京欧仕科技有限公司
844 17588 2673104018249 国信招标集团股份有限公司北京国际贸
易分公司
845 42870 6773103718835 麦哲思科技（北京）有限公司
846 33644 5289103962488 北京小豆餐饮有限公司马甸分公司
847 16003 2434103587891 北京业恒咨询有限公司
848 42072 6644103766023 北京拓维启通科技有限公司
849 39063 6154103621595 北京兰鼎森文化传媒有限公司
850 38183 6022103663180 北京半边天制衣有限公司
851 31163 4900103765549 北京娃哈哈餐饮管理有限公司
852 36356 5735103677517 北京安卓泰克科技有限公司
853 16799 2555103670281 中特物流有限公司
854 28906 4500103671372 北京中电通力软件有限公司
855 49895 7890103873004 北京和力恒方国际公关顾问有限公司
856 2549 0392103614318 北京京丰岳各庄农副产品批发市场中心
857 41210 6508103678357 北京津西投资控股有限公司
858 55263 8753103962427 中国电子进出口总公司
859 56699 8974104033573 第一创业证券股份有限公司北京平安大
街证券营业部
-25-860 7098 1071103719860 北京易用时代科技有限公司
861 12819 1949103823397 北京东方雨虹防水技术股份有限公司
862 33010 5192103919180 北京苏通双信建筑安装工程有限公司
863 10423 1588103947645 北京京润翔房地产经纪有限公司
864 48132 7614103874013 北京和协生物制品厂
865 22287 3382103909318 北京文尚文化发展有限公司
866 37307 5889103660221 北京凡星世纪科技发展中心
867 39843 6275103915574 北京协和制药二厂
868 15433 2347103989327 北京锦鑫丰瑞科技有限公司
869 59842 9488103770085 北京嘉华通软科技有限公司
870 560 0083103623032 北京长荣信科技发展有限公司
871 39242 6182103620360 北京华科飞扬传媒科技有限公司
872 52007 8210103956536 昆仑之子（北京）石油制品有限公司
873 14004 2132103636234 北京京冶栩辰科技发展有限公司
874 55695 8818103757637 北京智控美信信息技术有限公司
875 22247 3377103740714 北京网智易通科技有限公司
876 50370 7959103744126 安援救援管理服务（北京）有限公司
877 49975 7900103998499 北京华能达电力技术应用有限责任公司
878 32947 5181103890185 北京励安装饰有限责任公司
879 7139 1078103664447 北京华业通置业有限公司
880 22926 3493103977370 北京宣言律师事务所
881 50653 8003103745290 北京桑越海商贸有限责任公司
882 5575 0848103784191 北京新华远景贸易有限公司
883 6486 0976103607443 中北华宇建筑工程公司北京凌空创展分
公司
884 24266 3712103753640 北京海源双盛商贸有限公司
885 8361 1253103673898 北京中鼎盈润科技有限公司
886 62379 9878103989131 北京中搜网络技术股份有限公司第一分
公司
887 15132 2298104001279 北京超智伟业机电制冷设备有限公司
888 15663 2376104032241 北京什刹海孔乙己酒楼有限公司
889 12826 1951103598375 北京凯鑫名讯科技有限公司
890 53272 8417103852495 中国大唐集团公司
891 34044 5356103880040 中国西部开发促进会国际产业转移与投
资委员会
892 32735 5152103846494 北京京华耐建筑陶瓷销售有限公司
893 5655 0859103797982 北京金鼎恒昌纸业有限公司
894 62437 9886103941882 北京天迅波科技有限公司
-26-895 19069 2900103605053 北京利仁科技有限责任公司
896 30588 4801103603131 北京外文誉成纸业有限公司
897 8065 1207103988975 盘古（北京）物流有限公司
898 41543 6561103960683 北京捷成世纪科技股份有限公司
899 58463 9259103739306 华能煤业有限公司
900 5564 0846103859192 北京中方信富投资管理咨询有限公司
901 56963 9020103798604 北京市天铎律师事务所
902 570 0084104026578 北京辰安测控科技有限公司
903 45392 7167103645654 北京顺天顺水市政工程有限公司顺天顺
源分公司
904 38504 6072103686863 华建耐尔特（北京）低碳科技有限公司
905 62103 9834104044109 北京天地华创广告有限公司
906 42318 6680104042478 北京瑞朗医疗器械有限公司
907 22353 3394103699044 中外建华诚城市建设有限公司
908 6659 1005103757652 明发集团北京房地产开发有限公司
909 62688 9924103695680 北京朗诺环保科技有限公司
910 15737 2389103775441 北京洲讯高科技有限公司
911 8263 1238104052855 北京年轮印记广告有限公司
912 48124 7613103769155 北京公联洁达公路养护工程有限公司
913 33773 5311103692656 中视金鑫国际广告（北京）有限公司
914 19608 2981103855897 北京公共交通控股（集团）有限公司工
会
915 7245 1091103602595 北京环球鼎添文化传播有限公司
916 26525 4071103720818 北京其阳华夏科技有限公司
917 49320 7798103924672 北京创时能源有限公司
918 39771 6264103695179 北京市朝阳水利工程公司
919 23071 3520103604845 北京蓝美视讯科技有限公司
920 22176 3367103615468 北京泰和华旭运输有限公司
921 24181 3699103812666 北京东方红餐饮有限公司
922 2608 0400104027140 中装新网科技（北京）有限公司
923 6571 0991103961799 北京融致科技有限公司
924 29678 4639103791139 北京伏尔特医疗器材科技有限公司
925 6508 0978103844786 北京昌平龙门育才文化培训学校
926 46353 7319103907901 福建省天闽建筑装饰有限公司北京分公
司
927 14729 2237103621358 北京恒华伟业科技股份有限公司
928 36626 5780103823869 北京浦成工程设备安装有限公司
929 54822 8681103736991 熙兆（北京）知识产权代理有限公司
-27-930 42305 6678104019399 卡乐工房（北京）展示技术有限公司
931 8432 1261103925108 北京市房山区汇学培训学校
932 37646 5939103892668 北京三十六计公关顾问有限公司
933 1576 0239103834854 北京招金颐和文化投资有限公司
934 29126 4536103735529 北京盛大华源科技有限公司
935 50083 7917103624604 北京信元昌同位素技术有限公司
936 23345 3564103873131 北京市永明吉运物流有限公司
937 31145 4898103636831 北京众智双成文化传播有限公司
938 25325 3877103655648 北京金宝万邦技术开发有限公司
939 29206 4550103593510 北京瑞格标牌制造有限公司
940 40027 6302103912142 北京福泰尊爵会馆有限公司
941 54028 8548103590880 北京诺亚信科技有限公司
942 9004 1358104013583 北京鸿捷印艺数码科技有限公司
943 13300 2022103656635 北京科宁丰外加剂有限公司
944 37536 5921104003957 北京建安北庆科技有限公司
945 25781 3946103739596 北京创通联合科技有限公司
946 47773 7556103935327 阿尔派电子（中国）有限公司
947 35044 5526103885804 北京军星宏达科技有限公司
948 42830 6768103667437 喜拓贸易（北京）有限公司
949 11825 1803103648191 北京华电瑞通电力工程技术有限公司
950 4064 0624103889114 北京鼎鼎鑫印刷服务有限公司
951 21908 3321103632229 北京亚奥之星汽车服务有限公司
952 1772 0270103838059 北京爱哲思科技有限公司
953 35393 5578103649070 北京奥尔思创科技有限公司
954 46551 7352103620753 北京天行网安信息技术有限责任公司
955 32782 5158103613487 北京永成兴业钢结构有限公司
956 61124 9679103647214 中国航空工业集团公司飞行服务中心
957 38822 6115103967746 北京城建设计发展集团股份有限公司
958 8826 1325103798841 北京市龙鼎华源房地产开发有限责任公
司
959 55596 8804103793011 雷派的（北京）贸易有限公司
960 59127 9362103788576 北京送变电公司
961 7624 1147104025128 北京占荣兄弟印刷技术有限公司
962 50802 8026103702847 北京中信国际大厦物业管理有限公司
963 15000 2279103878250 北京宣道广告有限公司
964 20383 3092103699293 北京日坛国际酒店管理有限公司日坛国
际酒店
965 7305 1102103825299 北京华贸素拉潘酒店发展有限公司金威
万豪酒店
-28-966 33780 5311103882884 中国电子系统工程总公司
967 46549 7351104040359 北京艾威胜航空技术咨询有限公司
968 4648 0713103772079 北京民丰祥和建筑工程有限公司
969 32687 5141103870922 依文服饰股份有限公司
970 47062 7440103631966 北京智勤宏业科技发展有限公司
971 58542 9273103601936 北京明德振兴化工有限公司
972 10566 1609103673054 北京仁慧科技有限责任公司
973 46207 7296103738927 北京市建筑装饰设计工程有限公司
974 31310 4923103876243 北京市宏盛达赢工贸有限公司
975 15177 2305103824871 北京杰龄合创影视文化传播有限公司
976 52470 8291103727143 北京今朝装饰设计有限公司
977 32198 5064103880211 北京元一车饰有限公司
978 3898 0600104037213 北京东方光大兴新科贸有限责任公司
979 21897 3319103638788 北京新京润房地产有限公司
980 11310 1720103975936 北京博艺润佳装饰工程有限公司
981 35062 5529103679170 北京恒瑞行商务汽车租赁有限公司
982 24802 3795103652062 北京恒基华通机械设备有限公司
983 50759 8019103963380 山水盛典文化产业有限公司
984 20398 3094103838386 北京万博时代国际文化传媒有限公司
985 6661 1005103976288 北京中万网络科技有限责任公司
986 2253 0342103819103 北京华祺洋消防安全有限公司
987 18188 2766103847857 北京万维世创测绘科技有限公司
988 59506 9426103646989 中国平安财产保险股份有限公司北京分
公司大兴营销服务部
989 52121 8233103858172 烟台澳斯邦生物工程有限公司北京分公
司
990 47686 7544103670364 北京双顺达信息技术有限公司
991 22319 3388103687644 北京太初建元建筑设计咨询有限公司
992 32892 5173103758377 北京前门金福德烤鸭店有限公司
993 33241 5230103900924 北京良友通产物业管理有限公司
994 32403 5096103669401 北京祖龙古籍胶印装订厂
995 3226 0505103960652 北京怀建集团伟强建筑工程有限公司
996 57167 9053103698883 中国纺织科学研究院
997 56080 8878103774870 北京首成包装服务有限公司
998 30231 4738103695732 北京中加恒业房地产开发有限公司
999 55163 8738103838670 北京市海淀区蓟门农工商公司
1000 1225 0184103652847 北京百通联惠电子技术有限公司
1001 30397 4769103877376 北京运通博恩汽车销售服务有限公司
-29-1002 10143 1547103880647 北京金沙滩体育发展有限公司
1003 27925 4322103652250 北京好得快医药有限公司
1004 8684 1299103794710 北京联众泰克科技有限公司
1005 61075 9672103798058 方正宽带网络服务有限公司
1006 54368 8601103889975 中国航空传媒有限责任公司
1007 52349 8271103858973 北京百利世纪家具有限公司
1008 15241 2317104002161 北京浩然正康科技有限公司
1009 17606 2676103782920 北京寰宇恒通汽车有限公司
1010 8655 1296103651329 北京安捷乐通信技术有限公司
1011 6625 0999104013622 欧华建业国际工程咨询（北京）有限公
司
1012 4929 0755103636866 北京金羽毛信息技术有限公司
1013 33699 5299103683915 中卫默克（北京）医药科技发展有限公
司
1014 47818 7563104016550 北京东宇宏业建筑工程有限公司
1015 35725 5629103839094 中泰创展控股有限公司
1016 26001 3981103805093 北京太平嘉合机电设备有限责任公司
1017 27403 4232103870578 北京正耀知识产权代理事务所（普通合
伙）
1018 63148 9997103628182 北京中公未来教育咨询有限公司
1019 644 0094103996202 北京水之润化妆品有限责任公司
1020 31527 4961103629809 北京千滕盛建筑工程有限公司
1021 28361 4400103884172 北京广源钢联贸易有限公司
1022 8304 1244103815808 北京盛鑫腾达科技有限公司
1023 43728 6896103965189 中艺星宇（北京）舞台设备有限公司
1024 62539 9902103676991 东恒领域文化（北京）有限公司
1025 36224 5712103872671 广东大地电影院线有限公司北京分公司
1026 54266 8586104026049 北京鑫峰建设投资有限公司
1027 40488 6379103792581 北京豪隆成水务自动化工程有限公司
1028 13805 2100103794614 北京天马圣商贸有限公司
1029 28084 4350103760055 北京惠泽钢结构有限责任公司
1030 21173 3209104035504 北京东方泽伊科技发展有限公司
1031 1967 0300103786709 北京市建腾机电设备物资公司
1032 11897 1812103948255 北京山鼎科技有限公司
1033 20672 3138103608937 北京时代先锋物流有限公司
1034 44076 6956103600895 北京华帅通供电工程安装有限公司
1035 24919 3812103930166 大唐能源化工有限责任公司
1036 60039 9518103839088 北京丰韵日泰科技有限公司
-30-1037 42076 6645103633953 北京明和杰昌科技有限公司
1038 22486 3414103786887 北京川江电力设备有限公司
1039 15456 2350103783143 北京鲁味坊餐饮有限公司
1040 13067 1984103736737 新兴铸管股份有限公司北京销售分公司
1041 2947 0460103761164 北京瑞泰安建设工程有限公司
1042 41901 6615103703984 北京商智通信息技术有限公司
1043 43467 6860103950494 中节能建筑节能有限公司
1044 41061 6482103788136 北京绿地京创置业有限公司
1045 17391 2643103623242 北京靓丽星辰科技开发有限公司
1046 62355 9876103685420 北京凯英信业科技股份有限公司
1047 48585 7686103628877 北京东方晨晨装饰有限公司
1048 59840 9488103650519 锦州银行股份有限公司北京分行
1049 40388 6364103597558 华夏得普（北京）科技发展有限公司
1050 29764 4655103983095 北京众览无限传媒广告有限公司
1051 56094 8879103734706 北京金宇通建筑工程有限公司
1052 29587 4621103646250 北京中和创意营销策划有限公司
1053 23637 3610104006335 北京永利蓝图信息科技发展有限公司
1054 36026 5680103997175 北京博星得门控科技有限公司
1055 22093 3354103687315 北京柯林斯诺医药技术有限公司
1056 29577 4620103598656 北京华电卓越科技有限公司
1057 28549 4436103901295 北京东方华晟汽车销售服务有限公司
1058 35622 5614103876173 北京市鼎新新技术有限责任公司
1059 6809 1029103965414 北京祥云医院管理有限公司
1060 13881 2111103766506 依博汽车部件（北京）有限公司
1061 38545 6077103795705 北京市西郊农场
1062 50320 7951103728618 国药控股北京天星普信生物医药有限公
司
1063 59595 9442104045026 北京金来盛发五金机电市场有限公司
1064 12264 1865103907488 北京卡曼服装有限公司
1065 4659 0715103821635 北京美联房地产经纪有限公司
1066 56194 8891103627991 住建国联（北京）企业管理有限公司
1067 13027 1978103900842 北京智能未来环境科技有限公司
1068 3743 0578103613483 北京倪氏海泰餐饮有限公司通州分公司
1069 10807 1645103656085 北京洪恩教育科技股份有限公司
1070 29125 4536103695205 北京地源达房地产开发有限公司
1071 48490 7671103775641 北京中建政研信息咨询中心有限公司
1072 40662 6408103691615 北京澳兰德兴科贸有限公司
1073 48351 7646103802606 北京中水科工程总公司
-31-1074 18461 2806103968464 北京金麦克发科技有限公司
1075 25415 3887103933561 北京凯鼎化工有限公司
1076 29566 4618103815404 北京奥林天成商贸有限公司
1077 262 0041103976696 北京科都通信电子技术有限公司
1078 21478 3257103616366 北京中电源丰科技有限公司
1079 18833 2862103891220 北京渝香汇餐饮有限公司
1080 55074 8724103767684 北京市迪维技贸公司
1081 55065 8723103594641 北京驰程无忧劳务派遣有限公司
1082 17127 2606103731062 北京市大天乐投资管理有限公司
1083 50859 8036103607016 北京智源百泰电气设备安装工程有限公
司
1084 54571 8636103596552 中安泰融资担保有限公司
1085 3459 0535103691775 北京通盈房地产开发有限公司
1086 35542 5602103700421 天津进极运输有限公司北京分公司
1087 51423 8122104013632 迈拿钟表商贸（北京）有限公司
1088 47809 7562103611510 中北华宇建筑工程公司北京顺兴创展分
公司
1089 21983 3335103648097 北京红日升工贸有限公司
1090 58504 9267103658552 中国铁路通信信号股份有限公司
1091 31491 4955103598269 北京特普丽装饰装帧材料有限公司
1092 6454 0970103608456 北京热爱文化传媒有限公司
1093 15677 2379103649496 北京市利君堂大药房连锁有限公司
1094 1575 0239103824832 北京盛大康成医药科技有限公司
1095 37685 5945103915435 北京惠博普能源技术有限责任公司
1096 15790 2397103888998 北京市工程建设质量管理协会培训中心
1097 45469 7178103711811 盘锦市人民政府驻北京联络处
1098 31203 4906103819990 北京芳北科技发展有限公司
1099 36403 5746103646078 北京天誉广传科技有限公司
1100 24359 3728103629378 北京春之雨教育科技有限公司
1101 49328 7800103597767 北京盛佳伟业科技有限公司
1102 44843 7073103631720 北京国鸿伟业园林景观工程有限公司
1103 49034 7756103587950 北京蓝宇志成科技有限公司
1104 11264 1713103645959 华信财富（北京）资产管理有限公司
1105 44437 7007103743237 北京鼎新基业科贸有限公司
1106 15432 2347103946007 北京银行股份有限公司樱花支行
1107 44399 7001103840985 北京向上北方科技发展有限公司
1108 5177 0788104016283 北京易成轩科技有限责任公司
1109 10612 1616103602888 北京禹翼嘉华科技有限公司
-32-1110 55690 8818103596211 京汇通置业有限公司
1111 29316 4572103812901 北京大成广和汽车技术开发有限公司
1112 7071 1067103815532 北京绿友时代园林机械有限公司
1113 16789 2552104000916 北京市一致人和国际环境科技有限责任
公司
1114 14898 2263103817948 万青伟业投资咨询（北京）有限公司
1115 21978 3334103802270 北京天时房地产开发有限公司
1116 21418 3247103715604 北京中科弘睿科技有限公司
1117 62623 9916103607463 中北华宇建筑工程公司北京临空创展分
公司
1118 5024 0767103788460 北京中财典当有限责任公司
1119 8805 1322103600912 北京方仕工贸有限公司
1120 32279 5077103595853 北京爱德康赛广告有限公司
1121 4772 0730103765639 北京活力康科贸有限公司
1122 28381 4404103876039 北京学友园中少报刊发行有限责任公司
1123 44922 7084103834666 北京心物不二电子商务有限公司
1124 15465 2351103909934 北京泰德润环境科技有限公司
1125 60796 9631103604152 北京运达通汇文化产业有限公司
1126 42037 6638103614288 北京融联信达创业投资有限公司
1127 24986 3822103964612 北京经中太联物业管理有限公司
1128 46777 7389103802502 北京众合利电电气有限公司
1129 43938 6930103990958 北京大昌庆镇汽车部件有限公司
1130 9625 1465103893109 北京君为仁和大型活动咨询管理有限公
司
1131 47259 7476103771886 北京中清龙图网络技术有限公司
1132 32221 5068103620754 北京天行网安信息技术有限责任公司
1133 48238 7630103816484 北京诚明英视科技发展有限责任公司
1134 57637 9129103950453 四川利丰汇鑫投资发展有限公司北京物
业管理分公司
1135 5746 0870104044654 北京爱拓电讯设备有限公司
1136 10222 1560103918775 北京中乔亚伦广告有限公司
1137 31255 4914103673040 北京吉芬时装设计有限公司
1138 39595 6235103605045 北京市日盛达建筑企业集团有限公司
1139 10135 1546103658743 磐石通达（北京）科技发展有限公司
1140 51190 8087103623056 航天信息系统工程（北京）有限公司
1141 46247 7301103645995 北京西海龙湖置业有限公司
1142 37197 5871103600114 北京华丰靓达商贸有限公司
1143 29455 4597103689022 北京市国冠石材陶瓷有限公司
-33-1144 29189 4546103965583 北京安思拓科技有限公司
1145 24420 3737103882812 华航同创科技（北京）有限公司
1146 52827 8350103893058 北京普星信通物流有限责任公司
1147 780 0118103595894 北京海顺德钛催化剂有限公司
1148 42759 6756103678213 北京恒信普华工程项目管理有限公司
1149 16268 2474103730770 北京市顺义区阳光中途之家
1150 16329 2482103901871 北京中鼎高科自动化技术有限公司
1151 40445 6373103877335 北京亿阳腾飞科技有限公司
1152 22398 3400103783375 北京康乐嘉佳餐饮配送有限公司
1153 4124 0633103912149 北京希尔爱商务有限公司
1154 19588 2979103630114 中国法制出版社
1155 20948 3180103645638 北京新红艺床上用品有限公司
1156 63083 9986103604647 北京永强园林绿化有限公司
1157 33570 5280103681851 北京昌隆远电力碳素制品有限公司
1158 13630 2075103919047 北京博泰嘉华国际酒店有限公司
1159 2400 0369103765701 北京鑫科思特科贸有限公司
1160 53609 8483103763706 北京华北鑫诚商贸有限公司
1161 60785 9629103783103 中商英才（北京）国际经济文化交流中
心
1162 24401 3735103639061 北京中联达物流有限公司
1163 987 0152103799714 中航勘察设计研究院有限公司
1164 8431 1261103889605 北京市金星卓宏幕墙工程有限公司装饰
分公司
1165 60257 9548103961097 英特康（北京）国际贸易有限公司
1166 21995 3336103856866 国开金泰资本投资有限责任公司
1167 22315 3387104026001 北京都宇设备安装工程有限公司
1168 9153 1381103990975 北京庆长风商贸有限公司
1169 11756 1792103796410 北京合瑞光电科技有限公司
1170 53325 8429103760365 北京天恒正宇投资发展有限公司
1171 23029 3512103909133 北京坤泰创世科技有限公司
1172 58051 9196103609568 北京中林达汽车销售服务有限责任公司
1173 20778 3156103798012 北京捷亚泰中兴汽车销售有限公司
1174 41136 6496103799902 北京互联时代娱乐文化发展有限公司
1175 21688 3287103827866 北京小松工程机械有限公司
1176 54346 8599103662415 天下佳城（北京）建设工程有限公司
1177 15467 2352103658908 北京世纪恒丰房地产开发有限公司
1178 49438 7817103842430 北京游道易网络文化有限公司
1179 36376 5739103846418 北京天马轴承有限公司
-34-1180 52372 8275103660491 北京北方温泉会议中心有限公司
1181 24206 3702103842180 北京冠博盛世网络技术有限公司
1182 4018 0616103756886 北京大汉全和电力建设有限公司
1183 27671 4281103873784 北京冠华荣信系统工程股份有限公司
1184 56459 8935103617076 川谷汇投资（集团）有限公司
1185 6815 1030103839091 中泰创展控股有限公司
1186 9823 1498103674218 上海市耀良律师事务所北京分所
1187 44114 6960103835229 北京华远卫士保安服务有限公司
1188 38049 6003103682027 卓路文化发展（北京）有限公司
1189 47961 7586103612046 北京启发创新科贸有限公司
1190 10302 1570103998412 北京市燃气集团有限责任公司第三分公
司
1191 60848 9638103616895 北京东方假日旅游有限责任公司
1192 25966 3978103660132 北京育新物业管理公司
1193 7735 1163103592589 北京金冠捷科技有限公司
1194 60743 9623103744446 北京市远东德力电子有限公司
1195 56684 8972103691800 北京易金卡网络技术有限公司
1196 21846 3311103660255 北京京弘中晟电力设备有限公司
1197 36210 5710103593177 北京京隆盛科技发展有限公司
1198 21025 3191103614390 北京华泰昌汽车贸易有限公司
1199 32094 5048103769009 北京金保联印刷有限公司
1200 2426 0373103595993 北京中关村科贸电子城有限公司
1201 30512 4788103797050 合肥达美建筑装饰工程有限责任公司北
京分公司
1202 54790 8676103691051 北京金铸城物资有限公司
1203 31003 4875103944578 北京中金易辰环境技术有限公司
1204 56463 8935103987900 北京星球通科技发展有限公司
1205 45556 7189103734775 北京市明仁律师事务所
1206 1621 0247103621814 北京三和通工贸有限公司
1207 26151 4003103736907 北京现代金宇工程建设有限公司
1208 61063 9670103979701 北京久筑基业建筑咨询有限公司
1209 47616 7531103877748 北京泓海众鑫工程技术有限公司
1210 47294 7480103819403 北京光宇在线科技有限责任公司
1211 40416 6367103991298 北京天树一格税务师事务所有限责任公
司
1212 13191 2006103791828 北京北方烽火科技有限公司
1213 29403 4589103820226 北京华达创拓金属材料有限公司
1214 56767 8986103950218 北京福环物业管理有限公司
-35-1215 59893 9495103616552 北京利帆志远机电设备有限公司
1216 7691 1156103593109 北京中科中电电力工程管理有限公司
1217 1616 0246103811846 北京银行股份有限公司总部基地支行
1218 50434 7970103990580 北京市顺义区李桥镇南河村经济合作社
1219 41044 6480103628729 华夏视听环球传媒（北京）股份有限公
司
1220 47429 7502103879995 北京东视文化传媒有限公司
1221 24354 3726103659299 北京盈科通达信息技术有限公司
1222 55640 8809103756888 北京大汉全和电力建设有限公司
1223 60225 9544103620892 北京国电京缘科技开发有限公司
1224 50317 7950103933807 北京博欧实德生物技术有限公司
1225 23198 3537103881009 北京联合渝乡人家餐饮有限公司
1226 47615 7531103689151 中睿力源科技（北京）有限公司
1227 63004 9974103654338 凯士亚达（北京）科贸有限公司
1228 18136 2759103593393 北京安南科技有限公司
1229 57605 9122104035453 北京燕兰楼清真餐饮管理有限公司海淀
第二餐饮分公司
1230 17344 2635103844191 滕氏工贸发展有限公司
1231 33951 5339103710859 北京禅拳道武术院
1232 21860 3313103676501 北京运通博奥汽车销售服务有限公司
1233 32579 5121104012010 北京汽车集团财务有限公司
1234 36177 5703103930153 百泰生物药业有限公司
1235 1567 0237104014491 招商局航华科贸中心有限公司
1236 63158 9999103733848 北京庄子工贸有限责任公司
1237 24422 3738103588611 北京荣瑞德纸制品有限公司
1238 8203 1231103637378 北京联合创奇科技有限公司
1239 17964 2729103744761 北京精诚伟业保安服务有限公司
1240 40149 6326103614448 资和信电子支付有限公司
1241 18198 2767103741395 北京北燃液化石油气有限公司
1242 25848 3956103679854 北京顶亮科技有限公司
1243 13555 2064103945828 北京科大华冶工程技术有限公司
1244 48712 7705103798135 北京缔凡思信息技术有限公司
1245 57707 9139103810748 北京老友律师事务所
1246 31341 4930103604624 北京中荣亚润科技有限公司
1247 63079 9985103654947 北京道盛律师事务所
1248 25116 3843104049143 北京斯泰达建筑工程有限公司
1249 28520 4430103947165 北京万方置业有限公司
1250 19409 2950103817449 北京翔盛包装材料有限公司
-36-1251 44823 7070103651385 乐普（北京）医疗器械股份有限公司
1252 24544 3758103821983 北京泽碧克格鲁建筑设计咨询有限公司
1253 46246 7301103628295 北京瑞平通信技术有限公司
1254 30436 4776103910600 北京泽亿源建筑工程有限公司
1255 33628 5287103634411 北京华星绿原生态绿化技术有限公司
1256 59400 9409103838987 北京博鹏北科科技有限公司
1257 58402 9249103984735 北京博斯迈天呈装饰设计有限公司
1258 41586 6568103632661 北京市勘察设计研究院有限公司
1259 41698 6584103757674 北京城建道桥建设集团有限公司
1260 61221 9691103796491 北京博方文化传媒有限公司
1261 11628 1770103636392 绿色梦园（北京）装饰工程有限公司
1262 53174 8401103933228 佰嘉通（北京）科技有限公司
1263 29950 4689103596725 汉洋奥德（北京）物业服务有限公司
1264 6466 0971103989046 北京中核四达工程设计咨询有限公司
1265 54493 8625103626892 北京佳淼商贸有限公司
1266 59986 9510103629588 北京格瑞特汽车零部件有限公司
1267 20591 3125103614903 北京广育德视觉技术股份有限公司
1268 58326 9238103745117 北京育德园师教育科技有限公司
1269 7695 1156103662885 飞天诚信科技股份有限公司
1270 40357 6359103910601 北京泽亿源建筑工程有限公司
1271 42232 6668103797610 北京海纳川汽车部件股份有限公司北京
分公司
1272 23080 3520103803441 纳森（北京）装饰设计有限公司
1273 7280 1097103839740 北京鲲鹏顺通物流有限公司
1274 6157 0928103757337 中国电力工程顾问集团公司
1275 38769 6107103968625 京鼎工程建设有限公司
1276 42086 6646103918550 北京市大兴区旧宫镇南小街第三村村民
委员会
1277 11514 1752103726182 北京康贝尔食品有限责任公司
1278 55772 8830103740161 北京世通科创测控技术有限公司
1279 55019 8713104028511 北京汇晨老年公寓
1280 47699 7547103623344 北京市房山区周口店镇托老养老中心
1281 37889 5979103950780 北京辰源创新电气工程有限公司
1282 52779 8342103844319 北京凯文金克商贸有限公司
1283 38197 6024103962837 北京东航世纪汽车销售服务有限公司
1284 35684 5623103976093 洛娃科技实业集团有限公司
1285 9407 1424103996240 北京普世科石油机械新技术有限公司
1286 38777 6109103602904 北京金融资产交易所有限公司
-37-1287 2144 0327103674197 北京市燃气集团有限责任公司高压管网
分公司
1288 6628 1000103874249 北京华盈俐成经贸有限公司
1289 31101 4890103642176 北京海纳川恒隆汽车转向系统有限公司
1290 3759 0581103651341 北京灵思远景营销顾问有限公司
1291 29183 4546103720004 北京新松建筑设计研究院有限公司
1292 29780 4659103679474 北京德耀贸易有限公司
1293 39428 6211103853931 北京君意泰机械有限公司
1294 42091 6647103852484 北京京海通达机电设备销售有限公司
1295 6570 0991103669383 北京华泰恒创生物科技有限公司
1296 35837 5648103874095 北京巧食嘉快餐连锁有限公司
1297 46767 7388103819907 北京海华惠尔汽车修理商行
1298 42247 6670103835547 北京海辰盛达经贸有限公司
1299 3214 0503103721263 北京千里马运通物流有限公司
1300 34517 5435103766070 北京金阳新建材有限公司
