1 20385 7501103633812 北京剧角映画文化传媒有限公司
2 7907 2772103613814 北京万兴建筑集团有限公司七分公司
3 596 0217103629197 北京龙科方舟生物工程技术有限公司
4 3187 1113103649656 北京宏图三胞科技发展有限公司
5 20114 7387103675175 北京志诚泰和电子技术有限公司
6 9291 3242103699848 北京新源赛风技术有限公司
7 25483 9409103625493 北京博智伟德环保科技有限公司
8 18584 6821103602441 北京城建中南土木工程集团有限公司
9 4948 1741103622719 北京建银资产管理有限公司
10 189 0069103676090 北京市煤气热力工程设计院有限公司
11 25000 9230103699486 北京金罗马物业管理有限公司
12 23598 8695103634702 北京智连欣生商贸有限公司
13 5016 1767103597828 北京九宫阁装饰设计有限公司
14 24564 9069103611738 桐乡市乌镇内利仿古园林建设有限公司
北京分公司
15 3391 1177103680359 北京浩天日盛科技发展有限公司
16 9155 3199103645917 北京莱福世纪置业有限公司
17 1205 0439103680803 光大置业有限公司北京西单物业管理分
公司
18 14176 5189103654851 北京银行股份有限公司密云支行
19 6049 2139103658498 北京民生财富研修学院
-2-20 18767 6886103594115 国寿物业管理有限公司
21 12614 4561103628920 北京市西城区瑞德培训学校
22 6990 2459103646961 北京众德成业科技有限责任公司
23 1403 0510103670836 北京芬格尔安科技有限责任公司
24 25329 9344103615394 北京宁永国际投资有限公司
25 17126 6280103696058 北京英博电气股份有限公司
26 18943 6955103651614 北京京津冀市政电力安装有限公司
27 7036 2476103632722 北京远景世纪科技投资有限公司
28 6907 2432103623270 中驭（北京）生物工程有限公司
29 10093 3550103593890 北京瑞孚乐技术有限公司
30 26493 9792103682591 北京永隆昌盛科技发展有限公司
31 17780 6535103636036 北京顺长房地产开发有限公司
32 4858 1710103655293 北京筑业志远软件开发有限公司
33 16726 6136103687756 北京东方博澳文化传媒有限公司
34 9911 3476103718864 中国新兴交通物流总公司
35 9117 3189103678324 北京锦逸缘装饰装潢有限公司
36 16105 5916103666787 北京淞润拓博工程设备有限公司
37 22910 8420103693264 北京金振达科技有限公司
38 21761 7992103601369 北京北化新橡特种材料科技股份有限公
司
39 3972 1389103676256 北京博鼎诚工程设计有限公司
40 5434 1906103602801 北京联华永泰科技有限公司
41 18121 6665103634680 一九零五（北京）网络科技有限公司
42 14544 5329103613745 综艺时空国际文化传媒（北京）有限公
司
43 3233 1127103599963 北京时代互联科技有限公司
44 25096 9270103594527 北京金群艺马戏表演有限公司
45 25612 9468103675881 北京市中北建筑工程有限公司
46 23217 8544103593389 北京电信发展有限公司
47 5409 1896103613841 北京宝瑞荔湾酒店有限公司
48 1957 0704103637920 北京天威瑞恒高压套管有限公司
49 2898 1018103712622 北京城乡创新发展博士研究会
50 14831 5436103606578 北京英拓信达科技有限公司
51 8232 2888103616385 北京欢颜广告有限公司
52 12731 4613103678697 北京盛世全景科技有限公司
53 7310 2566103683136 北京宜都建华建筑工程有限公司
54 22591 8296103656677 北京惠通陆华汽车服务有限公司
55 5497 1929103628003 北京世纪国源科技发展有限公司
-3-56 13395 4895103618551 北京圣海通科技有限公司
57 6504 2296103645073 北京东方瑞澳医疗设备有限公司
58 2339 0826103603748 中电投物流有限责任公司
59 13132 4787103664193 欣丰卓群科技(北京)有限公司
60 1172 0428103626438 中铁十九局集团有限公司
61 2256 0799103645490 北京中关村科技发展（控股）股份有限
公司
62 18576 6818103635938 北京鹏奥贸易有限公司
63 8491 2979103638629 北京汉鼎启智文化传播有限公司
64 5527 1940103617864 景瀚容华（北京）文化有限公司
65 9480 3308103601534 北京中市营教育咨询服务中心
66 20142 7397103655893 北京爱思济会计师事务所有限责任公司
67 6872 2419103604147 北京皇茶茶文化会所有限公司
68 22177 8139103638843 北京航峰科伟装备技术股份有限公司
69 15447 5680103671819 北京吉盛安电力工程咨询有限公司
70 14357 5264103624639 河南京晟园林工程有限公司北京分公司
71 13317 4866103695092 北京华恩房地产开发有限公司
72 6516 2301103650720 中金数据系统有限公司
73 10204 3596103604726 北京振宇兴达商贸有限公司
74 616 0223103633024 天盛智宣（北京）广告有限公司
75 646 0232103699000 中外建华诚城市建设有限公司
76 25142 9286103629557 北京福贝斯五金有限公司
77 3758 1306103685628 中通建设股份有限公司
78 3379 1175103681932 北京志诚泰和信息技术有限公司
79 26788 9901103589221 北京润福通石油化工有限公司
80 20980 7707103659914 北京向中生物技术有限公司
81 13534 4953103719663 巧依纺（北京）服装有限公司
82 5079 1788103673323 北京盛泰博康科技有限公司
83 4010 1402103608596 北京晟世昌耐磨材料制造中心
84 22333 8196103658519 科特贝德机电设备（北京）有限公司
85 18261 6708103658865 北京莱博瑞医疗技术有限公司
86 5050 1777103629740 北京点石矩阵科技有限公司
87 24620 9088103661232 北京瑞源华德科技有限公司
88 21207 7790103588061 北京神州之窗网络技术服务有限公司
89 4415 1567103598526 北京光中装饰工程有限公司
90 22793 8371103645915 北京莱福世纪置业有限公司
91 9602 3359103638532 北京海航世纪科技有限公司
92 20571 7559103672333 北京上地物流有限公司
-4-93 8629 3022103626593 北京城建信捷轨道交通工程咨询有限公
司
94 2801 0978103615631 北京银普创信科技有限公司
95 3178 1110103600943 北京世纪海润建筑工程有限公司第一分
公司
96 26617 9838103650623 北京逸斯凯克餐饮管理有限公司
97 6053 2140103596478 北京金钻石科技发展有限公司
98 24777 9145103665886 北京恒联志远科技有限责任公司
99 15616 5744103659956 北京正鹏房地产开发有限公司
100 5470 1916103699306 易讯时空营销咨询（北京）有限公司
101 16346 6005103643869 北京雪之花餐饮文化有限公司三元桥分
店
102 10304 3637103611049 北京花乡桥丰田汽车销售服务有限公司
103 13581 4974103658934 蓝汛网络科技（北京）有限公司
104 15613 5743103664341 北京盛维基业科技有限公司
105 1515 0549103689691 北京成浩劳务服务有限公司
106 1716 0616103655668 北京鑫丰和丰金属制品有限公司
107 2527 0882103624881 中国建材工业出版社
108 6694 2363103595614 恒福翔和机电设备（北京）有限公司
109 21946 8058103698118 北京世新华盛牧业科技有限公司黑六福
餐厅
110 7426 2602103615684 北京四维通联电讯器材有限公司
111 9638 3369103686059 北京临疆美临粮油商贸有限公司
112 3126 1090103701792 钢研纳克检测技术有限公司
113 2623 0912103621277 北京市世纪学校
114 19224 7059103655754 中科汉华医学科技（北京）有限公司
115 14709 5390103616759 福马贸易有限责任公司
116 24248 8944103606619 北京昌平阳光商厦有限公司
117 14567 5338103597693 北京美利林科技发展有限公司
118 13229 4828103622144 水电水利规划设计总院
119 14338 5255103725375 厦门国际银行股份有限公司北京分行
120 4431 1570103594708 北京利福瑞达科贸有限公司
121 22594 8297103633078 北京三鼎天地钢构有限公司
122 12737 4616103684018 GKD（北京）工业技术有限公司
123 17763 6528103640596 北京宏盛意达装饰有限公司
124 19725 7239103644839 北京中海艺龙标牌有限公司
125 4756 1681103628701 鸿博宣伟公关顾问（北京）有限公司
126 19817 7273103675457 北京东方广视数字技术有限公司
-5-127 24959 9217103638862 北京声望远播商贸有限公司
128 7404 2597103623545 北京京丹无功电力设备技术有限公司
129 24510 9049103695450 多盟智胜网络技术（北京）有限公司
130 1100 0393103615157 北京易车互动广告有限公司
131 19090 7006103617737 北京鸿恒基幕墙装饰工程有限公司三工
程部
132 6052 2139103675458 北京东方广视数字技术有限公司
133 14834 5438103593851 北京麦格天|科技发展有限公司
134 21319 7834103720074 嘉事瑞康（北京）医药有限公司
135 4635 1637103693318 北京万合创景国际雕塑艺术有限公司
136 3231 1126103723753 北京旺宝工贸有限公司
137 18570 6816103659671 北京月季红线业有限公司
138 15469 5688103674539 北京汇美欣悦商贸有限公司
139 20819 7646103633822 北京捷成汽车服务有限公司
140 16545 6075103624542 北京宝华鑫丰钢结构有限公司
141 2523 0881103617127 北京政泉控股有限公司
142 17926 6589103626211 北京中电兴发科技有限公司
143 26333 9724103603866 北京嘉捷恒信能源技术有限责任公司
144 24060 8876103616194 北京彩经网科技发展有限公司
145 13156 4798103718891 北京雅墨年代餐饮文化有限公司
146 6477 2288103626369 北京庄智科技有限责任公司
147 17949 6600103634164 北京求实工程管理有限公司
148 16477 6053103670609 北京匠心置业有限公司
149 15163 5570103600077 雅阁世都服装（北京）有限公司
150 6001 2118103687791 北京中新博展营销顾问有限公司
151 12051 4325103721531 北京欧德雅盛国际贸易有限公司
152 19895 7302103644876 中认国证（北京）评价技术服务有限公
司
153 10440 3681103670705 北京布莱斯数码科技有限公司
154 11186 3960103686878 北京三江鼎瑞科技有限公司
155 9948 3492103687521 昂塞迪赛（北京）建筑设计有限公司
156 3610 1256103615053 北京动视元科技有限公司
157 19613 7199103687279 北京光影梦幻城市文化发展有限公司
158 20927 7687103616613 北京崇民防伪印刷集团
159 10857 3839103616946 北京旋思科技有限公司
160 8770 3072103589783 北京市铭基律师事务所
161 3829 1333103620347 北京汇通佳合科技有限责任公司
162 22194 8146103636263 北京学体国际体育文化传播有限公司
-6-163 9256 3233103663903 北京诺源国际纺织有限公司
164 20846 7657103617960 北京信诺传播顾问股份有限公司
165 15408 5663103672535 北京佳和丰宝工贸有限公司
166 3586 1248103666137 北京博丰印务有限公司
167 15363 5645103660508 北京海培时代科技有限公司
168 8376 2934103597990 北京汇达通合科技有限公司
169 14589 5344103593463 北京元腾科技有限公司
170 11479 4074103621296 北京市良乡影剧院
171 5679 1994103659737 万达百货有限公司
172 26170 9666103701485 北京健信源科技发展有限公司
173 19482 7155103633649 捷成（中国）贸易有限公司北京汽车销
售分公司
174 24865 9185103615643 北京华科飞扬科技有限公司
175 1909 0685103679365 北京世纪广祥物业管理有限公司
176 4668 1651103616922 北京网信信达科技有限公司
177 13476 4933103642426 北京金泉保洁有限公司
178 20774 7631103596030 北京世纪双润技术服务有限公司
179 6570 2322103627192 北京北分华通数控科技有限公司
180 25351 9356103615562 北京煤科开元科贸有限公司
181 1868 0671103613893 北京华威柯隆电气科技发展有限公司
182 8483 2975103700397 北京金隅砂浆有限公司
183 19313 7096103606628 北京钻信石珠宝有限公司
184 18509 6795103660106 标银投资咨询（北京）有限公司
185 16121 5923103630371 北京中海百汇科技发展中心（普通合伙
）
186 26267 9698103679714 北京中佳宏威科技有限公司
187 22684 8332103675488 北京贞玉民生药业有限公司
188 3649 1268103616487 北京恒信时代办公家具有限公司
189 11371 4026103714066 北京市恒富通讯设备安装有限责任公司
190 1026 0369103597899 北京亚金宝联商贸有限公司
191 10690 3776103645136 北京市运河源印刷厂
192 24714 9123103649578 北京展览馆
193 4612 1631103653547 北京顺圆方文化发展有限公司
194 12050 4325103702007 蓬天信息系统（北京）有限公司
195 12716 4608103652852 北京奇能工贸公司
196 7400 2595103647359 北京吴忠仪表销售有限公司
197 8671 3036103644902 北京华信通电讯有限公司
198 5487 1923103651255 北京盛典神韵文化发展有限公司
-7-199 8653 3030103650006 北京尚睿通网络科技有限公司
200 9570 3346103663569 北京麦迪卫康广告有限公司
201 18185 6683103621618 北京市望京实业总公司
202 9574 3349103598501 京安汇通机电设备安装工程（北京）有
限公司
203 1888 0678103628893 山东鲁花集团商贸有限公司北京分公司
204 3685 1280103632581 北京立思辰科技股份有限公司
205 323 0111103659883 北京华兴长泰物联网技术研究院有限责
任公司
206 12952 4710103613870 中国移动通信集团公司
207 413 0150103670467 北京易天新动网络科技有限公司
208 12647 4578103696206 北京泰宁科创雨水利用技术股份有限公
司
209 9277 3240103625183 北京瑞丽雅清洗服务有限公司
210 5280 1855103656373 北京伟龙四维文化传媒有限公司
211 17206 6310103617923 海得科膜分离技术（北京）有限公司
212 25910 9576103692777 北京市中恒信远物资有限公司
213 14358 5265103614064 北京五品茶楼有限责任公司
214 12578 4544103593719 北京恒正诚信科技有限公司
215 6902 2430103596206 京汇通置业有限公司
216 22418 8227103604085 北京盛世大地科贸有限公司
217 2882 1013103692895 富思特新材料科技发展股份有限公司
218 17819 6552103617503 正和通科技（北京）有限公司
219 4725 1669103700813 北京曼哈格生物科技有限公司
220 16213 5958103631714 北京赛尔广告有限公司
221 7974 2795103695764 北京富力会康体俱乐部有限公司
222 11715 4180103623285 北京普罗斯托国际电气有限公司
223 24076 8880103617975 北京京能清洁能源电力股份有限公司
224 13564 4967103693375 北京市通州区t县镇总工会工会委员会
225 790 0283103615801 北京玉泉新城房地产开发有限公司
226 8036 2819103631601 北京市通州区林木资源储备中心
227 21558 7919103667946 北京易华陆商贸有限公司
228 7432 2604103617570 北京金马指南针国际投资有限公司
229 12149 4366103650216 北京中电远方电力技术有限公司
230 21580 7927103719665 北京京申宝汽车销售服务有限公司
231 23069 8488103624666 北京东方华禹机电制冷设备维修有限责
任公司
232 7989 2801103670435 融通汇信投资管理咨询（北京）有限公
司
-8-233 12122 4353103637497 北京环都人工环境科技有限公司
234 24072 8879103632187 北京市朝阳区黑庄户乡万子营西村经济
合作社
235 7166 2516103684971 北京中美日盛装饰有限公司
236 19365 7112103692644 北京贝瑞和康生物技术有限公司
237 6595 2330103602086 北京弘朝兴业再生资源回收有限公司
238 15629 5750103590346 北京市金台律师事务所
239 18186 6683103645992 北京西海龙湖置业有限公司
240 3169 1105103717783 北京远东新创系统技术有限公司
241 25854 9554103617777 益海嘉里食品营销有限公司北京分公司
242 10037 3528103683911 北京华盛昌辰和汽车贸易有限公司
243 21443 7882103699674 易普达医疗设备维修（北京）有限公司
244 6092 2158103659942 中承华宇建设集团有限公司北京分公司
245 10891 3852103658737 北京赫尔德科技贸易有限公司
246 11851 4243103700868 北京鑫米伦高新科技发展有限公司
247 10357 3653103632416 北京盘古氏投资有限公司
248 19105 7011103675765 北京中强创业科技有限公司
249 5149 1815103627434 北京市燃气集团有限责任公司
250 17370 6374103627764 北京家有金元商贸有限公司
251 4519 1596103713532 北京杉树律师事务所
252 17924 6588103658897 航天长征化学工程股份有限公司
253 763 0275103662965 北京坚石诚信科技有限公司
254 19511 7165103620205 北京赛科昌盛医药有限责任公司
255 1596 0577103687939 北京佛罗圣诗服饰有限公司
256 6471 2287103605471 北京瑞景源设备安装工程有限公司
257 12570 4538103671482 北京北锅环保设备有限公司
258 15395 5660103597171 北京天合欣荣医疗器械有限公司
259 2895 1016103661383 北京恒大飞天环保设备有限公司
260 19358 7110103696887 北京科信华技术有限公司
261 18466 6779103660604 北京神州宏图信息工程技术有限责任公
司
262 20052 7358103676433 中国水电顾问集团国际工程有限公司
263 499 0178103683731 北京环球世纪国际旅行社有限公司
264 14769 5411103689825 北京精化诚峰科贸有限公司
265 9283 3242103587852 北京东方泰发线缆有限公司
266 9217 3220103637726 金美融资租赁有限公司
267 13789 5050103659915 北京向中生物技术有限公司
268 17358 6368103621359 北京恒华伟业科技股份有限公司
-9-269 5413 1897103695761 北京中盾安民分析技术有限公司
270 14608 5350103654235 北京无限讯奇信息技术有限公司
271 15823 5811103678602 北京世纪永安科技发展有限公司
272 14325 5251103628181 北京中公未来教育咨询有限公司
273 26704 9875103683680 北京世纪友融经贸有限公司
274 1556 0563103605051 北京利仁科技有限责任公司
275 17431 6397103682104 北京弈友围棋文化传播有限责任公司
276 25009 9235103638975 北京丹青园林绿化有限责任公司
277 17343 6364103645418 阳光雨露信息技术服务（北京）有限公
司
278 17984 6611103719219 北京罗羿金格贵金属经营有限责任公司
279 2673 0930103670353 北京尚野文化传播有限公司
280 16011 5882103695801 北京汇品传媒广告有限公司
281 24751 9136103676530 西马克国际贸易（北京）有限公司
282 2453 0862103686353 恒泰证券股份有限公司北京东三环中路
证券营业部
283 2284 0807103636724 北京博宇半导体工艺器皿技术有限公司
284 21851 8021103604184 北京银燕空港航空地面服务有限公司
285 17062 6259103621284 北京特尔特置业有限公司
286 5145 1814103589922 北京众英信达文化传媒有限公司
287 7227 2533103614663 北京兆兴纸制品有限责任公司
288 19682 7222103720470 北京博瑞东贸汽车销售服务有限公司
289 22476 8254103649931 北京海迪兰服装有限公司
290 695 0253103720834 北京天工印刷有限公司
291 6796 2390103626636 北京正通网络通信有限公司
292 18271 6712103588439 北京万方苑国际酒店有限公司
293 12734 4615103719226 北京红科国际贸易有限公司
294 25899 9573103616657 北京德恒启科贸有限公司
295 11775 4202103595257 北京市万泰依科商贸有限公司
296 5802 2043103658654 北京瑞奇博格科技有限公司
297 9539 3334103613807 北京万兴建筑集团有限公司七分公司
298 6675 2358103628040 北京中经联众机电设备有限公司
299 23880 8803103608327 北京优购文化发展有限公司
300 1674 0604103719422 趋势纵横（北京）文化传播有限公司
301 25133 9282103683189 北京四海享通市政工程有限公司
302 20071 7366103663159 北京网尚数字电影院线有限公司
303 13693 5018103616907 北京勤耕医疗器械有限公司
304 17612 6473103596946 北京华翔伟业科技有限公司
-10-305 1547 0560103614124 嘉里大通物流有限公司
306 17266 6336103633940 北京科源鸿祥消防工程技术有限公司
307 18292 6717103598817 北京来立信科技有限公司
308 26278 9705103626729 北京英豪家宝商贸有限公司
309 2081 0745103602862 北京晶川电子技术发展有限责任公司
310 3659 1272103679720 北京京北方信息技术有限公司
311 16200 5951103665760 北京京逸涌动新能源技术有限公司
312 21657 7956103723409 北京世纪创格园林景观设计有限公司
313 12723 4609103692451 北京爱赛买电子商务科技有限公司
314 13956 5108103723384 北京朔方尚德科技发展有限公司
315 21679 7961103664538 爱国者电子科技有限公司
316 16013 5883103629512 北京亿安科普建筑工程有限公司
317 17769 6529103676740 北京瀚森博润进出口有限公司
318 5719 2011103617366 北京创智邦商贸有限公司
319 24779 9146103620700 北京海纳世纪房地产经纪有限公司
320 4138 1463103594124 北京天悦生科技有限公司
321 1991 0716103693303 中基嘉源进出口有限责任公司
322 21178 7781103650242 北京国展国际展览中心有限责任公司
323 21953 8060103678164 北京智友信诚科技有限公司
324 4718 1667103691985 中技细软（北京）知识产权代理有限公
司
325 7813 2734103627698 中投发展有限责任公司
326 24624 9089103624402 北京天宇三鼎科技发展有限公司
327 1591 0576103621796 北京亚北诺达科技发展有限公司
328 805 0287103655499 沃道能源环保技术（北京）有限公司
329 16853 6180103684119 北京彤昌达照明科技有限公司
330 11629 4135103682702 北京拓克商贸有限责任公司
331 15470 5688103699428 北京美特斯邦威服饰有限公司
332 10669 3767103622538 北京博亚金源科贸有限责任公司
333 21175 7781103598926 北京盛东国际展览展示有限公司
334 999 0356103655944 北京远为软件有限公司
335 4681 1653103599236 河北中凯建设工程有限公司北京分公司
336 15832 5816103659773 北京冲击波电子有限责任公司
337 11744 4191103620838 新联协同通信技术（北京）有限公司
338 20305 7469103658700 北京蓝汛通信技术有限责任公司
339 26868 9928103672579 北京莱维塞尔科技有限公司
340 13925 5096103695474 北京飞天畜禽软件研究中心
341 8020 2812103619455 星火科创（北京）科技发展中心
-11-342 17602 6469103685728 北京银行股份有限公司门头沟支行
343 18817 6901103660357 北京美聊美容有限公司
344 11567 4111103620417 ＳＭＣ（中国）有限公司
345 12210 4387103614677 北京金雨鸿源自动化技术有限公司
346 5549 1947103664548 北京金艺舟国际文化传播有限公司
347 25850 9552103620333 北京华夏物证鉴定中心
348 4221 1497103603070 中润天信（北京）投资顾问有限公司
349 22834 8391103650403 同方佰宜科技（北京）有限公司
350 15105 5550103689348 北京顺捷彩悦化妆品有限公司
351 3820 1327103593002 北京捷康西京商贸有限公司
352 8967 3137103629150 辉禄美（北京）科技有限公司
353 19743 7245103680319 华人堂（北京）文化传媒有限公司
354 26754 9887103656753 丰汇租赁有限公司
355 3956 1382103621171 北京路桥瑞通养护中心有限公司
356 25189 9300103612962 广州市佳福斯阀门制造有限公司北京分
公司
357 8976 3140103626303 光线星际（北京）信息科技有限公司
358 9800 3433103613505 北京环科易成科技有限公司
359 3994 1397103651337 北京思达睿智系统集成有限公司
360 15675 5763103615377 北京瑞盈嘉信空港建设工程有限公司
361 17487 6420103712602 上海恩斯凯轴承有限公司北京分公司
362 9425 3288103615104 北京易车互联信息技术有限公司
363 17523 6434103682866 北京华宇天控科技有限公司
364 15261 5608103631983 北京联办文化传媒有限责任公司
365 5531 1940103678586 中国教学仪器设备有限公司
366 483 0172103676921 北京立宁达业科贸有限公司
367 11724 4182103636285 北京学体国际体育文化传播有限公司
368 23079 8491103647997 北京生利达盛科技发展有限公司
369 16999 6236103723651 北京红黄蓝科技发展有限公司
370 181 0068103603550 北京新兴翔悦汽车销售服务有限公司
371 6025 2129103636525 中国工商银行股份有限公司
372 12486 4508103601444 北京卓兴建设有限公司
373 24983 9226103602439 北京城建中南土木工程集团有限公司
374 17285 6345103620910 北京辰奥瑞祥保洁服务有限责任公司
375 21043 7728103699275 北京安顺汇通土方工程有限公司
376 3577 1244103596931 北京世纪联保消防新技术有限公司
377 3136 1095103621064 盛京银行股份有限公司北京分行
378 20223 7432103588885 北京都市花雨商务酒店
-12-379 22675 8330103650525 锦州银行股份有限公司北京分行
380 19075 7000103659596 北京优尔装饰工程有限公司
381 2813 0984103651179 北京华厦恒建设集团有限公司密云第三
分公司
382 23656 8720103691890 北京创意生活经贸有限责任公司
383 21090 7748103601942 北京东方红航天生物技术股份有限公司
384 23596 8694103623411 北京鸿坤新业房地产开发有限公司
385 11650 4146103683231 北京乐盛精密仪器运输服务有限公司
386 1702 0612103675832 北京宏正腾达科技有限公司
387 1433 0518103720765 华润普仁鸿（北京）医药有限公司
388 1316 0484103641142 北京自然美建筑装饰工程有限公司
389 13994 5120103656100 星际光通传媒技术（北京）有限公司
390 6563 2321103614883 北京科佳信电容器研究所
391 6857 2414103692885 北京建筑节能研究发展中心
392 1945 0699103595069 北京高盟燕山科技有限公司
393 16311 5995103675126 旺泰控股集团有限公司
394 11193 3962103637204 中交公路规划设计院有限公司
395 23510 8654103612100 北京倍佳信晟管理顾问有限公司
396 25666 9492103670940 北京四方大千餐饮有限公司
397 79 0028103624309 北京般若企业策划有限责任公司
398 3557 1237103670447 北京场道市政工程集团有限公司
399 6036 2133103695244 北京春雨顺达园林绿化有限公司
400 11728 4183103724619 北京市首创中伟贸易有限责任公司
401 20897 7677103636427 北京得邑房地产经纪有限公司
402 2771 0968103613810 北京万兴建筑集团有限公司七分公司
403 14294 5240103658232 北京仁创日升石油开采技术有限公司
404 22653 8319103633564 北京北青阳光石油化工有限公司
405 9080 3177103720625 北京心知堂文化交流有限公司
406 18406 6762103660068 北京北广科技股份有限公司
407 11056 3908103637580 北京中外建工程管理有限公司
408 2458 0863103699699 北京精友时代信息技术发展有限公司
409 5712 2009103645999 北京宏鑫安洲商贸有限责任公司
410 379 0131103632684 北京市勘察设计研究院有限公司
411 22053 8094103629760 北京千百画数码快印有限公司朝阳第一
分公司
412 15824 5812103598036 北京铭源金丰石油化工产品销售有限公
司
413 14197 5200103653924 北京威派格科技发展有限公司
-13-414 11991 4301103626711 北京盛世柏仙多格服饰有限公司
415 12863 4670103601370 北京深大巨基建筑物拆除有限公司
416 20903 7679103723004 北京德驿通程汽车销售服务有限公司
417 15407 5663103664609 北京信和翔科技有限责任公司
418 20999 7715103595757 中邮证券有限责任公司北京证券资产管
理分公司
419 3612 1256103678509 北京赛升药业股份有限公司
420 26121 9651103602016 诚和伟业（北京）科技发展有限责任公
司
421 10408 3668103621626 北京奈亚信息技术有限公司
422 9086 3179103693173 北京法政建筑工程有限公司
423 10436 3681103614665 北京易普印艺科技有限公司
424 20396 7505103607389 北京恒昌亿达货物运输有限公司
425 4081 1430103703075 北京南银物业管理有限公司
426 23247 8557103705518 北京盛嘉鑫泰建筑设备安装工程有限公
司
427 13790 5051103602363 北京北花园置业有限公司
428 20847 7657103640474 北京市今通博世交通设施技术开发有限
责任公司
429 22448 8243103620368 北京超然时代物业管理有限责任公司
430 3499 1215103646273 北京兰基物业管理有限公司
431 26651 9855103607459 北京谊远达建筑工程有限公司
432 14188 5195103656739 森特士兴集团股份有限公司
433 10947 3876103607782 北京通奥物流有限公司朝阳分公司
434 25250 9319103681933 北京志诚泰和信息技术有限公司
435 42 0015103624863 北京中科浩翔电子技术有限公司
436 9362 3266103662364 北京市昌平区沙河镇丰善村股份经济合
作社
437 25509 9419103650463 北京启厦建筑科技有限公司
438 14517 5319103601447 北京卓兴建设有限公司
439 20316 7473103693387 北京成业市政工程有限责任公司
440 17718 6515103724572 北京众成就广告有限公司
441 26047 9627103679768 北京中科富思信息技术有限公司
442 22676 8330103695141 北京易成恒泰纺织品有限公司
443 13615 4989103638236 北京永华睿智科技有限公司
444 11581 4118103649494 北京市利君堂大药房连锁有限公司
445 18104 6658103624882 中国建材工业出版社
446 14820 5431103689735 北京瑞华威尔贸易有限公司
-14-447 4320 1529103641857 北京华龙恒通装饰工程有限公司
448 25402 9373103662472 北京星徽旗舰汽车销售服务中心有限公
司
449 2607 0908103662937 北京鹏飞兴业科技有限公司
450 10260 3620103633900 北京市恒安春科贸有限公司
451 6152 2179103651150 北京汇众齐翔广告有限公司
452 27017 9979103605804 北京京电电力工程设计有限公司
453 2207 0784103654483 北京互联互通科技有限公司
454 12678 4594103599243 北京鑫鹏昊天科技有限公司
455 10490 3703103651742 北京京津冀市政电力安装有限公司大兴
第一分公司
456 20757 7623103659087 北京锦和添恒房地产经纪有限公司
457 3858 1345103621654 北京展华科技有限公司
458 2257 0799103647246 北京瑞科恒业喷涂技术有限公司
459 4999 1761103691570 北京鼎利源科技有限公司
460 22230 8157103633733 北京华鑫志和科技有限公司
461 24337 8979103679972 北京金盛鸿业金属贸易有限公司
462 8683 3039103696547 北京鸿锦餐饮有限公司光彩路店
463 10336 3647103691841 北京亿赛通科技发展有限责任公司
464 23952 8831103614785 北京金利通世贸易有限公司
465 22474 8253103652061 北京恒基华通机械设备有限公司
466 1637 0590103685242 北京信达沐益生物科技有限公司
467 3250 1131103725257 北京恒基世纪交通科技有限公司
468 13813 5059103622601 北京中皑斯技术咨询中心
469 12821 4653103615642 北京华科飞扬科技有限公司
470 11541 4099103638415 中视实业发展有限责任公司
471 16969 6226103622381 北京金宜仁通科技发展有限公司
472 6482 2289103656089 北京光昌明商贸有限公司
473 10367 3657103605130 北京中铁建北方路桥工程有限公司
474 13183 4807103600394 北京易华录信息技术股份有限公司
475 75 0027103673248 北京环球锦程货运代理有限公司
476 14804 5427103701999 北京京正物通国际物流有限公司
477 22542 8275103692664 百丽鞋业（北京）有限公司
478 25926 9583103659226 北京四季源园林工程有限公司
479 2293 0810103658824 黄河天能投资管理（北京）有限公司
480 16333 6001103676357 北京春晖园投资有限责任公司
481 18927 6948103722721 北京沃远汽车维修有限公司
482 15460 5685103593514 北京瑞格标牌制造有限公司
-15-483 18240 6701103588316 丹东市人民政府驻北京联络处
484 12188 4378103699549 北京天华乐家运输咨询有限公司
485 24418 9010103603740 北京科比科科技有限公司
486 26706 9876103632984 北京鑫华远建筑工程有限公司
487 11981 4298103597340 北京盛佳捷电力工程设计有限公司
488 25341 9353103603605 北京兴润诚金属装饰工程有限公司
489 14760 5409103616257 北京利市物业管理有限公司
490 6356 2248103689656 承德长城建设集团有限公司北京分公司
491 5505 1932103656687 北京博大新元房地产开发有限公司
492 23252 8558103724375 长城俊杰（北京）信息技术有限公司
493 9518 3327103597140 北京木多建材有限公司
494 25157 9291103624747 北京中经世纪物业管理有限责任公司
495 20453 7524103675265 北京圣水食品有限责任公司
496 17364 6371103621426 中航物业管理有限公司北京分公司
497 12340 4447103601659 北京航天明睿科技有限公司
498 16735 6139103641261 北京晶鑫瑞尔科技发展有限公司
499 16179 5941103597378 北京百祺嘉业商贸有限公司
500 16468 6051103659824 北京杰士力传动技术有限公司
501 11571 4113103593377 北京盛丰物流有限公司
502 17579 6459103622501 北京瑞宏伟业投资咨询有限公司
503 12582 4546103595520 北京军洋鑫业房地产有限公司
504 18138 6668103680691 北京盛世鲲鹏商贸有限公司
505 20362 7490103628491 北京中电加美环保科技有限公司
506 26741 9883103675154 北京市华成欣加油站有限责任公司
507 16650 6110103663593 北京盛通印刷股份有限公司
508 16096 5912103695499 北京华瑞荣汽车部件有限公司
509 12604 4558103676434 中国水电顾问集团国际工程有限公司
510 22758 8359103615715 北京宏发电声继电器有限公司
511 25286 9331103593838 北京神州新桥科技有限公司
512 5003 1762103605434 北京华语视听商贸有限公司
513 27036 9984103660691 北京旺德华恒科技有限公司
514 15738 5783103651609 北京怡景联合展览展示有限公司
515 3304 1149103676738 北京铭博装饰有限公司
516 8878 3107103595074 北京安伦盛杰科技有限公司
517 17515 6433103620612 北京金泽恒国际贸易有限公司
518 25219 9307103638783 北京嵩宝工贸有限责任公司
519 26605 9831103622724 北京建银资产管理有限公司
520 22839 8393103676696 马兰拉面快餐连锁有限责任公司
-16-521 16727 6137103596658 北京华东天成商贸中心
522 4980 1757103660409 北京筑成华鑫建材有限公司
523 26124 9651103718790 北京市伟业供热设备有限责任公司
524 6465 2285103591545 北京中汽江孚科技有限公司
525 6037 2133103723903 北京能泰高科环保技术股份有限公司
526 20789 7635103683463 北京北恒建筑装饰工程有限公司
527 24036 8863103627889 同和易诚广告（北京）有限公司
528 12282 4422103621799 北京海韵腾远装饰有限公司
529 19801 7267103627579 北京东南开关厂
530 9782 3422103660800 北京万达时代物业管理有限公司
531 2464 0865103686460 北京安腾汇欣科贸有限公司
532 5808 2046103718929 北大方正集团有限公司
533 9748 3408103596527 北京浩翰天宇医疗器械有限公司
534 12897 4686103614365 北京源润管道安装有限公司
535 4763 1683103700065 北京纵横传媒广告有限公司
536 1349 0496103684388 北京荣泽兴达装饰有限公司
537 2879 1013103650985 北京达斯美广告有限公司
538 102 0037103629913 中电信嘉（北京）环保科技有限公司
539 18898 6936103638553 北京金铸伟业空调设备有限公司
540 24749 9134103725420 厦门国际银行股份有限公司北京中关村
支行
541 10056 3535103600453 北京勤伟祥和商贸有限公司
542 22957 8447103663452 北京中安宏达科贸发展有限公司
543 19074 7000103644430 北京三木合力建筑装饰工程有限公司
544 8141 2855103632031 北京市西城区赵喜刚社工事务所
545 502 0180103636524 中国工商银行股份有限公司
546 23288 8571103662861 北京达三江电器设备厂
547 20852 7659103638468 北京兴百设备安装工程有限责任公司
548 21854 8022103594269 北京朗依制药有限公司
549 11576 4116103660202 万家沙发贸易(北京)有限公司
550 26921 9949103675245 北京亿来置业有限公司
551 14192 5198103596958 倍适（北京）科技有限公司
552 17201 6309103595797 北京金网络联行地产顾问有限公司
553 20411 7510103692056 北京增和建筑装饰工程有限责任公司
554 26812 9910103616456 北京银河天运商贸有限公司
555 6591 2328103663503 北京北方诚信装饰工程有限公司
556 18526 6803103654211 北京讯奇连城商务服务有限公司
557 6117 2169103633690 中国集邮总公司
-17-558 12101 4345103676281 北京博众天地科技发展有限公司
559 26645 9849103719037 北京永利多房地产有限公司
560 2706 0947103591022 步天恒信（北京）科技有限公司
561 4368 1548103711155 北京田源鸡餐饮有限公司
562 23366 8598103721206 北京泰达立行置业投资有限公司
563 2822 0988103674447 北京艺融国际拍卖有限公司
564 20294 7464103672434 北京蓝科文化传媒有限公司
565 19479 7154103646330 北京爱江山餐饮有限公司
566 22327 8194103678343 北京丰科建酒店有限公司
567 14140 5176103614530 北京爱索塞瑞斯科技有限公司
568 10975 3883103594650 北京大成金华文化传媒有限公司
569 1956 0703103601098 北京市仁爱教育研究所
570 5999 2117103629328 北京诺拉国际工程安装有限公司
571 17413 6388103697536 中国国际贸易促进委员会贸易推广交流
中心
572 6322 2235103685967 北京暖万家科技有限公司
573 1856 0668103631909 北京泰科斯曼科技发展有限公司
574 12784 4636103628215 北京蒙都北元能源科技有限公司
575 20842 7656103678693 北京博瑞飞扬贸易有限公司
576 19315 7097103598637 北京龙邺建筑安装工程有限公司
577 7051 2480103662215 北京旺业航空化工制品有限责任公司
578 25395 9370103643781 金诚信矿业管理股份有限公司
579 5536 1943103634281 北京军景丰特种装备有限公司
580 24573 9073103603987 北京猎瞳空间设计有限公司
581 3184 1112103594664 北京中科威德科技有限公司
582 17500 6426103602241 北京东港嘉华安全信息技术有限公司
583 8226 2885103614272 北京九源天汇模型技术有限公司
584 9933 3485103712982 北京龙文天成技术开发有限公司
585 15343 5635103624896 华寅工程造价咨询有限公司
586 15678 5764103604616 北京新华联恒业房地产开发有限公司
587 16408 6028103630318 北京两岸一家台湾风味餐饮有限公司
588 25244 9317103659113 北京康大诚泰通信技术有限公司
589 9894 3468103695382 连城资产评估有限公司
590 23833 8787103595866 北京永诚印刷有限公司
591 15073 5538103652851 泰纳国际果业（北京）有限公司
592 19324 7101103663271 北京园中园园林景观工程有限公司
593 22044 8090103636594 美德孚（北京）科技有限公司
594 5689 2000103651763 北京金诺利特机电设备有限公司
-18-595 26663 9860103628099 北京华安远大智能电气有限公司
596 9915 3480103599321 北京新速货物运输有限公司
597 25851 9553103629550 北京华盛昌百旺汽车贸易有限公司
598 15734 5782103601940 北京东方红航天生物技术股份有限公司
599 5246 1846103654215 北京讯奇连城商务服务有限公司
600 9148 3198103622957 北京盈信信息科技有限公司
601 9877 3460103691184 北京龙腾孚泰化工有限公司
602 19899 7303103598620 北京三益众诚文化传媒有限公司
603 5577 1958103670662 北京九州一轨隔振技术有限公司
604 9509 3321103627807 北京丰宝驰汽车贸易有限公司
605 7871 2761103651170 北京隶城美技术服务有限公司
606 15346 5637103624069 北京凯志达科技发展有限公司
607 7628 2666103626791 北京华康欣和建筑工程有限责任公司
608 5971 2109103687003 北京阿尔玛斯科技有限公司
609 14347 5259103654549 北京吉祥天龙物业管理有限公司
610 11476 4073103617589 北京国际珠宝交易中心有限责任公司
611 7793 2724103664522 北京峰业电力环保工程有限公司
612 6566 2321103663167 北京国瑞祥云建筑石材装饰工程有限公
司
613 2073 0741103610807 小松（中国）矿山设备有限公司
614 26593 9826103602462 北京中科汇恒技术开发有限公司
615 13940 5104103634821 北京辉腾兴业科技有限公司
616 15141 5564103702976 北京特华财经研究所
617 19961 7328103723455 北京北大纵横管理咨询有限责任公司
618 4952 1742103700072 北京盈电电气有限公司
619 3801 1321103637724 金美融资租赁有限公司
620 5920 2091103601496 北京京脉工贸有限公司
621 984 0351103660496 上海海洋泵阀制造有限公司北京销售分
公司
622 12803 4645103641309 北京兴苑顺发商贸有限公司
623 19134 7020103680000 海湾环境科技（北京）股份有限公司
624 9237 3226103700398 北京金隅砂浆有限公司
625 2341 0826103680552 北京超时代彩钢有限公司
626 14070 5153103594056 中电国服轴承（北京）有限公司
627 6884 2422103686045 佳龙投资集团有限公司
628 7095 2496103640334 北京恒源天桥粉末冶金有限公司
629 21250 7806103628623 北京燕西文化发展有限公司
630 9400 3277103615380 北京泛海合美科技有限公司
-19-631 8272 2900103725326 新食潮餐饮管理（北京）有限公司三里
屯分公司
632 9662 3377103721758 北京奇虎科技有限公司
633 291 0100103699228 北京京粮置业有限公司
634 15425 5669103722788 北京川速微波科技有限公司
635 20379 7499103588371 北京中天国宏招标代理有限公司
636 24673 9105103628544 北京东方新强设备制造有限公司
637 2649 0923103601392 北京友好传承文化基金会
638 425 0154103616205 北京雷铭智信科技有限公司
639 7473 2615103616526 兴业创富资产管理（北京）有限公司
640 333 0117103666302 北京赛通林科思科技有限公司
641 8780 3075103593067 北京新发展慈善基金会
642 7186 2522103693044 北京升华电梯有限公司
643 10897 3854103599023 北京大董烤鸭店有限责任公司
644 25489 9412103597889 北京云峰山景区旅游开发有限公司
645 16041 5892103594808 中通天鸿（北京）通信科技有限公司
646 8507 2985103647326 中国平安财产保险股份有限公司北京分
公司顺义营销服务部
647 17252 6330103650089 北京三迪自动化设备工程有限公司
648 22523 8269103611225 北京天宝物华铜业有限公司
649 18820 6903103681880 北京天九幸福投资顾问有限公司
650 11522 4090103634412 北京华星绿原生态绿化技术有限公司
651 17026 6247103597600 北京绿凯园林工程有限公司
652 20899 7678103679020 北京新蝉戏剧艺术有限公司
653 11933 4276103683247 北京润泽瑞丰科技有限公司
654 26397 9756103615223 中国老龄产业协会
655 8164 2861103688059 北京世东凌云科技有限公司
656 24146 8901103597799 北京众德兴和电气设备销售有限公司
657 766 0276103700070 北京盈电电气有限公司
658 23411 8620103679589 北京山水之间家具有限公司
659 7168 2518103613808 北京万兴建筑集团有限公司七分公司
660 20873 7669103704291 恒瑞源技术发展（北京）有限公司
661 8462 2969103677060 欧文托普（中国）暖通空调系统技术有
限公司
662 533 0190103660155 北京东阿阿胶商贸有限公司
663 11792 4212103723086 北京瑞昌恒业科技有限公司
664 3205 1119103622238 北京怡成生物电子技术有限公司
665 25203 9303103618948 北京世纪兴隆保洁服务有限公司
-20-666 6275 2223103610707 北京瑞博帆科技有限公司
667 13720 5026103679106 北京中嘉鸿盛电力工程有限公司
668 6214 2204103627839 北京宏卓元燃气工程技术有限公司
669 16339 6003103679793 北京中成万合贸易有限公司
670 12492 4510103623062 北京市石京源加油站
671 19536 7171103663890 北京大学出版社有限公司
672 24551 9064103680773 北京金燕子装饰工程有限公司
673 3469 1205103638972 北京丹青园林绿化有限责任公司
674 24212 8923103676417 北京明竞天骐电子科技有限公司
675 20870 7668103627881 北京森禾广业科技有限公司
676 1906 0685103628937 北京日兴房地产发展有限公司
677 20716 7610103647374 北京博海升彩色印刷有限公司
678 20268 7451103602420 北京郊区电信实业有限公司
679 20905 7680103620821 北京乐康全生物科技有限公司
680 23890 8806103693045 北京升华电梯有限公司
681 11432 4048103723868 北京爱华中兴纸业有限公司
682 15347 5637103650478 华电环球（北京）贸易发展有限公司
683 9729 3400103689173 北京世纪农丰土地科技有限公司
684 19445 7137103724245 中合中小企业融资担保股份有限公司
685 14444 5293103695122 北京威斯迈科技发展有限公司
686 24801 9156103724587 北京博龙阳光新能源高科技开发有限公
司
687 965 0344103672018 北京供电福斯特开关设备有限公司
688 7261 2542103611661 北京金锐祥宇商贸有限公司
689 23304 8576103696048 北京杰青明泽教育科技有限公司
690 23908 8812103623161 北京石力标签制品有限公司
691 6309 2232103628179 北京中公未来教育咨询有限公司
692 20328 7479103663332 北京橄榄树房地产经纪有限公司
693 13671 5007103622772 法国博瑞德金融股份有限公司北京代表
处
694 18942 6955103601328 北京运河壹号置业有限公司
695 8247 2894103622691 北京聚合筋建筑修复技术中心
696 22465 8250103655017 北京成轩科技发展有限公司
697 5949 2103103692516 北京正龙世纪医疗器械有限公司
698 22285 8175103724552 北京兰雅迪公关策划有限公司
699 17910 6582103659652 田之江石油工程科技（北京）有限公司
700 2232 0792103587992 北京丰苑嘉通商贸有限公司
701 3532 1229103603611 费尔科环境技术（北京）有限公司
-21-702 16309 5994103645824 北京乾风劲杰科技发展有限公司
703 2482 0869103692481 北京泽升设备安装工程有限公司
704 26101 9642103691401 北京开天科技有限公司
705 24561 9068103632575 北京康达健信医学科技发展有限公司
706 23420 8624103623187 北京银广通广告有限公司
707 8464 2969103696763 中核控制系统工程有限公司
708 2186 0780103598514 北京华正网联科技有限公司
709 14366 5267103636759 北京世进汽车部件有限公司
710 22240 8159103629479 北京圣元鸣投资管理有限公司
711 7121 2503103664093 北京时代化工展览服务公司
712 3144 1098103594401 北京莱恩斯涂料有限公司
713 13335 4872103678793 北京百汇雅文乐器销售有限公司
714 24055 8873103656139 北京银河金属结构工程有限责任公司
715 24101 8887103622585 北京黎明文仪家具有限公司
716 12258 4411103618246 北京优美特纳米材料科技有限公司
717 2064 0739103604136 北京正丰广源贸易有限公司
718 12574 4542103659607 北京中州信达物流有限公司
719 403 0144103605571 北京航达康机场设备有限公司
720 5311 1863103604794 北京燃气昌平有限公司
721 6459 2283103597476 中石化中铁油品销售有限公司
722 9982 3510103621360 北京恒华伟业科技股份有限公司
723 19503 7162103693607 北京赛奥安伟业科技发展有限公司
724 6184 2188103649852 北京金艺恒丰装饰有限公司
725 26280 9705103651359 乐普（北京）医疗器械股份有限公司
726 10880 3850103593759 北京市康德律师事务所
727 11598 4125103603717 北京北方蓝信网络技术发展有限公司
728 15965 5867103645667 中体旅（北京）体育发展有限公司
729 25477 9407103608524 北京青兰石光电子有限公司
730 23028 8473103626613 北京阳光鸿志电气工程技术有限公司
731 25503 9417103624793 北京永盛远大钢木家具有限公司
732 2359 0833103601165 北京弘恒科技有限公司
733 18673 6853103604958 北京铁五院工程机械有限公司
734 20358 7489103626928 北京三聚环保新材料股份有限公司
735 22195 8146103694973 北京合谊启顺装饰有限公司
736 12865 4671103609961 北京福润芝科技有限公司
737 10699 3778103600029 北京蓝宇海天科技有限公司
738 21956 8061103619205 北京中茂佰宜科贸有限公司
739 18096 6656103636098 北京日月星投资管理有限公司
-22-740 16337 6002103654898 北京拍趣电子商务有限公司
741 19966 7330103724354 北京菲舍波特仪器仪表有限公司
742 1065 0380103663606 北京天高隔膜压缩机有限公司
743 16787 6159103719121 华录出版传媒有限公司
744 3166 1105103680728 北京宁聚意捷科技有限公司
745 6993 2460103617039 北京磁通设备制造有限公司
746 16688 6121103659983 北京佳沣物业管理有限公司
747 21913 8043103603440 北京进行时科技有限公司
748 23061 8485103628031 北京盈信通酒店管理有限公司
749 20402 7507103651269 北京长润化工有限公司
750 20447 7522103675239 北京豫阳天地商贸有限公司
751 6453 2280103700870 北京耀东管理顾问有限公司
752 17508 6431103645960 华信财富（北京）资产管理有限公司
753 23993 8845103659122 北京信诚永利医疗器械有限公司
754 24145 8901103597774 北京市京深宏业建筑装饰工程有限公司
755 6328 2238103623486 北京永兴众智科技有限公司
756 10051 3532103638596 中国银行业协会
757 19918 7310103596436 北京永尚世嘉文化发展有限公司
758 25353 9357103658313 北京六合伟业科技股份有限公司
759 12540 4525103656365 北京乐新中瑞科技有限公司
760 23938 8826103664041 北京鑫嘉能电力工程技术有限公司
761 13292 4856103598115 北京明辉伟业科贸有限公司
762 15961 5866103597851 北京杰锐会展有限公司
763 26283 9706103632864 北京沅承亨文化传播有限公司
764 8689 3041103618699 北京银行股份有限公司沙滩支行
765 785 0282103623853 首都互联网协会
766 21734 7984103678386 北京金谷高科技术有限公司
767 3697 1287103676260 北京博鼎诚工程设计有限公司
768 1907 0685103651378 北京泰德市政工程有限公司
769 26464 9782103607461 北京谊远达建筑工程有限公司
770 18436 6771103650809 任督（北京）工程设计咨询有限公司
771 17690 6506103613433 北京首东国际投资有限公司
772 24808 9159103646994 中国平安财产保险股份有限公司北京分
公司大兴营销服务部
773 11137 3940103603887 北京通测科技有限责任公司
774 6531 2310103722750 中国民航工程咨询公司
775 8917 3120103601178 北京东方艾瑞纺织品有限公司
776 2716 0949103654352 北京可口可乐饮料有限公司
-23-777 3018 1057103686229 北京圣恩诚志钢铁物资有限公司
778 19287 7083103630763 北京众合国际传媒广告有限公司
779 21263 7809103691779 北京旷代嘉华商贸有限公司
780 16757 6149103675664 北京富基融通科技有限公司
781 19976 7332103678350 北京津西投资控股有限公司
782 5075 1788103611077 北京博达华通科技有限责任公司
783 2582 0899103658594 北京碧水源净水科技有限公司
784 19051 6989103651582 车贝信息技术（北京）有限公司
785 11923 4273103624315 北京东润投资集团有限公司月亮河温泉
假日度假村
786 21751 7988103696987 北京东江信息技术有限责任公司
787 23285 8570103671791 北京和必达过滤技术有限公司
788 15867 5826103622696 京铁物流有限公司
789 2815 0986103615016 北京兑丰源礼品有限公司
790 17853 6565103595413 北京博达制冷空调设备安装有限公司
791 23675 8727103628465 金电联行（北京）信息技术有限公司
792 5556 1950103678451 北京谢达利和商贸有限公司
793 19470 7150103724674 北京睿诚智信会议服务有限责任公司
794 12560 4534103692539 北京国创富盛通信股份有限公司
795 4006 1400103595871 北京创东方拓昌运科技有限公司
796 1853 0666103707013 北京国勇建筑装饰工程有限公司
797 8098 2839103638915 北京科之建环保工程有限公司
798 2381 0841103691712 北京盛安酒店管理有限公司
799 12331 4442103662777 北京维盛网域科技有限公司
800 12991 4723103608892 北京福展国际展览展示有限公司
801 20006 7339103683968 北京奥特诺科技有限公司
802 23668 8725103636286 北京友高教育科技有限公司
803 1966 0707103720740 华润普仁鸿（北京）医药有限公司
804 2757 0964103691772 北京通盈房地产开发有限公司
805 8716 3053103616437 北京盛华绿洁环境工程技术有限公司
806 6371 2253103719676 龙腾艺都（北京）影业投资有限公司
807 17463 6412103686992 生命人寿保险股份有限公司北京分公司
808 10581 3735103620711 北京市八通市政工程有限公司
809 24482 9038103652752 北京睿乐信科技有限公司
810 7336 2575103626302 光线星际（北京）信息科技有限公司
811 16900 6200103650723 中金数据系统有限公司
812 6066 2144103588434 北京万方苑国际酒店有限公司
813 18348 6738103680057 北京华正美康医疗器械有限公司
-24-814 7181 2521103699047 中外建华诚城市建设有限公司
815 20387 7501103722733 北京市良乡万达工贸有限公司
816 10886 3850103695570 北京中奥广源传媒广告有限公司
817 23701 8737103650958 北京华大九天软件有限公司
818 16710 6128103608594 北京晟世昌耐磨材料制造中心
819 15934 5852103659817 民生（北京）物业管理有限公司
820 27054 9989103615106 北京易车互联信息技术有限公司
821 7484 2618103632495 北京金开利华企业管理有限公司
822 13112 4778103688310 北京逵昌科技有限公司
823 23649 8716103677326 北京昆仑成业霓虹灯技术开发有限公司
824 584 0211103605483 北京博迈德生物技术有限公司
825 21087 7745103632291 北京金证荣联广告有限公司
826 19252 7071103598201 北京京杰锐思技术开发有限公司
827 18738 6878103594795 北京天保佳宇物业管理有限公司
828 9559 3341103599986 北京祝融科技有限公司
829 7065 2487103656440 北京中润联达科技有限公司
830 21689 7966103640214 中检协联合（北京）质量检验咨询有限
公司
831 637 0230103677773 北京森博明德品牌管理有限公司
832 6957 2447103700498 中国食品集团公司
833 8273 2901103720748 北京新地标国际广告有限公司
834 23823 8784103636949 北京中环佳晟环境科技有限公司
835 23380 8605103683064 北京泰迪共创矿业技术有限公司
836 3110 1086103671057 北京慧博创测通信技术有限公司
837 26896 9939103681235 北京盛世鑫创文化发展有限公司
838 10335 3647103683183 澳缔纳国际会展（北京）有限公司
839 5553 1948103659102 北京直真科技股份有限公司
840 4289 1518103658742 北京北检・新创源生物技术有限公司
841 12704 4603103602295 北京市兆中律师事务所
842 18456 6778103638379 北京法玛碧欧技术有限公司
843 22551 8281103628105 美特新维（北京）设备技术有限公司
844 953 0341103651375 北京泰德市政工程有限公司
845 17609 6472103645004 眉州东坡餐饮管理（北京）有限公司石
景山分公司
846 14280 5235103619162 北京和铭律师事务所
847 12289 4424103613677 北京宝克测试系统有限公司
848 19244 7067103605202 北京贵州大厦
849 20192 7421103662339 北京塔塔信息咨询有限公司
-25-850 5223 1839103624153 北京市木达建筑有限责任公司
851 18460 6778103693496 北京瑞斯科管理咨询有限公司
852 13519 4949103671135 北京佳栋宇鑫贸易有限公司
853 12348 4450103626255 北京鑫塔伟业设备租赁有限公司
854 5508 1934103648057 华北电力科学研究院有限责任公司
855 6895 2427103597198 北京阳光万康医疗器械有限责任公司
856 19 0006103719845 北京敦华石油技术有限公司
857 1382 0505103626527 北京华创瑞风空调科技有限公司
858 8742 3061103723324 北京广通时代图书有限公司
859 16535 6072103703073 北京南银物业管理有限公司
860 14704 5386103659295 北京盈科通达信息技术有限公司
861 23492 8644103700163 中国风景名胜区协会
862 1023 0368103593352 中国老年学学会老年宜居环境委员会
863 17418 6389103725261 北京天异诺成办公家具有限公司
864 12718 4609103596516 北京合创环宇机车车辆装备有限公司
865 16263 5980103646424 北京桑普生物化学技术有限公司
866 26181 9670103598134 北京邦曼科技有限公司
867 10076 3541103663491 北京各沐文化传播有限公司
868 10430 3677103724443 北京小红帽网络科技有限责任公司
869 24079 8880103636043 北京顺长房地产开发有限公司
870 7777 2719103628815 太美态国际美发（北京）有限公司
871 23877 8802103597655 北京明军儒海商贸有限责任公司
872 6375 2255103615751 北京太兴餐饮管理有限公司
873 10381 3660103672881 北京九州通医药有限公司
874 22766 8360103695999 广东恒力建设工程有限公司北京分公司
875 21727 7982103617142 北京道恩商贸有限公司
876 1099 0392103661471 风讯德业（北京）信息技术有限公司
877 26703 9875103617881 博大世通国际物流（北京）有限公司
878 3478 1207103676836 左岸韦林思物业管理（北京）有限公司
879 4973 1753103682344 北京昭衍新药研究中心股份有限公司
880 6449 2279103594194 北京中天明光科技有限公司
881 1799 0649103659955 北京正鹏房地产开发有限公司
882 16438 6038103718582 拉卡拉支付有限公司
883 1842 0663103723805 北京超越维一文化创意工作室
884 3230 1126103701257 北京谷大农业投资有限公司
885 14190 5197103620748 顺义区南法信镇刘家河村村民委员会
886 21680 7962103627886 派石新能源技术开发（北京）有限公司
887 2766 0966103665907 广州兴森快捷电路科技有限公司北京分
公司
-26-888 16928 6212103621725 北京空港福润商贸有限公司
889 23361 8596103601191 北京天安泰股权投资管理有限责任公司
890 1728 0622103675835 北京宏正腾达科技有限公司
891 18155 6674103598528 北京光中装饰工程有限公司
892 20872 7668103691727 北京海基嘉盛科技有限公司
893 17920 6588103592947 北京世纪航欣科技发展有限公司
894 7868 2760103644694 盛隆电气（北京）有限公司
895 11682 4164103653136 北京通利达成科贸中心
896 1039 0373103613795 北京诚创盛合通信工程设计有限公司
897 9834 3444103674373 国核财务有限公司
898 11761 4198103603520 中国富莱德实业公司
899 18500 6792103699763 北京世纪凯丰环境科技有限公司
900 4204 1489103645012 北京浩海睿新广告传媒有限公司
901 1860 0668103690227 北京薄成悦事科技发展有限公司
902 22236 8158103723975 北京乾元联合小额贷款有限公司
903 12416 4478103627544 北京北汽九龙出租汽车股份有限公司
904 8418 2952103634864 北京金旺来装饰工程有限公司
905 12085 4338103676488 乐视网信息技术（北京）股份有限公司
906 3138 1095103658537 北京京信怡和物业管理有限责任公司
907 16654 6111103646435 北京市医疗器械检验所
908 10728 3789103670443 北京易天新动网络科技有限公司
909 12240 4403103682447 北京光华欣锐贸易发展有限公司
910 25992 9604103602555 北京乔木森家具有限公司
911 1751 0630103658790 湖南华天装饰有限公司北京分公司
912 5264 1851103652007 北京顺通畅达顶管技术有限公司
913 11562 4110103616784 北京金时伟业汽车贸易有限公司
914 8255 2895103678258 北京中诚信达物流有限公司
915 21693 7968103603354 北京隆瑞物流有限公司
916 11656 4152103613658 北京智信和成机电设备有限公司
917 15576 5725103620689 河北星太装饰集团有限公司北京幕墙分
公司
918 9489 3312103622959 北京市自来水集团有限责任公司
919 2074 0741103670480 北京筑家建筑装饰有限公司
920 4502 1592103675152 北京嘉永会通能源科技有限公司
921 7311 2566103687498 长江证券股份有限公司北京新源里证券
营业部
922 20574 7559103764542 北京铁路局北京南站
923 718 0261103664159 北京盛世通达工贸有限公司
-27-924 5722 2011103652881 北京永华恒祥科技发展有限公司
925 12575 4542103688054 北京世东凌云科技有限公司
926 19533 7170103701903 北京中关村数字物流港有限责任公司
927 14898 5468103624322 北京华科诚信科技有限公司
928 10169 3583103616258 北京利市物业管理有限公司
929 20688 7600103590464 北京市蓝天丰苑学校
930 18337 6734103617275 北京翰达金晟置业有限公司
931 14942 5487103588443 润唐财智管理顾问（北京）有限公司
932 770 0278103656556 北京环能工程技术有限责任公司
933 4590 1622103678099 北京忠伟机械租赁有限公司
934 6634 2345103628855 北京创金启富投资管理有限公司
935 4023 1406103599036 北京联袂嘉文广告有限公司
936 20496 7536103601990 北京京创鑫空调设备有限公司
937 18216 6694103603741 北京科比科科技有限公司
938 11052 3907103664536 爱国者电子科技有限公司
939 5026 1769103601206 北京健坤伟华新能源科技有限公司
940 19109 7012103675006 北京惠买在线网络科技有限公司
941 4689 1658103626796 北京昊福原科技有限公司
942 24441 9020103682173 佩尔优节能科技股份有限公司
943 27049 9987103598776 北京市齐进律师事务所
944 12891 4683103603975 北京惠友时代科技发展有限公司
945 9310 3250103598052 北京亚洋科技有限公司
946 9666 3379103624945 北京钱袋宝支付技术有限公司
947 13246 4835103615982 北京龙臣广日机电设备有限公司
948 27 0009103634719 北京联合智业检验检测有限公司
949 12534 4523103659330 北京赛诺静远科技发展有限公司
950 345 0121103594504 北京市普利门电子科技有限公司
951 9687 3387103634267 北京宝隆科利科技有限公司
952 13999 5121103631942 北京华宇世兴钢铁有限公司
953 23965 8835103673074 北京大清生物技术有限公司
954 8357 2926103645421 阳光雨露信息技术服务（北京）有限公
司
955 21519 7906103618327 北京市昭阳湘菜酒楼
956 6367 2253103656005 北京和信网安科技有限公司
957 2696 0942103613556 人民东方（北京）书业有限公司
958 26582 9822103651621 北京市燃气集团有限责任公司工程建设
管理分公司
959 10677 3769103679025 埃特罗斯（北京）电气有限公司
-28-960 1756 0631103687787 北京中新博展营销顾问有限公司
961 559 0201103718977 中国检验检疫科学研究院综合检测中心
962 18623 6834103603602 北京市昌平区振兴学校
963 7655 2675103664065 北京鑫嘉能电力工程技术有限公司
964 13880 5079103680921 北京秦连伟业电控设备有限公司
965 20286 7459103623756 北京圣隆园林工程有限责任公司
966 10793 3816103605840 北京鼎泽科技发展有限公司
967 3665 1274103656539 北京奥德赢霄咨询有限公司
968 15060 5532103660057 中国人民解放军军事医学科学院招待所
969 7634 2667103693709 北京联想利泰软件有限公司
970 22151 8132103642174 北京海纳川恒隆汽车转向系统有限公司
971 18344 6738103596539 北京百汇智德展示有限公司
972 18094 6655103695931 北京捷利雅特科贸有限公司
973 26547 9812103658008 北京三苏居餐饮有限责任公司
974 15273 5611103680360 中国船东互保协会
975 15885 5834103691738 北京车谷汽车销售有限公司
976 3349 1164103594634 北京综合保税区开发管理中心
977 6072 2149103660738 北京顺东混凝土有限公司
978 19903 7304103672952 北京广电音视科技发展有限公司
979 3265 1133103643706 北京欧思捷科技有限公司
980 9867 3456103700394 北京金隅砂浆有限公司
981 1653 0596103618628 北京英之杰天祥汽车技术服务有限公司
982 10143 3571103613404 北京市昌平区小汤山镇社区服务中心
983 8155 2860103616935 启迪控股股份有限公司
984 17992 6616103645179 北京蓝海博纳广告有限公司
985 5255 1849103604777 中新融创资本管理有限公司
986 25123 9278103632103 中国残疾人福利基金会
987 3876 1352103719146 北京安迪科电子有限责任公司
988 12187 4378103686540 北京嘉德在线拍卖有限公司
989 24727 9128103597357 国元证券股份有限公司北京东直门外大
街证券营业部
990 17800 6544103621319 北京汇众伟业物流有限公司
991 18706 6865103595336 北京瑞来恩特科技有限公司
992 375 0130103628294 北京瑞平通信技术有限公司
993 3271 1135103687832 北京赛门格电气科技有限公司
994 18551 6810103646906 北京宏伟建筑工程有限公司
995 13138 4789103608573 北京海力通达电子科技有限公司
996 16786 6159103664499 北京风丘科技有限公司
-29-997 13169 4802103604954 北京欧安科技有限公司
998 19676 7218103701456 北京君升印刷有限公司
999 25589 9462103653995 北京贝迪嘉装饰工程有限公司
1000 25258 9322103602243 际华集团股份有限公司
1001 19465 7148103659679 北京大陆航星质量认证中心有限公司
1002 17454 6406103594613 北京飞五科技有限公司
1003 9073 3175103680255 中国机电一体化技术应用协会
1004 18665 6851103721125 北京恒源永兴仓储有限公司
1005 14523 5322103634467 北京灵坤园林绿化有限公司
1006 8692 3044103598003 中锦联国际建筑设计（北京）有限公司
1007 19544 7175103623477 北京德奥达一众汽车销售有限公司
1008 18170 6678103700391 北京金隅砂浆有限公司
1009 296 0102103696629 北京漫维影视文化有限公司
1010 9865 3456103675430 北京汇鑫金泉汽车维修有限公司
1011 23318 8583103611029 北京市延庆英达腐植酸有限公司
1012 811 0289103636547 北京领旗天下网络科技有限公司
1013 104 0038103647724 北京宜得瑞恒投资有限公司
1014 10469 3694103634242 北京科泰兴达高新技术有限公司
1015 8625 3020103675796 北京神雾环境能源科技集团股份有限公
司
1016 22235 8158103701883 北京北汽福斯特股份有限公司
1017 6917 2435103686967 北京龙翔华恒商贸有限公司
1018 2873 1010103686230 北京高特佳资产管理有限公司
1019 9978 3509103655861 北京市朝阳田华建筑集团公司田五二队
1020 4352 1542103693693 北京百容网智科技有限公司
1021 26709 9876103687662 北京世纪新飞卫生材料有限公司
1022 17720 6516103596288 北京东方畅联国际广告有限公司
1023 23276 8567103614588 北京麦格东方材料技术有限公司
1024 23793 8774103636888 北京方大恩劲柴油机技术服务有限公司
1025 2747 0961103630082 时代华睿（北京）科技有限公司
1026 13635 4995103598352 北京天士安国际经济技术合作有限公司
1027 19974 7332103666138 北京博丰印务有限公司
1028 227 0080103663463 北京正义网络传媒有限公司
1029 4747 1677103645651 北京顺天顺水市政工程有限公司顺天顺
源分公司
1030 3866 1348103601071 启明信息技术股份有限公司北京分公司
1031 3466 1205103603368 中鼎建（北京）建筑工程有限公司
1032 17749 6524103696135 北京环洋溢海科技有限公司
-30-1033 17772 6530103663077 北京清铁文化创意有限公司
1034 8919 3120103650254 北京祥云东升国际传媒广告有限公司
1035 13662 5004103624504 北京华益盛世科技有限公司
1036 10600 3743103646892 北京建达兴工程咨询有限公司
1037 22255 8163103603691 赛文（北京）教育科技有限公司
1038 3761 1308103676438 中国水电顾问集团国际工程有限公司
1039 21088 7746103650582 北京汇博行房地产经纪有限公司
1040 24431 9017103684160 西南自动化技术（北京）有限公司
1041 7936 2781103691241 北京波士山汽车销售服务有限公司
1042 22460 8249103615165 北京运华天地科技有限公司
1043 26636 9845103660839 北京东恒通经贸有限公司
1044 3168 1105103701790 北京浩弘泰商贸有限公司
1045 1064 0380103663028 北京三立联创信息技术有限公司
1046 2670 0930103597471 北京蒙软京科科技有限公司
1047 51 0020103601729 北京创馨文化传媒有限公司
1048 4545 1607103698954 北京顺畅海特金属结构有限公司
1049 24513 9051103608571 北京骏宝威汽车贸易有限公司
1050 18672 6853103588805 北京宏泰建筑装饰工程有限公司
1051 25641 9483103637919 北京天威瑞恒高压套管有限公司
1052 22385 8211103623730 北京通厦小营环岛建材市场有限公司
1053 9487 3311103668033 北京银飞腾机械设备安装有限责任公司
1054 13103 4776103645254 北京合纵科技股份有限公司
1055 9435 3291103655966 北京和信日晟科技有限公司
1056 946 0338103654458 北京火人医药科技开发有限公司
1057 18319 6726103707000 北京恭喜发财软件有限公司
1058 11970 4291103663567 北京麦迪卫康广告有限公司
1059 16797 6163103658858 通联华电（北京）电子有限公司
1060 4536 1605103602832 北京远图量子文化传媒有限公司
1061 7394 2592103686345 北京恒方中邑科技有限责任公司
1062 18571 6816103717643 北京旭瑞和风科技有限公司
1063 24016 8853103656742 森特士兴集团股份有限公司
1064 23709 8740103701791 北京浩弘泰商贸有限公司
1065 26809 9907103615919 北京人类生态工程学会
1066 19768 7254103618100 北京康比特体育科技股份有限公司
1067 7816 2734103675519 北京福田戴姆勒汽车有限公司
1068 22035 8088103615980 北京龙臣广日机电设备有限公司
1069 11636 4139103655185 北京盛吉瑞电力工程有限公司
1070 11733 4186103697384 北京民航信息科技有限公司
-31-1071 3671 1276103652079 北京新泰金链花餐饮有限公司
1072 8856 3098103678917 北京欣天燃气设备安装工程有限公司
1073 12619 4563103682662 北京紫檀文化基金会
1074 23487 8642103656814 北京爱德伦工程技术有限公司
1075 4250 1506103627138 北京鑫凯飞经贸有限公司
1076 18156 6674103648130 北京汇智天源电子工程技术有限公司
1077 20109 7385103626295 北京金诺佳音文化传播有限公司
1078 22730 8350103658928 北京金华文轩文化传播有限公司
1079 78 0028103602384 北京北花园置业有限公司
1080 13584 4976103594683 北京浩丰创源科技股份有限公司
1081 15430 5673103593760 北京世纪图捷电梯系统工程技术有限公
司
1082 2786 0973103614590 北京汇峰顺建筑安装工程有限公司
1083 13147 4794103659953 北京正鹏房地产开发有限公司
1084 5297 1859103689357 北京五洲万豪建筑装饰工程有限公司
1085 8153 2859103638029 亚铭（北京）科技有限公司
1086 8263 2899103617239 北京金至泰克科技有限公司
1087 4669 1651103621802 北京金宇中贸易有限公司
1088 26555 9815103623597 北京首都航空有限公司
1089 12717 4608103718679 北京阿达尔石油技术有限责任公司
1090 19353 7110103638109 久泰能源（北京）有限公司
1091 10286 3631103602088 北京宏业奕程科技发展有限公司
1092 14036 5135103604625 北京中荣亚润科技有限公司
1093 16553 6077103687657 北京华夏视听在线文化发展有限公司
1094 17037 6251103609039 北京浩博文卓装饰工程有限公司
1095 25370 9362103609183 北京奥一新源科技有限公司
1096 3889 1357103654345 北京可口可乐饮料有限公司
1097 2620 0911103650192 北京双盛荣聚氨酯有限公司
1098 6530 2309103696265 北京国方三友软件有限公司
1099 1326 0489103601137 北京世纪沃德生物科技有限公司
1100 9973 3507103617919 北京中联税网信技术有限公司
1101 19306 7092103644638 北京富泰革基布股份有限公司
1102 9581 3351103692645 北京贝瑞和康生物技术有限公司
1103 12878 4678103664555 北京一鸣天下信息技术有限公司
1104 6939 2443103627526 北京安捷易讯科技有限公司
1105 21970 8063103719715 北京京铁信达铁路设备有限公司
1106 13529 4951103672112 北京有色金属研究总院
1107 23940 8827103616226 北京龙湖顺昌机械设备租赁有限公司
-32-1108 5185 1825103646736 中铁资源集团投资有限公司
1109 9861 3454103659869 北京鑫诺金电子科技发展有限公司
1110 25281 9329103604101 北京博力通达机电设备有限公司
1111 16312 5995103683252 北京长顺安达测控技术有限公司
1112 16719 6133103622449 迈图迪羽数码影像技术（北京）有限公
司
1113 18024 6628103624460 北京视讯易德科技有限公司
1114 19036 6986103598630 北京闼闼饰佳工贸有限公司
1115 6853 2414103596866 北京市通州粮食收储库
1116 5425 1902103625153 北京永拓动力科技发展有限公司
1117 18720 6869103697339 北京荣丰科技有限公司
1118 15557 5717103588196 北京迪诺斯环保科技有限公司
1119 18547 6809103672354 北京希凯帝气动液压自动化设备有限公
司
1120 15100 5548103719059 北京卓华信息技术股份有限公司
1121 8332 2919103651188 北京华城房地产土地评估有限公司
1122 9318 3252103659807 北京华奥汽车服务有限公司
1123 19354 7110103638513 北京天赐景和文化传播有限公司
1124 1448 0522103636551 北京源广文化传媒中心
1125 16707 6127103627619 北京晟邦物业管理有限公司
1126 19375 7117103689258 北京瑞欧特物业管理有限公司
1127 25188 9299103695448 多盟智胜网络技术（北京）有限公司
1128 362 0126103692483 北京玉康安达科技有限公司
1129 15536 5709103674362 中国电信股份有限公司
1130 13579 4972103725327 新食潮餐饮管理（北京）有限公司三里
屯分公司
1131 21404 7870103645016 中财荃兴资本管理有限公司
1132 17176 6299103618519 北京明远国信科技有限公司
1133 21349 7853103662949 北京中安瑞财务顾问有限公司
1134 5849 2068103655169 北京天澄康达商贸有限公司
1135 16979 6229103634485 北京首信得钢铁贸易有限公司
1136 6208 2199103602357 北京汇鑫实创建筑劳务有限公司
1137 10398 3665103672874 北京九州通医药有限公司
1138 21695 7968103687354 中钞长城金融设备控股有限公司
1139 11394 4035103617254 北京卓思天成国际市场研究咨询有限公
司
1140 15052 5530103624483 北京海创房地产土地评估有限公司
1141 21371 7861103632389 联迪恒星（北京）信息系统有限公司
-33-1142 2856 1004103656264 北京京师天成旅游规划设计咨询有限公
司
1143 21143 7768103674663 北京四海嘉禾建筑装饰工程有限公司
1144 21045 7730103652403 北京国华科技集团有限公司
1145 24388 8999103604138 北京大美山水旅游发展有限责任公司
1146 25601 9466103634382 北京市好家庭体育发展有限公司
1147 25073 9261103654471 世纪万特(北京)商业管理有限公司
1148 18518 6802103597194 北京阳光万康医疗器械有限责任公司
1149 25536 9435103605788 观印象艺术发展有限公司
1150 10972 3882103633589 比安奇自行车（北京）有限公司
1151 18045 6637103615090 中国国际航空股份有限公司
1152 9851 3451103605721 北京z格林进出口有限公司
1153 21944 8058103680749 北京居佳祥和装饰工程有限公司
1154 264 0093103684127 北京万象信息技术有限公司
1155 20595 7567103662773 北京维盛网域科技有限公司
1156 5492 1925103675837 北京宏正腾达科技有限公司
1157 5263 1851103608394 北京京铁中盛铁路配件有限公司
1158 21226 7797103663651 北京伊凡达生物技术有限公司
1159 1288 0471103660069 北京北广科技股份有限公司
1160 18572 6817103632194 北京崇尊投资有限责任公司
1161 4824 1700103653871 北京京建华工程监理有限责任公司
1162 21396 7867103682695 中财天安（北京）资产管理有限公司
1163 11703 4175103676252 北京黛玛诗服饰有限公司
1164 21980 8066103697104 北京瑞辉云星文化发展有限责任公司
1165 26615 9836103695466 北京鑫海韵通商业大楼
1166 23746 8754103658312 北京六合伟业科技股份有限公司
1167 13188 4810103687653 北京华鑫时尚文化传播有限公司
1168 16945 6216103666169 北京世纪永红贸易有限公司
1169 26288 9708103655296 北京筑业志远软件开发有限公司
1170 8322 2917103589370 北京梅江汇中餐饮有限责任公司
1171 20933 7689103602446 北京燃气绿源达清洁燃料有限公司
1172 7154 2512103674500 上海士威仕数码设备有限公司北京分公
司
1173 49 0019103691711 北京盛安酒店管理有限公司
1174 14033 5133103720130 北京中拓嘉业贸易有限公司
1175 6462 2283103633244 北京通鑫恒科技有限公司
1176 25283 9329103685532 北京凯迪克格兰云天大酒店有限公司
1177 7475 2616103697185 中国公路车辆机械有限公司
-34-1178 19391 7121103676436 中国水电顾问集团国际工程有限公司
1179 24652 9097103640257 北京恩行装饰有限责任公司
1180 6671 2357103607412 中北华宇建筑工程公司北京第三工程处
1181 1897 0680103676348 北京华大金码科技发展有限公司
1182 4565 1612103646796 北京恩和包装服务有限公司
1183 22605 8301103600850 北京凯鸿仪建筑材料有限公司
1184 11554 4106103628101 北京华安远大智能电气有限公司
1185 22303 8183103632761 怡丰联合（北京）科技有限责任公司
1186 10375 3658103679796 朔黄铁路发展有限责任公司
1187 5585 1961103650193 北京双盛荣聚氨酯有限公司
1188 23456 8634103592860 北京中建建科信息技术发展中心
1189 717 0261103628786 北京富桥良石装饰有限责任公司
1190 5135 1810103601686 北京海蓝格科技有限公司
1191 470 0168103637159 北京宝德伟业印刷有限公司
1192 10107 3555103719926 北京博鑫盛五金机电有限公司
1193 23552 8673103691472 北京兴创金元科技有限公司
1194 16547 6075103650641 北京亦庄国际人力资源有限责任公司
1195 8531 2994103633839 北京苏润建筑劳务有限公司
1196 9440 3292103663604 北京迪辰创和科技有限责任公司
1197 26136 9656103671044 北京国宁博安技术有限公司
1198 24845 9172103718991 北大先行科技产业有限公司
1199 1855 0667103663175 北京天众亦通达化工商贸有限公司
1200 11886 4260103627836 北京普瑞赛司仪器有限公司
1201 1574 0570103595756 中邮证券有限责任公司北京证券资产管
理分公司
1202 26319 9718103670356 北京基典兴业科技发展有限公司
1203 2650 0923103614291 北京安达宏业商贸有限公司
1204 24184 8913103671783 北京京卫环清洗有限公司
1205 2697 0942103656270 北京寰亿丰科技发展有限公司
1206 21896 8036103662311 北京广爱欣电器设备安装技术有限责任
公司
1207 24013 8853103601875 北京美丽年华物业管理有限公司
1208 22383 8210103606270 北京铁菱铁路工程服务有限公司
1209 25088 9268103615187 北京润鸿泽科贸有限公司
1210 12944 4703103697827 北京德科岛金科技有限公司
1211 381 0132103634385 北京中税税务师事务所有限公司
1212 3708 1290103596235 北京瀚杰清洁有限公司
1213 11902 4264103604952 三利国际服装有限公司
-35-1214 2928 1029103614319 北京京丰岳各庄农副产品批发市场中心
1215 16832 6172103723051 国投创新投资管理（北京）有限公司
1216 16169 5938103647783 北京大容恒昌经贸有限公司
1217 10427 3676103682031 北京久运亨通商贸有限责任公司
1218 4312 1526103624056 北京通成网联科技发展有限公司
1219 13372 4886103599280 北京天神互动科技有限公司
1220 7603 2659103650027 中国支付清算协会
1221 20560 7556103675966 北京福鑫健旺商贸有限公司
1222 25572 9453103640245 北京世华京通商贸有限公司
1223 20464 7527103649355 北京华洋盛业科技有限公司
1224 24119 8893103645820 北京金石合众广告有限公司
1225 3569 1241103614848 北京聚存科技有限公司
1226 24558 9067103719120 华录出版传媒有限公司
1227 25003 9231103664050 北京元纯传媒有限公司
1228 15844 5819103651208 北京世经未来投资咨询有限公司
1229 8410 2950103629834 北京市中企国盛律师事务所
1230 21617 7941103636008 北京祥龙汽车租赁有限公司
1231 18991 6966103670608 北京匠心置业有限公司
1232 12766 4631103597503 神州易桥（北京）财税科技有限公司
1233 5097 1794103601174 北京赢运达展示设备厂
1234 1916 0687103656256 北京金苏子餐饮有限公司
1235 25493 9413103672935 北京博大全恒科技有限公司
1236 8857 3099103623815 北京英拓科技有限公司
1237 408 0147103597342 北京航天四创技术服务有限公司
1238 13434 4912103656491 江苏尧塘园林绿化集团有限公司北京分
公司
1239 11784 4207103594158 北京海湖物业管理有限公司
1240 1073 0382103633945 北京豪联宝顺建筑机械有限公司
1241 2700 0943103690533 北京兴龙马珠宝有限公司
1242 19263 7076103628622 北京燕西文化发展有限公司
1243 90 0031103607498 北京远成物流有限公司
1244 6399 2263103605263 世创通达国际货运代理（北京）有限公
司
1245 11651 4147103645219 北京金田佳惠商贸有限公司
1246 13619 4990103660128 北京市八仙房地产开发有限责任公司
1247 18771 6887103682270 北京国瑞恒通运输有限公司
1248 20343 7485103634468 北京灵坤园林绿化有限公司
1249 15710 5775103620925 北京么么餐饮管理有限责任公司
-36-1250 20534 7550103691984 中铁现代物流科技股份有限公司北京分
公司
1251 15554 5716103596439 北京中材国研建筑材料研究所
1252 4284 1517103608651 北京万丰达耐磨材料厂
1253 8085 2835103603829 中铁资源国际物流（北京）有限公司
1254 747 0268103617918 北京中联税网信技术有限公司
1255 26534 9809103722611 北京国裕华泰医疗设备有限公司
1256 3720 1294103595956 中国老年法律工作者协会北京法律人才
培训中心
1257 5650 1982103718686 北京畅鼎无限科技有限公司
1258 18328 6729103720046 北京伊斯普电子技术有限公司
1259 26526 9806103655466 北京润德榕馥商贸有限公司
1260 22942 8439103723419 北京市九洲律师事务所
1261 6540 2314103600942 北京世纪海润建筑工程有限公司第一分
公司
1262 16679 6119103601307 北京百谷房地产经纪有限公司
1263 18398 6760103647050 新疆和合玉器股份有限公司北京海淀分
公司
1264 8461 2969103624558 北京市金鼎缘科贸有限公司
1265 18013 6624103647381 北京玛斯特自控工程有限公司
1266 6805 2393103692563 北京天润融通科技有限公司
1267 279 0096103675961 北京希望融智建材有限责任公司
1268 14916 5476103676797 北京龙润凯达石化产品有限公司
1269 17747 6524103637082 深圳市中装建设集团股份有限公司北京
装饰工程设计分公司
1270 1570 0568103662229 探越（北京）服装服饰有限公司
1271 3904 1364103604843 北京佳益兴彩印有限公司
1272 27010 9977103658347 北京普职成教育服务中心
1273 22890 8411103702926 北京物美综合超市有限公司
1274 19488 7157103630828 北京德鑫盛非金属材料有限责任公司
1275 22873 8403103645804 北京中汽雷日汽车有限公司
1276 10996 3890103687611 北京吉卡意科技有限公司
1277 20374 7495103693381 北京华科仪电力仪表研究所
1278 18989 6965103683330 北京安达速通商贸有限公司
1279 10939 3872103652765 北京瑞晟恒丰科技有限公司
1280 6232 2210103723657 北京汇博盟工程技术有限公司
1281 22573 8290103614130 中进汽贸服务有限公司
1282 19772 7255103723226 北京中检维康生物技术有限公司
-37-1283 1084 0388103674978 北京唐韵山庄酒店有限责任公司
1284 3437 1192103595381 汉德投资有限责任公司
1285 24084 8881103607413 中北华宇建筑工程公司北京第三工程处
1286 1903 0683103631885 北京华创恒盛科技有限公司
1287 21774 7996103682513 北京九州空间科贸有限公司
1288 3208 1120103675179 北京亿来置业有限公司
1289 9152 3198103680557 中国水利水电建设工程咨询有限公司
1290 13979 5115103723217 北京南礼轩科技发展有限公司
1291 15913 5845103652638 团车互联网信息服务（北京）有限公司
1292 21605 7936103700090 北京天金石油销售有限公司
1293 13093 4771103617367 北京创智邦商贸有限公司
1294 865 0309103613567 北京中科唯佳科技有限公司
1295 18700 6863103660940 北京鸿创励治企业形象策划有限公司
1296 15458 5684103637501 北京环都人工环境科技有限公司
1297 4847 1707103623791 北京华索科技股份有限公司
1298 13341 4874103602239 北京东港嘉华安全信息技术有限公司
1299 3855 1344103618500 北京燕宏智翔汽车科技有限公司
1300 2596 0906103632591 北京市普标特科技有限公司
