1 1 0001104037544 北京苏宁云商销售有限公司
2 2 0013103933333 北京丰惠涛商贸有限公司
3 3 0016104028412 北京佰能电气技术有限公司
4 4 0025103945629 瑞升昌（北京）国际贸易有限公司
5 5 0034104011101 北京伟业联合房地产顾问有限公司
6 6 0044104021298 北京昆泰嘉华房地产经营有限公司酒店
分公司
7 7 0047103748598 北京齐尔布莱特科技有限公司
8 8 0058103787814 北京中润发汽车销售有限公司
9 9 0059104011102 北京伟业联合房地产顾问有限公司
10 10 0065103961882 北京中关村丰台园道丰科技商务园建设
发展有限公司
11 11 0066103654221 北京讯奇连城商务服务有限公司
12 12 0069103895034 加多宝（中国）饮料有限公司
13 13 0071104037531 北京苏宁云商销售有限公司
14 14 0072103652197 北京北方出租汽车有限责任公司
15 15 0072103964755 北京经济技术投资开发总公司
16 16 0076103976783 北京市石景山区老医药卫生工作者协会
17 17 0079103815549 北京策略律师事务所
18 18 0097104029790 北京汉威大厦物业有限公司
19 19 0101103748674 北京车之家信息技术有限公司
20 20 0110103623417 北京鸿坤新业房地产开发有限公司
-2-21 21 0117103628313 北京信威通信技术股份有限公司
22 22 0118103836404 北京中佰龙置业有限公司
23 23 0132103928514 北京市三一重机有限公司
24 24 0134103627597 北京以岭药业有限公司
25 25 0144104029786 北京汉威大厦物业有限公司
26 26 0154103611697 北京天地玛珂电液控制系统有限公司
27 27 0173103880696 北京燕化永乐生物科技股份有限公司
28 28 0196104036277 北京旗舰物流有限公司
29 29 0197103914924 蓝港在线（北京）科技有限公司
30 30 0209103760504 北京恒远恒信科技发展有限公司
31 31 0211103723187 中国水力发电工程学会
32 32 0218103626221 北京中电兴发科技有限公司
33 33 0238103980713 维特瑞控制工程技术（北京）有限公司
34 34 0240103630911 北京京港地铁有限公司
35 35 0240103953885 北京大学软件与微电子学院
36 36 0249104026702 北京四达同和科技有限公司
37 37 0253103601708 北京光线传媒股份有限公司
38 38 0260103907847 德瑞华（北京）自动化设备有限公司
39 39 0262103969226 北京韩美药品有限公司
40 40 0265103794949 泛玛散料处理技术（北京）有限公司
41 41 0271103734421 北京恒天财富投资管理有限公司
42 42 0276104013624 北京本草方源药业有限公司
43 43 0278103765213 北京京华都房地产开发有限公司
44 44 0283103806173 北京斯利安药业有限公司
45 45 0286103697233 北京华卫骥生物医药有限公司
46 46 0303103602978 北京眉山企业商会
47 47 0306103928500 北京市三一重机有限公司
48 48 0314103999681 深圳市克莱沃电子有限公司北京分公司
49 49 0316103928521 北京市三一重机有限公司
50 50 0321103870427 北京触控科技有限公司
51 51 0334104060092 中外运－敦豪国际航空快件有限公司北
京分公司
52 52 0345103795665 北京南北天地科技股份有限公司
53 53 0347104029914 北京众信国际旅行社股份有限公司
54 54 0358103862099 北京泰真电气安装有限公司
55 55 0361103656772 森特士兴集团股份有限公司
56 56 0370103792034 北京比亚迪模具有限公司
57 57 0382104042323 中国马业协会
-3-58 58 0385103594290 北京朗依制药有限公司
59 59 0396103799099 中华浩德国际基金会（美国）北京代表
处
60 60 0411103637755 北京安宝房地产开发有限公司
61 61 0433103836395 北京中佰龙置业有限公司
62 62 0436103991239 北青传媒股份有限公司
63 63 0438103748630 北京齐尔布莱特科技有限公司
64 64 0440103960911 贝壳网际（北京）安全技术有限公司
65 65 0442103828113 北京东方震旦文化传媒有限责任公司
66 66 0455103999743 北京京源水仪器仪表有限公司
67 67 0464103811649 北京茂庸投资有限公司
68 68 0466103951494 北京联众互动网络股份有限公司
69 69 0477104050320 北京市宾克投资咨询有限公司
70 70 0478104060096 中外运－敦豪国际航空快件有限公司北
京分公司
71 71 0490103819873 北京国华置业有限公司
72 72 0493103978872 北京农投诚兴小额贷款股份有限公司
73 73 0494103989087 北京路鹏达市政工程有限责任公司
74 74 0495103962665 北京子力机床电器有限责任公司
75 75 0500103623005 北京市自来水集团有限责任公司
76 76 0511103836418 北京中佰龙置业有限公司
77 77 0513103674993 北京北星行汽车销售有限公司
78 78 0513104011954 美国国际商会北京代表处
79 79 0536103951498 北京联众互动网络股份有限公司
80 80 0537103980210 北京口腔工作者协会西城门诊部
81 81 0539103621141 北京鸿坤伟业房地产开发有限公司
82 82 0558103764267 中国中建设计集团有限公司
83 83 0564103855873 北京市唐杰城市节能环保科技发展有限
公司
84 84 0575103765197 北京京华都房地产开发有限公司
85 85 0575103802398 北京市建德律师事务所
86 86 0585103597707 中国黄金集团营销有限公司
87 87 0600103880344 北京网康科技有限公司
88 88 0605103859619 泸州市人民政府驻北京联络处
89 89 0608104012191 立信中德勤（北京）工程咨询有限公司
90 90 0670103729499 中国城市建设控股集团有限公司
91 91 0676103803001 北京联智兴达科技有限公司
92 92 0697103996305 北京大唐联合电力科技有限公司
-4-93 93 0722103928496 北京市三一重机有限公司
94 94 0737103760985 北京睿博美佳商贸有限公司
95 95 0746104012220 北京诺克恒兴科贸有限公司
96 96 0755103979961 北京叶氏企业集团有限公司
97 97 0763103879887 北京科力博恩系统工程技术有限公司
98 98 0771103645395 江河创建集团股份有限公司
99 99 0772103819878 北京国华置业有限公司
100 100 0775103928507 北京市三一重机有限公司
101 101 0780103632237 北京亚奥之星汽车服务有限公司
102 102 0790104050400 北京市汇京律师事务所
103 103 0797103748603 北京齐尔布莱特科技有限公司
104 104 0799104029918 北京众信国际旅行社股份有限公司
105 105 0800103962841 北京市朝阳区黑庄户乡定辛庄东村村民
委员会
106 106 0817103982100 吉林森林工业股份有限公司北京分公司
107 107 0824104029785 北京汉威大厦物业有限公司
108 108 0835103623657 北京诺瓦赛维斯技术服务有限公司
109 109 0835103759931 北京国信创新科技有限公司
110 110 0849104029787 北京汉威大厦物业有限公司
111 111 0853103804376 北京京东世纪贸易有限公司
112 112 0861104011096 北京伟业联合房地产顾问有限公司
113 113 0862103918295 北京瑞拓江南自控设备有限公司
114 114 0863103627238 北京乔曼禹服饰有限公司
115 115 0870103692846 北京巴瑞医疗器械有限公司
116 116 0883104049771 北京华星擘达物业管理有限公司
117 117 0884104060095 中外运－敦豪国际航空快件有限公司北
京分公司
118 118 0889103765058 北京世纪正源房地产开发有限公司
119 119 0893103852528 中国大唐集团公司
120 120 0906103809988 北京市朝阳区庆丰公园
121 121 0910104020480 中国科学院幼儿园
122 122 0911104035296 北京军弘保安服务有限公司
123 123 0915103637758 北京安宝房地产开发有限公司
124 124 0915103638800 北京新京润房地产有限公司
125 125 0916103852503 中国大唐集团公司
126 126 0921103736413 北京思妍丽美容有限公司
127 127 0925103928516 北京市三一重机有限公司
128 128 0926103828472 北京礼信年年餐饮管理有限公司
-5-129 129 0953103744669 昆吾九鼎投资管理有限公司
130 130 0954103930207 中粮期货有限公司
131 131 0960104029912 北京众信国际旅行社股份有限公司
132 132 0981104026701 北京四达同和科技有限公司
133 133 0990104037542 北京苏宁云商销售有限公司
134 134 0992103614992 北京鼎合金通经贸有限责任公司
135 135 0998103977034 金银岛（北京）网络科技股份有限公司
136 136 1001103760506 北京恒远恒信科技发展有限公司
137 137 1018103798849 北京市龙鼎华源房地产开发有限责任公
司
138 138 1040103961876 北京中关村丰台园道丰科技商务园建设
发展有限公司
139 139 1043103798856 北京市龙鼎华源房地产开发有限责任公
司
140 140 1047104029904 北京众信国际旅行社股份有限公司
141 141 1068103977042 金银岛（北京）网络科技股份有限公司
142 142 1070104057765 亮克威泽（北京）涂料科技有限公司
143 143 1074103969203 北京韩美药品有限公司
144 144 1077103962713 北京国伟机械制造有限公司
145 145 1084103839410 北京壹人壹本信息科技有限公司
146 146 1087103880351 北京网康科技有限公司
147 147 1100103950344 北京鼎恩律师事务所
148 148 1133103964765 北京经济技术投资开发总公司
149 149 1137103637780 北京安宝房地产开发有限公司
150 150 1138103811655 北京茂庸投资有限公司
151 151 1145104032388 北京嘉洁能科技有限公司
152 152 1155103765198 北京京华都房地产开发有限公司
153 153 1170104060094 中外运－敦豪国际航空快件有限公司北
京分公司
154 154 1193104028666 北京贤珠塑料制品有限公司
155 155 1204103686617 国兴汽车服务中心
156 156 1207104037532 北京苏宁云商销售有限公司
157 157 1220103765023 北京世纪正源房地产开发有限公司
158 158 1226103689658 承德长城建设集团有限公司北京分公司
159 159 1229103978633 北京七星华电科技集团有限责任公司
160 160 1239103735667 北京神州灵山叶腊石有限公司
161 161 1252103697160 北京中科金财科技股份有限公司
162 162 1259103988174 北京丁典百维电子科技有限公司
-6-163 163 1267103620460 ＳＭＣ（中国）有限公司
164 164 1268103737154 北京正美丰业汽车服务有限公司
165 165 1273103870620 北京新凤凰城房地产开发有限公司
166 166 1282103765208 北京京华都房地产开发有限公司
167 167 1293103964780 北京经济技术投资开发总公司
168 168 1297103638817 北京新京润房地产有限公司
169 169 1317103963357 圣龙祥瑞（北京）国际广告有限公司
170 170 1318103594926 北京利祥制药有限公司
171 171 1338103965580 北京市浩天信和律师事务所
172 172 1339103800008 北京爱德发科技有限公司
173 173 1340104036112 北京泉辉和奕医疗器械有限公司
174 174 1354103601704 北京光线传媒股份有限公司
175 175 1358103620453 ＳＭＣ（中国）有限公司
176 176 1360103889016 北京尚品宅配家居用品有限公司
177 177 1372103787834 北京中润发汽车销售有限公司
178 178 1374103748307 中国兵器装备集团公司
179 179 1397103748298 中国兵器装备集团公司
180 180 1398103646677 中铁电气化局集团第一工程有限公司
181 181 1401103836411 北京中佰龙置业有限公司
182 182 1410103798850 北京市龙鼎华源房地产开发有限责任公
司
183 183 1412103989091 北京路鹏达市政工程有限责任公司
184 184 1418103665812 北京永茂建工机械制造有限公司
185 185 1422103650753 中金数据系统有限公司
186 186 1429104060085 中外运－敦豪国际航空快件有限公司北
京分公司
187 187 1453103962415 北京华彩明源科技发展有限公司
188 188 1461103962888 北京市朝阳区黑庄户乡定辛庄东村经济
合作社
189 189 1463104012549 北京绿茵蓝天园林绿化有限公司
190 190 1475103950788 北京辰源创新电气工程有限公司
191 191 1489104029911 北京众信国际旅行社股份有限公司
192 192 1492103695134 北京华恩房地产开发有限公司
193 193 1502103928495 北京市三一重机有限公司
194 194 1503104000836 北京益加益机械技术研究所
195 195 1508103977080 北京阿科普机电工程有限公司
196 196 1515103918294 北京瑞拓江南自控设备有限公司
197 197 1523103806185 北京斯利安药业有限公司
-7-198 198 1530103744454 北京市远东德力电子有限公司
199 199 1532103637833 北京安宝房地产开发有限公司
200 200 1533103729502 中国城市建设控股集团有限公司
201 201 1542104033589 中国市政工程协会城市照明专业委员会
202 202 1547103765562 北京中恒博瑞数字电力科技有限公司
203 203 1550103773730 北京新华电广影视技术有限公司
204 204 1563103792037 北京比亚迪模具有限公司
205 205 1574103895040 加多宝（中国）饮料有限公司
206 206 1575103927517 达尔凯（中国）能源管理有限公司
207 207 1603104026584 北京海之沃汽车服务有限公司
208 208 1606104027281 北方翱翔信息工程技术（北京）有限公
司
209 209 1608103736417 北京思妍丽美容有限公司
210 210 1616103741316 中船重工建筑工程设计研究院有限责任
公司
211 211 1618103998970 北京民防浩天志愿者救援队
212 212 1640103800026 北京爱德发科技有限公司
213 213 1641103627567 北京北汽九龙出租汽车股份有限公司
214 214 1654103928510 北京市三一重机有限公司
215 215 1660103800086 北京科力恒久电力技术股份有限公司
216 216 1661104035652 北京韩美药品有限公司
217 217 1667103978857 北京电影学院教育基金会
218 218 1682103598359 北京天士安国际经济技术合作有限公司
219 219 1693103966575 国金黄金集团有限公司
220 220 1694103815989 北京市金元子商贸有限公司
221 221 1695104031923 北京华奥汽车服务有限公司
222 222 1700103870223 北京青山百世服装有限公司
223 223 1707103804296 北京京东世纪信息技术有限公司
224 224 1715104050536 北京创宇晟科技发展有限公司
225 225 1721103928513 北京市三一重机有限公司
226 226 1735103686658 国兴汽车服务中心
227 227 1735103983795 北京鹏海物业管理有限公司
228 228 1738103964587 北京丰台维尔门诊部
229 229 1739103734799 北京斯普瑞斯奥特莱斯商城有限公司
230 230 1750103811662 北京茂庸投资有限公司
231 231 1756103964771 北京经济技术投资开发总公司
232 232 1757103841223 北京艺海创业国际商务会馆有限公司
233 233 1763103660122 中国民生银行股份有限公司
-8-234 234 1769103969494 国家民委招待所
235 235 1777103614234 北京嘉林药业股份有限公司
236 236 1780103734427 北京恒天财富投资管理有限公司
237 237 1792103638375 北京大卫中医医院
238 238 1801103950785 北京辰源创新电气工程有限公司
239 239 1804103956383 北京宸展科技有限公司
240 240 1825103646673 中铁电气化局集团第一工程有限公司
241 241 1832103748317 中国兵器装备集团公司
242 242 1839103962402 北京源特电气有限公司
243 243 1841103693638 北京倡衡律师事务所
244 244 1844103964779 北京经济技术投资开发总公司
245 245 1845103798853 北京市龙鼎华源房地产开发有限责任公
司
246 246 1847103602696 新湖财富投资管理有限公司
247 247 1847103742381 中化地质矿山总局
248 248 1848104052927 北京新能晟源技术咨询有限责任公司
249 249 1890104013469 北京市石景山区童年实验幼儿园
250 250 1891103811650 北京茂庸投资有限公司
251 251 1905103991199 北京合众君达汽车销售服务有限公司
252 252 1925103639986 北京怀柔学梓幼儿园
253 253 1929103942451 银海洁（北京）水处理技术有限公司
254 254 1977103984475 北京奥星雅博科技发展有限责任公司
255 255 1984103852520 中国大唐集团公司
256 256 1986104014297 中国建筑一局(集团)有限公司
257 257 1986104042832 北京光彩天承广告有限公司密云分公司
258 258 1993104060089 中外运－敦豪国际航空快件有限公司北
京分公司
259 259 1999103792033 北京比亚迪模具有限公司
260 260 2001103654308 北京同仁堂健康药品经营有限公司
261 261 2001104014292 中国建筑一局(集团)有限公司
262 262 2013103730948 北京日月房地产开发有限公司
263 263 2021103919187 北京苏通双信建筑安装工程有限公司
264 264 2024103645311 趣游科技集团有限公司
265 265 2028103816480 北京至上华韵文化传播有限公司
266 266 2037103729413 北京快客利餐饮管理有限公司
267 267 2056103819879 北京国华置业有限公司
268 268 2082103930311 北京琢玉文化发展有限公司
269 269 2094103861784 北京博诺威医药科技发展有限公司
-9-270 270 2108103950782 北京辰源创新电气工程有限公司
271 271 2110104044035 北京睿博兴科生物技术有限公司
272 272 2123103964759 北京经济技术投资开发总公司
273 273 2125103978746 北京宝灵通科技有限公司
274 274 2166103852878 北京建宏兴顺市政工程有限公司
275 275 2169103624421 北京德奥达汽车销售有限公司
276 276 2189103949981 中标时代建设有限公司
277 277 2190103977031 金银岛（北京）网络科技股份有限公司
278 278 2191104032390 北京嘉洁能科技有限公司
279 279 2193103865951 北京银座合智房地产开发有限公司
280 280 2199104018422 北京东方朝盛空调制冷工程有限公司
281 281 2210103977038 金银岛（北京）网络科技股份有限公司
282 282 2212103977037 金银岛（北京）网络科技股份有限公司
283 283 2215103978632 北京七星华电科技集团有限责任公司
284 284 2215104037543 北京苏宁云商销售有限公司
285 285 2224103931056 河南省豫建市政园林工程有限公司北京
分公司
286 286 2230103837760 北京富仁通投资有限公司
287 287 2232103988093 中包国际货运代理有限公司
288 288 2238103966577 国金黄金集团有限公司
289 289 2239103962509 北京盛德运物流有限公司
290 290 2264103811659 北京茂庸投资有限公司
291 291 2274104054579 中国（香港）品牌认证协会有限公司北
京代表处
292 292 2278103650531 锦州银行股份有限公司北京分行
293 293 2280103914925 蓝港在线（北京）科技有限公司
294 294 2282103791132 北京美德嘉华科技发展有限公司
295 295 2350104001934 北京市中创律师事务所
296 296 2351103702702 北京巴瑞医疗器械有限公司
297 297 2351103964751 北京经济技术投资开发总公司
298 298 2357103816448 北京市金台律师事务所
299 299 2360103755541 北京市房山区交通安全管理协会
300 300 2361103870650 北京新凤凰城房地产开发有限公司
301 301 2363103734440 北京恒天财富投资管理有限公司
302 302 2393103734423 北京恒天财富投资管理有限公司
303 303 2395103760989 北京睿博美佳商贸有限公司
304 304 2396103773703 北京新华电广影视技术有限公司
305 305 2407103834905 北京百富达物流有限责任公司
-10-306 306 2411103966581 国金黄金集团有限公司
307 307 2424103852500 中国大唐集团公司
308 308 2426103953269 北京步之跃商贸有限公司
309 309 2438103760984 北京睿博美佳商贸有限公司
310 310 2446104029784 北京汉威大厦物业有限公司
311 311 2487103889019 北京尚品宅配家居用品有限公司
312 312 2497103637767 北京安宝房地产开发有限公司
313 313 2505103735934 北京润东酒店管理有限公司
314 314 2518103695213 北京地源达房地产开发有限公司
315 315 2523103839386 北京壹人壹本信息科技有限公司
316 316 2531103737388 新浪网技术（中国）有限公司
317 317 2545103950787 北京辰源创新电气工程有限公司
318 318 2551103819844 北京华贸奥苑房地产开发有限公司
319 319 2552103791194 北京鼎甲未来科技有限公司
320 320 2568104037540 北京苏宁云商销售有限公司
321 321 2579104028788 北京莲顺合灯饰有限公司
322 322 2595103811645 北京茂庸投资有限公司
323 323 2595103997193 北京指南针科技发展股份有限公司
324 324 2599104026614 北京晟唐嘉禾艺术有限公司
325 325 2623103925925 北京腾云天下科技有限公司
326 326 2632103786626 中国光大银行股份有限公司信用卡中心
327 327 2644103823051 北京乐鑫远程建筑机械租赁有限公司
328 328 2655103980909 北京玉泉万家顺综合市场有限公司
329 329 2665103787827 北京中润发汽车销售有限公司
330 330 2667103964754 北京经济技术投资开发总公司
331 331 2676103784581 北京窝窝团信息技术有限公司
332 332 2676103945358 北京安通永福停车场
333 333 2678103627727 中投发展有限责任公司
334 334 2698103736510 北京华瑞富达科技有限公司
335 335 2719103953506 北京市巨龙工程有限公司
336 336 2725103889022 北京尚品宅配家居用品有限公司
337 337 2728103622993 北京市自来水集团有限责任公司
338 338 2741104045228 信社科技（北京）有限公司
339 339 2742103760977 北京睿博美佳商贸有限公司
340 340 2751103960912 贝壳网际（北京）安全技术有限公司
341 341 2753103980710 维特瑞控制工程技术（北京）有限公司
342 342 2756103615277 德勤华永会计师事务所（特殊普通合伙
）北京分所
-11-343 343 2767103609092 舆情战略研究中心
344 344 2779103837673 北京德茂建筑工程有限公司
345 345 2780103980711 维特瑞控制工程技术（北京）有限公司
346 346 2783104012548 北京绿茵蓝天园林绿化有限公司
347 347 2796103695751 北京福瑞通科技有限公司
348 348 2812103800009 北京爱德发科技有限公司
349 349 2820103964758 北京经济技术投资开发总公司
350 350 2829103751730 北京市大兴区恒督交通安全技术研究所
351 351 2844103800022 北京爱德发科技有限公司
352 352 2852103594920 北京利祥制药有限公司
353 353 2873104035381 北京珍顺嘉业贸易有限公司
354 354 2881103964766 北京经济技术投资开发总公司
355 355 2885103989090 北京路鹏达市政工程有限责任公司
356 356 2887103597719 中国黄金集团营销有限公司
357 357 2903104035650 北京韩美药品有限公司
358 358 2904104037535 北京苏宁云商销售有限公司
359 359 2913103802884 北京市海淀区教育改革发展研究会
360 360 2921103977043 金银岛（北京）网络科技股份有限公司
361 361 2921104032392 北京嘉洁能科技有限公司
362 362 2928103621142 北京鸿坤伟业房地产开发有限公司
363 363 2930103989097 北京路鹏达市政工程有限责任公司
364 364 2933103988603 北京创峰宏业科技有限公司
365 365 2935104057764 亮克威泽（北京）涂料科技有限公司
366 366 2941103637603 北京比亚迪模具有限公司
367 367 2946103883706 高晟财富（北京）投资管理有限公司
368 368 2964103978635 北京七星华电科技集团有限责任公司
369 369 2967103839098 中泰创展控股有限公司
370 370 2976103836478 北京同仁堂京北企业管理有限公司
371 371 2978104013626 北京本草方源药业有限公司
372 372 2988103951497 北京联众互动网络股份有限公司
373 373 2989103960916 贝壳网际（北京）安全技术有限公司
374 374 3003103965358 北京市朝阳区美妤世家职业技能培训学
校
375 375 3005103975756 北京民生现代美术馆
376 376 3008103773728 北京新华电广影视技术有限公司
377 377 3018103748716 中关村发展集团股份有限公司
378 378 3024103798876 北京市龙鼎华源房地产开发有限责任公
司
-12-379 379 3025103769536 北京市国泰恒基建筑劳务分包有限公司
380 380 3081103932542 北京江西企业商会木业家具行业分会
381 381 3083103774085 中国职工之家
382 382 3094104011098 北京伟业联合房地产顾问有限公司
383 383 3100103936534 北京庭浒广告有限公司
384 384 3107103645394 江河创建集团股份有限公司
385 385 3135103923289 北京雅瑞斯特阀门有限公司
386 386 3150103936292 北京市顺义区金担协会
387 387 3158103756502 北京天视润辰智能系统工程技术有限公
司
388 388 3164103748321 中国兵器装备集团公司
389 389 3176103960205 北京城成伟业装饰有限公司
390 390 3179104011103 北京伟业联合房地产顾问有限公司
391 391 3179104011104 北京伟业联合房地产顾问有限公司
392 392 3187103962323 北京锐意兴汽车文化传播有限公司
393 393 3212103798848 北京市龙鼎华源房地产开发有限责任公
司
394 394 3230103685798 北京市建筑设计研究院有限公司
395 395 3233103964752 北京经济技术投资开发总公司
396 396 3251103956340 北京丰华源国际贸易有限公司
397 397 3256103637829 北京安宝房地产开发有限公司
398 398 3257103750763 北京鼎泰瑞宏科技有限公司
399 399 3264103836401 北京中佰龙置业有限公司
400 400 3280103674917 北京北星行汽车销售有限公司
401 401 3289103964760 北京经济技术投资开发总公司
402 402 3292103730955 北京日月房地产开发有限公司
403 403 3301103964804 北京智锐纵横科技发展有限公司
404 404 3325104031208 北京意达观企展览展示有限公司
405 405 3326103960914 贝壳网际（北京）安全技术有限公司
406 406 3337103876244 北京市都城律师事务所
407 407 3350103632426 北京盘古氏投资有限公司
408 408 3352103880342 北京网康科技有限公司
409 409 3374103968190 北京市权达律师事务所
410 410 3382104028415 北京佰能电气技术有限公司
411 411 3383103819393 北京京泰同成置业有限公司
412 412 3394104032204 新幕（北京）商贸有限公司
413 413 3403103961875 北京中关村丰台园道丰科技商务园建设
发展有限公司
-13-414 414 3408103811648 北京茂庸投资有限公司
415 415 3408104026406 知娱智乐（北京）文化传播有限公司
416 416 3416103637784 北京安宝房地产开发有限公司
417 417 3437103895041 加多宝（中国）饮料有限公司
418 418 3439103632446 北京盘古氏投资有限公司
419 419 3448103695947 北京天越门窗制造有限公司
420 420 3462103806180 北京斯利安药业有限公司
421 421 3462103951491 北京联众互动网络股份有限公司
422 422 3465103964774 北京经济技术投资开发总公司
423 423 3470103962575 北京太行鲁艺木制品有限公司
424 424 3473104018975 北京建欣业机电工程技术有限公司
425 425 3492104017098 北京市晟信律师事务所
426 426 3505103836476 北京同仁堂京北企业管理有限公司
427 427 3506103977082 北京阿科普机电工程有限公司
428 428 3520103870522 北京触控爱普科技有限公司
429 429 3535103765837 北京市西城区水木培训学校
430 430 3539103615942 北京人类生态工程学会
431 431 3539103658182 北京金宝房地产开发有限公司
432 432 3544103760975 北京睿博美佳商贸有限公司
433 433 3544103872731 北京融和创科技有限公司
434 434 3582104016078 北京恒生醇逸贸易有限公司
435 435 3588103806171 北京斯利安药业有限公司
436 436 3592103773412 北京圣运律师事务所
437 437 3596103627710 中投发展有限责任公司
438 438 3614103961552 蓝十字生物药业（北京）有限公司
439 439 3624104011100 北京伟业联合房地产顾问有限公司
440 440 3626103811663 北京茂庸投资有限公司
441 441 3629103626934 北京三聚环保新材料股份有限公司
442 442 3633103770181 北京华京律师事务所
443 443 3639103978628 北京七星华电科技集团有限责任公司
444 444 3640103760496 北京恒远恒信科技发展有限公司
445 445 3649103654315 北京同仁堂健康药品经营有限公司
446 446 3653103770128 北京市东城区艺德前程职业技能培训学
校
447 447 3678103786603 中国光大银行股份有限公司信用卡中心
448 448 3680103794948 泛玛散料处理技术（北京）有限公司
449 449 3688103989096 北京路鹏达市政工程有限责任公司
450 450 3694104018155 北京国信国际贸易有限公司
-14-451 451 3721103819718 古陶文明博物馆
452 452 3721103823300 北京天高隔膜压缩机有限公司
453 453 3723103798861 北京市龙鼎华源房地产开发有限责任公
司
454 454 3730103662254 北京天成瑞源电缆有限公司
455 455 3732103839101 中泰创展控股有限公司
456 456 3739103766394 纳新塑化（上海）有限公司北京分公司
457 457 3747103972856 北京科宇通商贸有限责任公司
458 458 3771103839394 北京壹人壹本信息科技有限公司
459 459 3790103975716 北京北方创业出租汽车有限公司
460 460 3796103783559 众志恒阳（北京）工业设备有限公司
461 461 3801103836415 北京中佰龙置业有限公司
462 462 3802103968494 北京瑞升发金属管件有限公司
463 463 3817103969224 北京韩美药品有限公司
464 464 3818103910122 北京瑞征汽车贸易有限公司
465 465 3823103615001 北京鼎合金通经贸有限责任公司
466 466 3828103771801 北京市渠道网络技术开发有限公司
467 467 3855103798852 北京市龙鼎华源房地产开发有限责任公
司
468 468 3855103977033 金银岛（北京）网络科技股份有限公司
469 469 3856103695952 北京天越门窗制造有限公司
470 470 3911103695950 北京天越门窗制造有限公司
471 471 3911103928512 北京市三一重机有限公司
472 472 3912103928517 北京市三一重机有限公司
473 473 3922103934186 北京必创科技有限公司
474 474 3926103837698 北京国服信奥兴汽车有限公司
475 475 3940103930588 北京科学教育发展基金会
476 476 3941103918823 北京古林机电电器制造中心
477 477 3951103702724 北京巴瑞医疗器械有限公司
478 478 3954103928509 北京市三一重机有限公司
479 479 3959104024423 北京市精诚艺铁工贸有限公司
480 480 3960103836403 北京中佰龙置业有限公司
481 481 3961103978991 北京金桔畅想科技有限公司
482 482 3971103971199 北京科源科金属材料有限公司
483 483 3974104029916 北京众信国际旅行社股份有限公司
484 484 3977103951492 北京联众互动网络股份有限公司
485 485 3991103747676 北京市金韵达速递有限公司
486 486 3992103595900 北京海顺德钛催化剂有限公司
-15-487 487 3998103774056 环时互动（北京）科技有限公司
488 488 3999103980712 维特瑞控制工程技术（北京）有限公司
489 489 4003103982931 北京金诚同达律师事务所
490 490 4004103890883 北京市平谷区南独乐河镇敬老院
491 491 4004103978871 北京农投诚兴小额贷款股份有限公司
492 492 4023103931494 国研中电（北京）咨询有限公司
493 493 4024104060090 中外运－敦豪国际航空快件有限公司北
京分公司
494 494 4034103930058 北京市汉荣律师事务所
495 495 4045103789376 北京岱摩斯变速器有限公司
496 496 4045104029919 北京众信国际旅行社股份有限公司
497 497 4046103873972 北京天时新瑞设计咨询有限公司
498 498 4055103989088 北京路鹏达市政工程有限责任公司
499 499 4057103798866 北京市龙鼎华源房地产开发有限责任公
司
500 500 4057103804295 北京京东世纪信息技术有限公司
501 501 4067104013623 北京本草方源药业有限公司
502 502 4069103735385 北京精正兴工程建设监理有限公司
503 503 4077104014294 中国建筑一局(集团)有限公司
504 504 4087104028304 北京瑞利腾飞科贸有限公司
505 505 4098104016241 北京博爱堂中医门诊部
506 506 4106103964777 北京经济技术投资开发总公司
507 507 4115103806175 北京斯利安药业有限公司
508 508 4119103811077 迈恩德（北京）电子有限公司
509 509 4129103627592 北京以岭药业有限公司
510 510 4129103674936 北京北星行汽车销售有限公司
511 511 4144103650537 锦州银行股份有限公司北京分行
512 512 4183103614242 北京嘉林药业股份有限公司
513 513 4206103881312 中兆源（北京）典当有限公司
514 514 4214103989095 北京路鹏达市政工程有限责任公司
515 515 4229103944489 北京国宏文化产业发展院
516 516 4252103686653 国兴汽车服务中心
517 517 4256103748678 北京车之家信息技术有限公司
518 518 4264103925178 北京合聚数字技术有限公司
519 519 4265103623598 北京首都航空有限公司
520 520 4266103961995 央广幸福购物（北京）有限公司
521 521 4271103800023 北京爱德发科技有限公司
522 522 4283103977083 北京阿科普机电工程有限公司
-16-523 523 4290103953507 北京市巨龙工程有限公司
524 524 4291103998789 北京友宝科斯科贸有限公司
525 525 4299104041394 北京盛世远景科技发展有限公司
526 526 4308103965315 北京精诚益德商贸有限公司
527 527 4311103632230 北京亚奥之星汽车服务有限公司
528 528 4319103637786 北京安宝房地产开发有限公司
529 529 4354103816536 北京市亚奥律师事务所
530 530 4359103674962 北京北星行汽车销售有限公司
531 531 4363104004348 北京卓飞电子科技有限公司
532 532 4368103852501 中国大唐集团公司
533 533 4371104037538 北京苏宁云商销售有限公司
534 534 4376103980715 维特瑞控制工程技术（北京）有限公司
535 535 4377103839097 中泰创展控股有限公司
536 536 4378104036111 北京泉辉和奕医疗器械有限公司
537 537 4384104006290 乐视网信息技术（北京）股份有限公司
538 538 4400103735933 北京润东酒店管理有限公司
539 539 4404103996419 福建省宁德市人民政府驻北京联络处
540 540 4424103760517 北京恒远恒信科技发展有限公司
541 541 4447103794951 泛玛散料处理技术（北京）有限公司
542 542 4469103977039 金银岛（北京）网络科技股份有限公司
543 543 4471104049770 北京华星擘达物业管理有限公司
544 544 4481103789372 北京岱摩斯变速器有限公司
545 545 4483104037541 北京苏宁云商销售有限公司
546 546 4488103961880 北京中关村丰台园道丰科技商务园建设
发展有限公司
547 547 4488104060088 中外运－敦豪国际航空快件有限公司北
京分公司
548 548 4497103978629 北京七星华电科技集团有限责任公司
549 549 4501103927518 达尔凯（中国）能源管理有限公司
550 550 4519103670454 北京场道市政工程集团有限公司
551 551 4521103962102 克里斯汀滚刷制造（北京）有限公司
552 552 4535103597641 中国黄金集团黄金珠宝有限公司
553 553 4547103928511 北京市三一重机有限公司
554 554 4548103676591 西马克技术（北京）有限公司
555 555 4565103623599 北京首都航空有限公司
556 556 4595103880970 中国农业银行股份有限公司
557 557 4601103883046 北京市海淀区跨考培训学校
558 558 4620103655800 北京奥普行汽车检测设备开发有限公司
-17-559 559 4636103798871 北京市龙鼎华源房地产开发有限责任公
司
560 560 4648103597640 中国黄金集团黄金珠宝有限公司
561 561 4652103989089 北京路鹏达市政工程有限责任公司
562 562 4654103852505 中国大唐集团公司
563 563 4668103748594 北京齐尔布莱特科技有限公司
564 564 4683103836397 北京中佰龙置业有限公司
565 565 4692103656414 北京奥顺成科技有限公司
566 566 4708103978631 北京七星华电科技集团有限责任公司
567 567 4711103943172 北京金博众科技有限公司
568 568 4711104050484 和君智业管理顾问（北京）有限公司
569 569 4731104016114 北京汇能橡塑化工有限公司
570 570 4752103969225 北京韩美药品有限公司
571 571 4756103959051 通州区永乐店镇德仁务中街村村民委员
会
572 572 4775103982915 北京友谊宾馆
573 573 4775104033531 俄罗斯航空运输有限公司北京代表处
574 574 4779103918844 北京古林机电电器制造中心
575 575 4789103966580 国金黄金集团有限公司
576 576 4823103623697 北京市房山区水务技术服务中心
577 577 4828103792773 北京晒客天地科技有限公司
578 578 4840104041790 北京市朝阳区王四营乡道口大队村民委
员会
579 579 4849103967757 北京汇海中医医院
580 580 4853103870426 北京触控科技有限公司
581 581 4857103978634 北京七星华电科技集团有限责任公司
582 582 4876103928505 北京市三一重机有限公司
583 583 4879104060097 中外运－敦豪国际航空快件有限公司北
京分公司
584 584 4883104033389 北京京科瑞达科技有限公司
585 585 4898103839387 北京壹人壹本信息科技有限公司
586 586 4924103628309 北京信威通信技术股份有限公司
587 587 4925103765588 北京中恒博瑞数字电力科技有限公司
588 588 4935104037171 北京市海淀区啄木鸟教育培训学校
589 589 4940103839409 北京壹人壹本信息科技有限公司
590 590 4958103806190 北京斯利安药业有限公司
591 591 4979103747672 北京市金韵达速递有限公司
592 592 4979103928502 北京市三一重机有限公司
-18-593 593 4980103928494 北京市三一重机有限公司
594 594 4981103692857 北京巴瑞医疗器械有限公司
595 595 5000103806186 北京斯利安药业有限公司
596 596 5013103773743 北京新华电广影视技术有限公司
597 597 5031103800005 北京爱德发科技有限公司
598 598 5038103964772 北京经济技术投资开发总公司
599 599 5038104057723 亮克威泽（北京）涂料科技有限公司
600 600 5045103928271 北京瑞宝利热能科技有限公司
601 601 5050104037537 北京苏宁云商销售有限公司
602 602 5061103693223 北京侨福置业有限公司
603 603 5065103621138 北京鸿坤伟业房地产开发有限公司
604 604 5068103894945 北京市房山区才艺OK幼儿园
605 605 5068104014301 中国建筑一局(集团)有限公司
606 606 5069103958165 北京市顺义后沙峪活动房屋厂
607 607 5079103681971 北京新机场建设指挥部
608 608 5087103695101 北京华恩房地产开发有限公司
609 609 5091103895024 加多宝（中国）饮料有限公司
610 610 5114104000120 北京莱维塞尔科技有限公司
611 611 5116103928504 北京市三一重机有限公司
612 612 5126103928515 北京市三一重机有限公司
613 613 5147104029906 北京众信国际旅行社股份有限公司
614 614 5150103988193 北京市隆安律师事务所
615 615 5152103760979 北京睿博美佳商贸有限公司
616 616 5159103870621 北京新凤凰城房地产开发有限公司
617 617 5164103925427 北京市通州区梨园地区高楼金村民委员
会
618 618 5190103628320 北京信威通信技术股份有限公司
619 619 5197103748680 北京车之家信息技术有限公司
620 620 5199103997192 北京指南针科技发展股份有限公司
621 621 5201103961303 北京星宇时空科贸有限公司
622 622 5203104036113 北京泉辉和奕医疗器械有限公司
623 623 5241103928493 北京市三一重机有限公司
624 624 5281103960913 贝壳网际（北京）安全技术有限公司
625 625 5283103964769 北京经济技术投资开发总公司
626 626 5284103735810 北京波士通达汽车销售服务有限公司
627 627 5319103799410 北京市红十字会和平医院
628 628 5322103665810 北京永茂建工机械制造有限公司
629 629 5342103804297 北京京东世纪信息技术有限公司
-19-630 630 5356103685834 北京市建筑设计研究院有限公司
631 631 5358103964753 北京经济技术投资开发总公司
632 632 5358103977045 金银岛（北京）网络科技股份有限公司
633 633 5369103964761 北京经济技术投资开发总公司
634 634 5377103836408 北京中佰龙置业有限公司
635 635 5403103741320 中船重工建筑工程设计研究院有限责任
公司
636 636 5408103910376 北京爱迪科森教育科技股份有限公司
637 637 5416103859135 北京万家灯火家居装饰市场有限公司
638 638 5416103966576 国金黄金集团有限公司
639 639 5426103693617 北京颖泰嘉和生物科技有限公司
640 640 5426103770687 中铁资源集团有限公司
641 641 5442103839395 北京壹人壹本信息科技有限公司
642 642 5452103737155 北京正美丰业汽车服务有限公司
643 643 5459104037539 北京苏宁云商销售有限公司
644 644 5462103748595 北京齐尔布莱特科技有限公司
645 645 5473103626508 北京华滨投资有限公司华滨国际大酒店
646 646 5481103960915 贝壳网际（北京）安全技术有限公司
647 647 5491104029909 北京众信国际旅行社股份有限公司
648 648 5493103979258 北京中环鑫融酒店管理有限公司
649 649 5513104028413 北京佰能电气技术有限公司
650 650 5515103796853 范德联科（北京）国际管理咨询有限公
司
651 651 5533103991591 北京沃尔德超硬工具有限公司
652 652 5536103819058 北京联合兴辰机电设备有限公司
653 653 5558104014295 中国建筑一局(集团)有限公司
654 654 5591103980718 维特瑞控制工程技术（北京）有限公司
655 655 5618103926883 北京市海淀区翠湖敬老院
656 656 5623103787828 北京中润发汽车销售有限公司
657 657 5629103615113 北京易车互联信息技术有限公司
658 658 5644103734419 北京恒天财富投资管理有限公司
659 659 5646103748666 北京车之家信息技术有限公司
660 660 5667104014296 中国建筑一局(集团)有限公司
661 661 5673103945667 瑞升发达（北京）国际贸易有限公司
662 662 5676104028552 北京金信宇航科技有限公司
663 663 5677104069185 中国企业投资协会
664 664 5687103644927 北京华信通电讯有限公司
665 665 5696104085150 北京市朝阳区金色青少年体育俱乐部
-20-666 666 5705103650528 锦州银行股份有限公司北京分行
667 667 5716103870646 北京新凤凰城房地产开发有限公司
668 668 5716104029907 北京众信国际旅行社股份有限公司
669 669 5721103627707 中投发展有限责任公司
670 670 5723104029788 北京汉威大厦物业有限公司
671 671 5734103836159 北京杭州企业商会
672 672 5748103928520 北京市三一重机有限公司
673 673 5757103605095 江苏省苏中建设集团股份有限公司北京
通州分公司
674 674 5757103756942 亿利公益基金会
675 675 5767103760515 北京恒远恒信科技发展有限公司
676 676 5770103912087 北京昊天思非商贸有限公司
677 677 5771103650549 锦州银行股份有限公司北京分行
678 678 5773103638819 北京新京润房地产有限公司
679 679 5775103759932 北京国信创新科技有限公司
680 680 5786103614221 北京嘉林药业股份有限公司
681 681 5789103693073 北京升华电梯有限公司
682 682 5792103662403 中国长城资产管理公司北京办事处
683 683 5793103928498 北京市三一重机有限公司
684 684 5794103798867 北京市龙鼎华源房地产开发有限责任公
司
685 685 5809103951496 北京联众互动网络股份有限公司
686 686 5825103627605 北京以岭药业有限公司
687 687 5837103765022 北京世纪正源房地产开发有限公司
688 688 5842103807765 萨马兰奇体育发展基金会
689 689 5854103734425 北京恒天财富投资管理有限公司
690 690 5863103824618 北京捷亚泰汽贸有限公司
691 691 5867103677062 欧文托普（中国）暖通空调系统技术有
限公司
692 692 5869103951166 西化仪（北京）科技有限公司
693 693 5874103959898 北京城建二新奥设备租赁有限公司
694 694 5878103962676 北京洪天力药业有限公司
695 695 5884103856941 中国人民解放军空军装备研究院蓝天幼
儿园
696 696 5899103680171 北京市实现者律师事务所
697 697 5900103962876 北京翔燕凯杰科技有限公司
698 698 5903103786491 北京京豫弘园林绿化有限公司
699 699 5910103883709 高晟财富（北京）投资管理有限公司
-21-700 700 5921103801906 北京中瑞蓝科电动汽车技术有限公司
701 701 5923103605755 北京通发动经贸有限公司
702 702 5931103875831 北京市通州区马驹桥镇大杜社村村民委
员会
703 703 5937104014300 中国建筑一局(集团)有限公司
704 704 5939104026582 北京海之沃汽车服务有限公司
705 705 5956103741319 中船重工建筑工程设计研究院有限责任
公司
706 706 5956104011313 上海青旅国际货运有限公司北京分公司
707 707 5959103966063 北京浙超达阀门有限公司
708 708 5962103597626 中国黄金集团黄金珠宝有限公司
709 709 5965103747675 北京市金韵达速递有限公司
710 710 5973104031349 北京华辰悦科技有限公司
711 711 5976103748640 北京齐尔布莱特科技有限公司
712 712 5981103857177 北京古城房地产开发有限公司
713 713 5985103964767 北京经济技术投资开发总公司
714 714 5989103744456 北京市远东德力电子有限公司
715 715 5991104008718 北京市武术运动协会空手道委员会
716 716 5998103592618 北京骏东汽车销售服务有限公司
717 717 6001103914928 蓝港在线（北京）科技有限公司
718 718 6002103896911 北京长虹佳华智能系统有限公司
719 719 6003103974388 北京市房山区民仁学校
720 720 6015103980714 维特瑞控制工程技术（北京）有限公司
721 721 6015104011099 北京伟业联合房地产顾问有限公司
722 722 6016103620464 ＳＭＣ（中国）有限公司
723 723 6046103837554 北京五环三精帐篷厂
724 724 6047104032184 北京宏远信诚汽车销售有限公司
725 725 6051103928499 北京市三一重机有限公司
726 726 6051103961877 北京中关村丰台园道丰科技商务园建设
发展有限公司
727 727 6052103909024 北京市园林古建设计研究院有限公司
728 728 6056103895029 加多宝（中国）饮料有限公司
729 729 6063103765193 北京京华都房地产开发有限公司
730 730 6089103674944 北京北星行汽车销售有限公司
731 731 6097104060087 中外运－敦豪国际航空快件有限公司北
京分公司
732 732 6102103980745 北京晶品伟业纸制品有限公司
733 733 6145103736412 北京思妍丽美容有限公司
-22-734 734 6148104032389 北京嘉洁能科技有限公司
735 735 6160103999764 北京京源水仪器仪表有限公司
736 736 6162103692837 北京巴瑞医疗器械有限公司
737 737 6165103739745 北京晟世博惟广告有限公司
738 738 6168103787078 北京江海电气安装有限公司
739 739 6170103760181 北京润泽庄苑房地产开发有限公司
740 740 6174103824595 休闲垂钓协会
741 741 6182103823591 北京中关村开发建设股份有限公司第四
建筑工程分公司
742 742 6184103989094 北京路鹏达市政工程有限责任公司
743 743 6191103656773 森特士兴集团股份有限公司
744 744 6193103977036 金银岛（北京）网络科技股份有限公司
745 745 6198103774074 中国职工之家
746 746 6210103951493 北京联众互动网络股份有限公司
747 747 6210103978961 北京博工伟业文化传播有限责任公司
748 748 6215103794863 北京九和药业有限公司
749 749 6221103951495 北京联众互动网络股份有限公司
750 750 6234103823160 北京银融科技有限责任公司
751 751 6247103914927 蓝港在线（北京）科技有限公司
752 752 6254103740837 北京恒嘉国际融资租赁有限公司
753 753 6254104021310 北京燕京科技有限公司
754 754 6264103765194 北京京华都房地产开发有限公司
755 755 6277104029910 北京众信国际旅行社股份有限公司
756 756 6278103787822 北京中润发汽车销售有限公司
757 757 6285103990730 通州区永乐店镇后马坊村村民委员会
758 758 6298103953537 北京金力达房地产开发有限公司
759 759 6313103961551 蓝十字生物药业（北京）有限公司
760 760 6326104037533 北京苏宁云商销售有限公司
761 761 6360103982906 北京中进万国汽车销售服务有限公司
762 762 6368103729708 北京天华北方建筑设计有限公司
763 763 6368103761101 北京乔治费歇尔管路系统有限公司
764 764 6380103892970 北京怀建集团辰辉建筑工程有限公司
765 765 6385103895035 加多宝（中国）饮料有限公司
766 766 6389103777131 延庆县八达岭镇石峡村民委员会
767 767 6392103819881 北京国华置业有限公司
768 768 6399103595908 北京海顺德钛催化剂有限公司
769 769 6400103841221 北京艺海创业国际商务会馆有限公司
770 770 6400103872629 恒有源科技发展集团有限公司
-23-771 771 6411103734420 北京恒天财富投资管理有限公司
772 772 6415103747669 北京市金韵达速递有限公司
773 773 6422103748311 中国兵器装备集团公司
774 774 6444104021299 北京昆泰嘉华房地产经营有限公司酒店
分公司
775 775 6474103798872 北京市龙鼎华源房地产开发有限责任公
司
776 776 6477103982916 北京友谊宾馆
777 777 6555103787817 北京中润发汽车销售有限公司
778 778 6559103799932 北京市西城区广外老年公寓
779 779 6572103758116 新理财杂志社
780 780 6575103953668 北京市破产法学会
781 781 6579103978585 北京爱心传递老人关爱中心
782 782 6585103951499 北京联众互动网络股份有限公司
783 783 6596103975714 北京北方创业出租汽车有限公司
784 784 6599104060086 中外运－敦豪国际航空快件有限公司北
京分公司
785 785 6600104029908 北京众信国际旅行社股份有限公司
786 786 6604103997191 北京指南针科技发展股份有限公司
787 787 6606103670621 北京法昂律师事务所
788 788 6609103614231 北京嘉林药业股份有限公司
789 789 6610103806183 北京斯利安药业有限公司
790 790 6624103748308 中国兵器装备集团公司
791 791 6626103748632 北京齐尔布莱特科技有限公司
792 792 6648103988888 北京鑫诺兴科生物科技发展有限公司
793 793 6659103976929 北京元鼎时代科技股份有限公司
794 794 6669103837696 北京国服信奥兴汽车有限公司
795 795 6673103771477 北京朝音信德贸易有限公司
796 796 6683103968847 北京市百宸律师事务所
797 797 6683103975713 北京北方创业出租汽车有限公司
798 798 6691103735811 北京波士通达汽车销售服务有限公司
799 799 6697103983001 中机港融建设工程有限公司
800 800 6698103798873 北京市龙鼎华源房地产开发有限责任公
司
801 801 6707103797574 北京医师协会
802 802 6711103983122 北京信索营销咨询有限公司
803 803 6723103962516 北京友诚恒业商贸有限责任公司
804 804 6729103634803 北京兴华会计师事务所有限责任公司
-24-805 805 6747103982056 北京市圆融律师事务所
806 806 6753103977044 金银岛（北京）网络科技股份有限公司
807 807 6760103870645 北京新凤凰城房地产开发有限公司
808 808 6772103627603 北京以岭药业有限公司
809 809 6788103759933 北京国信创新科技有限公司
810 810 6804103744671 昆吾九鼎投资管理有限公司
811 811 6810103788610 北京华夏聚龙自动化股份公司
812 812 6826103747671 北京市金韵达速递有限公司
813 813 6829103895039 加多宝（中国）饮料有限公司
814 814 6830103769123 北京中安宾馆
815 815 6835103836406 北京中佰龙置业有限公司
816 816 6849103966578 国金黄金集团有限公司
817 817 6860103961881 北京中关村丰台园道丰科技商务园建设
发展有限公司
818 818 6865103748634 北京齐尔布莱特科技有限公司
819 819 6868103951490 北京联众互动网络股份有限公司
820 820 6873103898034 贝拉吉奥（北京）餐饮管理有限公司
821 821 6890103852522 中国大唐集团公司
822 822 6894103731126 北京十二年管理顾问有限公司
823 823 6902103732206 北京华脉诚信科技有限公司
824 824 6905103961883 北京中关村丰台园道丰科技商务园建设
发展有限公司
825 825 6907103698804 北京市盛都律师事务所
826 826 6909103885334 北京明儒律师事务所
827 827 6932103877770 北京小西保健食品有限公司
828 828 6941103731185 北京博迪律师事务所
829 829 6942103870654 北京新凤凰城房地产开发有限公司
830 830 6945103634802 北京兴华会计师事务所有限责任公司
831 831 6945103990443 北京乐乐嘉医学技术有限公司
832 832 6946103765585 北京中恒博瑞数字电力科技有限公司
833 833 6946103806172 北京斯利安药业有限公司
834 834 6947104041767 北京市朝阳区王四营乡道口村经济合作
社
835 835 6948103876115 北京市电信工程局有限公司
836 836 6949103815744 北京雷诺轻板有限责任公司
837 837 6950103685804 北京市建筑设计研究院有限公司
838 838 6967104037534 北京苏宁云商销售有限公司
839 839 6981103956091 北京市房山区青龙湖镇岗上村村民委员
会
-25-840 840 6983103792772 北京晒客天地科技有限公司
841 841 6992103959592 中国艺术教育促进会
842 842 7003103770712 北京磨铁图书有限公司
843 843 7018103877527 北京金运律师事务所
844 844 7040103744674 昆吾九鼎投资管理有限公司
845 845 7045103656785 森特士兴集团股份有限公司
846 846 7049103650536 锦州银行股份有限公司北京分行
847 847 7069103760509 北京恒远恒信科技发展有限公司
848 848 7069103980709 维特瑞控制工程技术（北京）有限公司
849 849 7075103823603 北京中关村开发建设股份有限公司第四
建筑工程分公司
850 850 7075103964773 北京经济技术投资开发总公司
851 851 7084104006288 乐视网信息技术（北京）股份有限公司
852 852 7086103964763 北京经济技术投资开发总公司
853 853 7094103765015 北京世纪正源房地产开发有限公司
854 854 7096103792307 北京华新安科科技有限公司
855 855 7116103729415 北京快客利餐饮管理有限公司
856 856 7120103644951 北京章光101科技股份有限公司
857 857 7127103765325 北京城乡一建设工程有限责任公司
858 858 7136104037530 北京苏宁云商销售有限公司
859 859 7171103629029 建峰建设集团股份有限公司
860 860 7171103888936 北京中皓艺达技术发展有限公司
861 861 7178103811665 北京茂庸投资有限公司
862 862 7189103991590 北京沃尔德超硬工具有限公司
863 863 7216103960907 贝壳网际（北京）安全技术有限公司
864 864 7219104028414 北京佰能电气技术有限公司
865 865 7226103883707 高晟财富（北京）投资管理有限公司
866 866 7240103590301 北京东方人学中心
867 867 7242103857178 北京古城房地产开发有限公司
868 868 7260103971909 北京市三一重机有限公司
869 869 7261103685843 北京市建筑设计研究院有限公司
870 870 7268103910348 卡尔拉得优胜汽车修复系统（北京）有
限公司
871 871 7269103880345 北京网康科技有限公司
872 872 7275103895326 北京三合嘉逸置业有限公司
873 873 7279103964757 北京经济技术投资开发总公司
874 874 7303103910374 北京爱迪科森教育科技股份有限公司
875 875 7312103960909 贝壳网际（北京）安全技术有限公司
-26-876 876 7325103928497 北京市三一重机有限公司
877 877 7333103964770 北京经济技术投资开发总公司
878 878 7351103880348 北京网康科技有限公司
879 879 7351103964768 北京经济技术投资开发总公司
880 880 7371103928519 北京市三一重机有限公司
881 881 7380103964764 北京经济技术投资开发总公司
882 882 7381103950786 北京辰源创新电气工程有限公司
883 883 7394103806176 北京斯利安药业有限公司
884 884 7396103594934 北京利祥制药有限公司
885 885 7396103870944 依文服饰股份有限公司
886 886 7404103990364 北京朝阳急诊抢救中心
887 887 7415103621139 北京鸿坤伟业房地产开发有限公司
888 888 7421103991200 北京合众君达汽车销售服务有限公司
889 889 7424103895044 加多宝（中国）饮料有限公司
890 890 7430104037536 北京苏宁云商销售有限公司
891 891 7440103798116 北京泓毅博泰机电设备有限公司
892 892 7452103811661 北京茂庸投资有限公司
893 893 7453103797947 北京市大兴区建设工程发包承包交易中
心
894 894 7454103614237 北京嘉林药业股份有限公司
895 895 7454103990932 北京恒商电力市政工程有限责任公司
896 896 7471103836407 北京中佰龙置业有限公司
897 897 7474103784880 北京传奇建筑设计有限公司
898 898 7478103783028 北京胜多商贸有限责任公司
899 899 7482103964995 北京市泽和律师事务所
900 900 7489103784390 北京金佳景汽车销售有限公司
901 901 7490103914926 蓝港在线（北京）科技有限公司
902 902 7494103990931 北京恒商电力市政工程有限责任公司
903 903 7510103836396 北京中佰龙置业有限公司
904 904 7510103979051 北京市平谷区夏各庄镇稻地村民委员会
905 905 7513103836419 北京中佰龙置业有限公司
906 906 7520103604953 三利国际服装有限公司
907 907 7527103731626 北京市医用生物制品中试基地
908 908 7528103913220 北京市门头沟区义工联合会
909 909 7538103637624 北京比亚迪模具有限公司
910 910 7543103692851 北京巴瑞医疗器械有限公司
911 911 7545103637789 北京安宝房地产开发有限公司
912 912 7560103783363 北京德恒律师事务所
-27-913 913 7579103702714 北京巴瑞医疗器械有限公司
914 914 7580103676301 北京鑫康辰医学科技发展有限公司
915 915 7580103978630 北京七星华电科技集团有限责任公司
916 916 7607103889018 北京尚品宅配家居用品有限公司
917 917 7607103989092 北京路鹏达市政工程有限责任公司
918 918 7613103637601 北京比亚迪模具有限公司
919 919 7613103980717 维特瑞控制工程技术（北京）有限公司
920 920 7613104035651 北京韩美药品有限公司
921 921 7643103969202 北京韩美药品有限公司
922 922 7645103951500 北京联众互动网络股份有限公司
923 923 7656103734433 北京恒天财富投资管理有限公司
924 924 7658103935254 北京市海淀区温泉镇敬老院
925 925 7666103730123 康阳先锋（北京）生物医药有限公司
926 926 7679103890852 北京七洲广告有限公司
927 927 7682103735807 北京波士通达汽车销售服务有限公司
928 928 7689104004333 北京瑞意恒动科技有限公司
929 929 7694103792769 北京晒客天地科技有限公司
930 930 7706103799826 北京济民可信医药有限公司
931 931 7709103927515 达尔凯（中国）能源管理有限公司
932 932 7711103953538 北京金力达房地产开发有限公司
933 933 7731103796180 北京市朝阳区国际绿色经济协会
934 934 7744103861251 汇龙森欧洲科技（北京）有限公司
935 935 7748103813751 北京海禹时代科技有限公司
936 936 7773103964756 北京经济技术投资开发总公司
937 937 7782103997190 北京指南针科技发展股份有限公司
938 938 7788103961878 北京中关村丰台园道丰科技商务园建设
发展有限公司
939 939 7788103975715 北京北方创业出租汽车有限公司
940 940 7813103686618 国兴汽车服务中心
941 941 7823103760174 北京润泽庄苑房地产开发有限公司
942 942 7830103614995 北京鼎合金通经贸有限责任公司
943 943 7838104029206 北京天安兴达石油科技有限公司
944 944 7847103977081 北京阿科普机电工程有限公司
945 945 7884103747673 北京市金韵达速递有限公司
946 946 7898103702742 北京巴瑞医疗器械有限公司
947 947 7911103786627 中国光大银行股份有限公司信用卡中心
948 948 7912103977032 金银岛（北京）网络科技股份有限公司
949 949 7913103916436 北京市西城区茶产业协会
-28-950 950 7918103760503 北京恒远恒信科技发展有限公司
951 951 7926103758596 北京市凯誉律师事务所
952 952 7960104006289 乐视网信息技术（北京）股份有限公司
953 953 7967104047245 国测地理信息科技产业园集团有限公司
954 954 7969103684131 北京万象信息技术有限公司
955 955 7994103997413 北京城市捷运汽车贸易有限公司
956 956 8009104014293 中国建筑一局(集团)有限公司
957 957 8022103927516 达尔凯（中国）能源管理有限公司
958 958 8023103807573 华夏视听环球传媒（北京）股份有限公
司
959 959 8058104029917 北京众信国际旅行社股份有限公司
960 960 8085103765191 北京京华都房地产开发有限公司
961 961 8100103980719 维特瑞控制工程技术（北京）有限公司
962 962 8110103883913 北京京大昆仑房地产开发有限公司
963 963 8132103748310 中国兵器装备集团公司
964 964 8136103951489 北京联众互动网络股份有限公司
965 965 8138103960910 贝壳网际（北京）安全技术有限公司
966 966 8149103693080 北京升华电梯有限公司
967 967 8150103622997 北京市自来水集团有限责任公司
968 968 8150103891667 北京市鑫程律师事务所
969 969 8166103597714 中国黄金集团营销有限公司
970 970 8171104035649 北京韩美药品有限公司
971 971 8172103986138 北京鸿运物业管理有限责任公司
972 972 8184103837697 北京国服信奥兴汽车有限公司
973 973 8187103611704 北京天地玛珂电液控制系统有限公司
974 974 8188103960908 贝壳网际（北京）安全技术有限公司
975 975 8195103861972 北京冠华洲广告有限公司
976 976 8203103637792 北京安宝房地产开发有限公司
977 977 8204103962675 北京洪天力药业有限公司
978 978 8218103917564 北京两村工程发展中心
979 979 8223103920496 中国环境新闻工作者协会环保新闻文化
艺术委员会
980 980 8228103789613 北京民生财富研修学院
981 981 8233103999604 北京市市政设施管理协会
982 982 8234103839396 北京壹人壹本信息科技有限公司
983 983 8236103964762 北京经济技术投资开发总公司
984 984 8261104011095 北京伟业联合房地产顾问有限公司
985 985 8274103991243 华龄涉老智能科技产业发展中心
-29-986 986 8279104036110 北京泉辉和奕医疗器械有限公司
987 987 8286103804380 北京京东世纪贸易有限公司
988 988 8288103695831 北京恒富物业服务有限公司
989 989 8290104032391 北京嘉洁能科技有限公司
990 990 8301103980322 北京放勋投资咨询有限公司
991 991 8303104014298 中国建筑一局(集团)有限公司
992 992 8313103730436 北京市盛丰小额贷款有限责任公司
993 993 8318103596692 北京福泉投资有限公司
994 994 8318103806164 北京斯利安药业有限公司
995 995 8320103961879 北京中关村丰台园道丰科技商务园建设
发展有限公司
996 996 8349104011097 北京伟业联合房地产顾问有限公司
997 997 8362103765020 北京世纪正源房地产开发有限公司
998 998 8378103852508 中国大唐集团公司
999 999 8380103621145 北京鸿坤伟业房地产开发有限公司
1000 1000 8386103622812 人民网股份有限公司
1001 1001 8386103652345 中国资源卫星应用中心
1002 1002 8394103836409 北京中佰龙置业有限公司
1003 1003 8424103811078 迈恩德（北京）电子有限公司
1004 1004 8428103684236 北京互信互通信息技术股份有限公司
1005 1005 8440103734246 新华联合冶金控股集团有限公司
1006 1006 8441104024432 北京首业汽车租赁有限公司
1007 1007 8452103953505 北京市巨龙工程有限公司
1008 1008 8472104011631 北京龙世杰投资有限公司
1009 1009 8494103836399 北京中佰龙置业有限公司
1010 1010 8495103671702 北京意厉维纺织品有限公司
1011 1011 8495103748599 北京齐尔布莱特科技有限公司
1012 1012 8501103817830 北京华夏石化工程监理有限公司
1013 1013 8506103980716 维特瑞控制工程技术（北京）有限公司
1014 1014 8528103765303 北京城乡一建设工程有限责任公司
1015 1015 8545103682016 北京庆丰万兴食品科技研发中心
1016 1016 8553103748296 中国兵器装备集团公司
1017 1017 8569103722935 北京中经赛博科技有限公司
1018 1018 8583103760983 北京睿博美佳商贸有限公司
1019 1019 8584103699530 北京中盾安民分析技术有限公司
1020 1020 8585103765192 北京京华都房地产开发有限公司
1021 1021 8587103910378 北京爱迪科森教育科技股份有限公司
1022 1022 8588103880010 北京君天首业商贸有限公司
-30-1023 1023 8602103878471 北京福思维科技发展有限公司
1024 1024 8605103865952 北京银座合智房地产开发有限公司
1025 1025 8608104044253 北京恒安消防工程有限责任公司
1026 1026 8613103695664 北京富源盛达房地产开发有限公司
1027 1027 8615104026583 北京海之沃汽车服务有限公司
1028 1028 8640103928518 北京市三一重机有限公司
1029 1029 8643103895047 加多宝（中国）饮料有限公司
1030 1030 8651103791992 北京比亚迪模具有限公司
1031 1031 8653103880349 北京网康科技有限公司
1032 1032 8654103614223 北京嘉林药业股份有限公司
1033 1033 8654104049777 北京丰宝恒投资有限公司
1034 1034 8690103748628 北京齐尔布莱特科技有限公司
1035 1035 8693103954380 北京市海淀区太奇培训学校
1036 1036 8703103679954 蓝色港湾有限公司
1037 1037 8709103685564 北京凯迪克格兰云天大酒店有限公司
1038 1038 8731103629835 北京市中企国盛律师事务所
1039 1039 8737103998935 北京天通瑞汽车贸易有限公司
1040 1040 8742104029903 北京众信国际旅行社股份有限公司
1041 1041 8748103947285 首都医科大学附属北京安定医院（北京
儿童少年心理卫生中心、北京老年精神卫生中心、中国药物依赖治疗中心）
1042 1042 8761103628310 北京信威通信技术股份有限公司
1043 1043 8762103748667 北京车之家信息技术有限公司
1044 1044 8763103977035 金银岛（北京）网络科技股份有限公司
1045 1045 8770103844481 北京信义华信房地产开发有限公司
1046 1046 8770104029789 北京汉威大厦物业有限公司
1047 1047 8796103956643 北京耀世装饰有限公司
1048 1048 8811103815662 北京天航瑞晨汽车销售有限公司
1049 1049 8821103931524 点普国际营销顾问（北京）有限公司
1050 1050 8825104009749 北京市朝阳区太阳宫老年公寓
1051 1051 8832103978998 北京平谷稻地股份经济合作社
1052 1052 8833103960961 北京智渊浩天科技有限公司
1053 1053 8834103964775 北京经济技术投资开发总公司
1054 1054 8840103748642 北京齐尔布莱特科技有限公司
1055 1055 8842104021311 北京燕京科技有限公司
1056 1056 8847103964776 北京经济技术投资开发总公司
1057 1057 8870103621149 北京鸿坤伟业房地产开发有限公司
1058 1058 8881103850348 北京华荣建业房地产开发有限公司
1059 1059 8884103693078 北京升华电梯有限公司
-31-1060 1060 8885103686646 国兴汽车服务中心
1061 1061 8886103680503 中建一局集团第三建筑有限公司
1062 1062 8893103950783 北京辰源创新电气工程有限公司
1063 1063 8901103998710 北京朝熙众人环保金属材料有限公司
1064 1064 8904103629030 建峰建设集团股份有限公司
1065 1065 8906103804381 北京京东世纪贸易有限公司
1066 1066 8906103805283 北京宝信诚工程技术有限公司
1067 1067 8928103811870 北京中科辅龙信息技术有限公司
1068 1068 8929103734424 北京恒天财富投资管理有限公司
1069 1069 8930103765021 北京世纪正源房地产开发有限公司
1070 1070 8931103928506 北京市三一重机有限公司
1071 1071 8934103979964 北京博广行智文化传播有限公司
1072 1072 8937103928501 北京市三一重机有限公司
1073 1073 8955103895036 加多宝（中国）饮料有限公司
1074 1074 8957103699735 塞尼特（北京）汽车技术服务有限公司
1075 1075 8976103741322 中船重工建筑工程设计研究院有限责任
公司
1076 1076 8990103617133 北京政泉控股有限公司
1077 1077 8991103695131 北京华恩房地产开发有限公司
1078 1078 9012104004186 北京同心阳光贸易有限公司
1079 1079 9032103628316 北京信威通信技术股份有限公司
1080 1080 9034103727177 贝壳网际（北京）安全技术有限公司
1081 1081 9035103594489 北京超越未来科技发展有限公司
1082 1082 9049103823307 北京乾建建筑装饰工程有限责任公司
1083 1083 9052103982905 北京中进万国汽车销售服务有限公司
1084 1084 9054103773767 北京友安盛防火技术有限公司
1085 1085 9067103958166 北京市北方华鹏汽车修理有限公司
1086 1086 9076104031780 北京华众基业科技有限公司
1087 1087 9077103806191 北京斯利安药业有限公司
1088 1088 9092103859140 北京万家灯火家居装饰市场有限公司
1089 1089 9094103806165 北京斯利安药业有限公司
1090 1090 9102103730438 北京市盛丰小额贷款有限责任公司
1091 1091 9104103932742 北京万龙精益电子技术有限公司
1092 1092 9114103989093 北京路鹏达市政工程有限责任公司
1093 1093 9118103880339 北京网康科技有限公司
1094 1094 9119103870521 北京触控爱普科技有限公司
1095 1095 9128103977041 金银岛（北京）网络科技股份有限公司
1096 1096 9142103621229 北京伏尔特技术有限公司
-32-1097 1097 9144103980433 北京市华税律师事务所
1098 1098 9152103979257 北京中环鑫融酒店管理有限公司
1099 1099 9152104029791 北京汉威大厦物业有限公司
1100 1100 9171104049778 北京丰宝恒投资有限公司
1101 1101 9185103800024 北京爱德发科技有限公司
1102 1102 9195103910123 北京瑞征汽车贸易有限公司
1103 1103 9200104026693 北京民生中国书法公益基金会
1104 1104 9202103874544 北京新水源景科技有限公司
1105 1105 9217103966518 北京市泰德律师事务所
1106 1106 9228103765018 北京世纪正源房地产开发有限公司
1107 1107 9231103845198 北京龙文环球教育科技有限公司
1108 1108 9233103870623 北京新凤凰城房地产开发有限公司
1109 1109 9250103730751 铱格斯曼航空科技集团有限公司
1110 1110 9278103960745 北京市风清律师事务所
1111 1111 9282103870524 北京触控爱普科技有限公司
1112 1112 9296103962947 北京市乌兰经贸发展有限公司金乌兰大
酒楼
1113 1113 9297103837793 北京清控水木建筑工程有限公司
1114 1114 9301103811643 北京茂庸投资有限公司
1115 1115 9313103954221 北京市通州区美丽潮流职业技能培训学
校
1116 1116 9313103961884 北京中关村丰台园道丰科技商务园建设
发展有限公司
1117 1117 9325103879383 北京康复之家医疗器械连锁经营有限公
司
1118 1118 9375103819836 北京华贸奥苑房地产开发有限公司
1119 1119 9376103961399 北京潮动文化传媒有限公司
1120 1120 9388103912541 北京市京悦律师事务所
1121 1121 9391103671377 北京中电通力软件有限公司
1122 1122 9407103594417 北京普发兴业动力科技发展有限责任公
司
1123 1123 9431103800017 北京爱德发科技有限公司
1124 1124 9448103611678 北京天地玛珂电液控制系统有限公司
1125 1125 9464103838889 北京页川斯达汽车销售服务有限公司
1126 1126 9475103976214 北京志诚恒业商贸有限公司
1127 1127 9491103727225 北京红社会公益基金会
1128 1128 9508103748643 北京齐尔布莱特科技有限公司
1129 1129 9531103758042 中国乳制品工业协会
-33-1130 1130 9549104047244 国测地理信息科技产业园集团有限公司
1131 1131 9557103700480 中青旅国际会议展览有限公司
1132 1132 9559103689746 吉林森林工业股份有限公司北京门业分
公司
1133 1133 9562104031291 北京四联创业化工有限公司
1134 1134 9588104029913 北京众信国际旅行社股份有限公司
1135 1135 9601103628424 北京信威永胜通信技术有限公司
1136 1136 9616103735813 北京波士通达汽车销售服务有限公司
1137 1137 9618103760177 北京润泽庄苑房地产开发有限公司
1138 1138 9618103804377 北京京东世纪贸易有限公司
1139 1139 9618103870657 北京新凤凰城房地产开发有限公司
1140 1140 9619103827872 阿根廷博收种子有限公司北京代表处
1141 1141 9643103819880 北京国华置业有限公司
1142 1142 9651103969260 北京中普同安防雷科技有限公司
1143 1143 9661103995943 北京宏兴东升防水施工有限公司
1144 1144 9662103964778 北京经济技术投资开发总公司
1145 1145 9667103760980 北京睿博美佳商贸有限公司
1146 1146 9681103806189 北京斯利安药业有限公司
1147 1147 9682103595905 北京海顺德钛催化剂有限公司
1148 1148 9685104085187 北京市清华育才实验学校
1149 1149 9699103966607 新加坡麦克斯私人控股有限公司北京代
表处
1150 1150 9700103637545 盘古氏国际大酒店有限责任公司
1151 1151 9701103820127 中节能绿洲（北京）太阳能科技有限公
司
1152 1152 9709103787833 北京中润发汽车销售有限公司
1153 1153 9709103839406 北京壹人壹本信息科技有限公司
1154 1154 9709104000121 北京莱维塞尔科技有限公司
1155 1155 9720103977040 金银岛（北京）网络科技股份有限公司
1156 1156 9731104018884 北京天怡信诚医疗器械有限公司
1157 1157 9741104044427 北京市庞大乐悦汽车销售服务有限公司
1158 1158 9747103601763 中植企业集团有限公司
1159 1159 9754103950784 北京辰源创新电气工程有限公司
1160 1160 9760103852523 中国大唐集团公司
1161 1161 9762103852692 北京鼎汉技术股份有限公司
1162 1162 9774103966579 国金黄金集团有限公司
1163 1163 9781104018202 北京市世纪律师事务所
1164 1164 9797104060093 中外运－敦豪国际航空快件有限公司北
京分公司
-34-1165 1165 9803104041897 北京库曼伟业商贸有限公司
1166 1166 9805103983010 北京天睿空间科技有限公司
1167 1167 9807103858748 中国文化管理协会文化产业发展专项基
金管理委员会
1168 1168 9817103765189 北京京华都房地产开发有限公司
1169 1169 9819103645809 北京中汽雷日汽车有限公司
1170 1170 9821103841192 北京东方典藏国际收藏品有限公司
1171 1171 9826103593883 北京市私立树人·瑞贝学校
1172 1172 9830103836402 北京中佰龙置业有限公司
1173 1173 9834104029905 北京众信国际旅行社股份有限公司
1174 1174 9838103985085 北京市永乐店后马坊村社区股份合作社
1175 1175 9850103928508 北京市三一重机有限公司
1176 1176 9864103804373 北京京东世纪贸易有限公司
1177 1177 9879103928503 北京市三一重机有限公司
1178 1178 9880103594918 北京利祥制药有限公司
1179 1179 9885103811455 北京水润君合装饰工程有限公司
1180 1180 9888103956086 北京市房山区青龙湖镇岗上村经济合作
社
1181 1181 9891103735812 北京波士通达汽车销售服务有限公司
1182 1182 9915103966582 国金黄金集团有限公司
1183 1183 9920103861373 北京日月百川文化有限公司
1184 1184 9929104029915 北京众信国际旅行社股份有限公司
1185 1185 9931103796125 北京鄂尔多斯创展服装有限公司
1186 1186 9941103811666 北京茂庸投资有限公司
1187 1187 9946103962677 北京洪天力药业有限公司
1188 1188 9947103870656 北京新凤凰城房地产开发有限公司
1189 1189 9951103890556 北京方大炭素科技有限公司
1190 1190 9956103836400 北京中佰龙置业有限公司
1191 1191 9958104060091 中外运－敦豪国际航空快件有限公司北
京分公司
1192 1192 9960103765207 北京京华都房地产开发有限公司
1193 1193 9961103985064 北京贝塔尼时装有限公司
1194 1194 9965103748294 中国兵器装备集团公司
1195 1195 9968104000864 香港金碧货运（中国）有限公司北京代
表处
1196 1196 9971103958164 北京市顺义后沙峪活动房屋厂
1197 1197 9997104013625 北京本草方源药业有限公司
1198 1198 9999104014299 中国建筑一局(集团)有限公司
