 1 14210 1596104603711 北京信诺久恒科贸有限公司
 2 23309 2642104998122 北京顺和吉昌商贸有限公司
 3 61416 7209104817656 北京建工新燕幕墙装饰工程有限公司
 4 26953 3066104579826 北京云华软件有限公司
 5 12162 1356104730303 中天银都（天津）建设工程有限公司北京昌平分公司
 6 76922 9079104481055 北京丹海科技有限公司
 7 13025 1460104512475 北京洛娃日化有限公司
 8 25774 2928104489730 北京丰进建筑装饰设计有限公司
 9 60910 7149105085994 北京临工汽车齿轮有限公司
 10 35472 4067105053375 北京云海嘉业科技有限公司
 11 6877 0773104526926 北京清九建筑装饰工程有限公司
 12 17109 1925104514268 众人尚品广告（北京）有限公司
 13 24235 2755104716942 北京市天昊鹏达建筑装饰工程有限公司
 14 28233 3211104673584 北京中瑞诚会计师事务所有限公司
 15 4417 0501104664819 北京电建格润设备安装有限公司
 16 45275 5288104671601 中联绿色高科（北京）建筑设计研究院
 17 68633 8092105097899 北京世纪康润医药经营有限责任公司
 18 3240 0362104607838 北京拓明科技有限公司
 19 10091 1125104574370 北京杰图凯德软件有限公司
 20 27919 3175104753801 北京万般国际经贸发展有限公司
-2-
 21 19098 2155104784996 北京博锐尚格节能技术股份有限公司
 22 57045 6688104558152 北京天雄诚信数码科技有限公司
 23 74617 8802104752011 中建二局装饰工程有限公司
 24 34770 3979104592893 北京天成瑞源电缆有限公司
 25 33203 3803105241749 北京银座合智房地产开发有限公司
 26 38501 4453104822674 北京万向新元科技股份有限公司
 27 34511 3950104511474 北京钱袋宝支付技术有限公司
 28 3694 0416104486846 北京德宇翔泰商贸有限公司
 29 42140 4918104852305 北京格兰瑞克石油技术有限公司
 30 21613 2444104500181 北京市顺义区仁达养老院
 31 62631 7358105178268 北京东方泰洋装饰工程有限公司
 32 46733 5473104486379 北京市延庆县妫川乒乓球协会
 33 35789 4109104914624 北京佳禾众信广告有限公司
 34 18327 2065105038939 北京金彩精机科技发展有限责任公司
 35 22270 2522104507103 北京天润新禾信息技术有限公司
 36 80335 9492104682004 空军装备研究院装备总体论证研究所招待所
 37 13276 1490104759626 北京骏马东方机械设备有限公司
 38 30391 3466104697406 北京交运通达环境科技有限公司
 39 50295 5883104819641 北京资和信风险投资有限公司
 40 1455 0155105147165 北京东方博韬建筑装饰有限公司
 41 60369 7084104856849 北京鼎泰中和投资咨询有限公司
 42 41672 4858105016280 北京中酿国际酒业有限公司
 43 17582 1981104776535 北京汽车集团财务有限公司
 44 1163 0122105055755 高校毕业生就业协会
 45 18921 2133104697527 北京时代贝林机电设备有限公司
 46 83850 9898104764588 中国科学院幼儿园
 47 50213 5873104750020 北京永康格林科技有限公司
 48 74352 8773104721263 北京东方长天文化发展有限公司
 49 22663 2568105143730 北京市中策律师事务所
 50 45872 5368104978034 北京润鸿泽科贸有限公司
 51 26651 3030104504065 北京力天兴业科技发展有限公司
 52 78682 9286104583813 北京亚太宏图信息科技有限公司
 53 3180 0356104905551 北京承启通科技有限公司
 54 21042 2371104667668 北京卓易讯畅科技有限公司
 55 5947 0670104878928 北京福天展装工程有限公司
 56 41884 4885105107386 北京中土宏达国际物流有限公司
 57 33411 3826104735024 北京德润捷诚公关顾问有限公司
-3-
 58 26647 3029104720582 北京基格风尚服装有限公司
 59 78469 9261104540020 北京大田星辉文化交流有限公司
 60 58381 6841105165003 迈盛悦合体育用品有限公司
 61 42411 4951105081770 天津融创物业管理有限公司北京分公司
 62 9332 1042104534623 北京合创环宇保洁服务有限公司
 63 68353 8061104508801 北京宏日双升建筑工程有限公司
 64 39297 4553104863023 北京市顺义建筑工程公司第四工程处
 65 57560 6749104498376 北京黎明文仪家具有限公司
 66 44863 5240104740702 哈老头（北京）餐饮管理有限公司
 67 66039 7785104566863 北京中贸港国际物流有限公司
 68 5909 0665104715112 北京中森国际工程咨询有限责任公司
 69 5963 0672104667909 北京久安平汽车技术服务有限公司
 70 8802 0985104880627 北京金诺达货运有限公司
 71 31999 3662104794666 巧依纺（北京）服装有限公司
 72 38242 4417104718068 北京馨宇汽车租赁服务有限公司
 73 37664 4339104937768 北京中科新景城乡规划设计咨询有限公司
 74 8636 0968104489218 北京住总集团职业技能开发中心
 75 52269 6113104547800 北京银泰美奥美广告设计制作有限公司
 76 62146 7303104672733 北京龙湖兴润置业有限公司
 77 39464 4573105212398 北京市天元网络技术股份有限公司
 78 73454 8666104835294 北京霄汉清禾科技有限公司
 79 15850 1784104538666 北京优技智联科技有限公司
 80 34072 3900104805322 网秦无限（北京）科技有限公司
 81 73008 8619104585265 北京市旺平东加油站有限公司
 82 44878 5242104969803 本田技研工业（中国）投资有限公司
 83 65750 7753104748584 北京东方新绿科技发展有限公司
 84 80987 9569104610077 启皓兴业（北京）有限公司
 85 79682 9405105227734 中国石化集团西北石油局北京塔河宾馆
 86 68669 8098104688712 北京国电龙高科环境工程技术有限公司
 87 43553 5089104495841 盛达杰森（北京）自动化设备有限公司
 88 14748 1660104477639 北京掌趣通信息技术有限公司
 89 12380 1379104977041 北京伟龙科仪贸易有限公司
 90 65106 7672104548717 锦海捷亚国际货运有限公司北京分公司
 91 46924 5496104884622 北京冠华荣信系统工程股份有限公司
 92 71349 8410104528982 北京健尔康生物技术开发有限公司
 93 36642 4211104867023 北京东方国自电力设备有限公司
 94 76634 9040104871692 怡丰联合（北京）科技有限责任公司
-4-
 95 43764 5111104584575 北京名学兴业贸易有限公司
 96 51037 5973104666456 中国民航机场建设集团公司
 97 58038 6801105126375 北京现代之光送变电工程有限公司
 98 63004 7411104522785 北京正有光传输技术有限责任公司
 99 28323 3221104820669 北京乔达伟业科技发展有限公司
 100 58777 6889104673724 北京乐华骏成建材有限公司
 101 17812 2006104504041 北京雷恩工业设备有限公司
 102 44304 5177104563672 北京中恒奥进出口贸易有限公司
 103 68390 8066104638353 北京米拓世纪科技有限公司
 104 13862 1556104490431 北京秀丽汽车装饰有限公司
 105 13874 1558104614403 北京康源盛达商贸有限公司
 106 73128 8631104598737 北京羚钛建筑机械设备租赁有限责任公司
 107 41019 4772104798041 北京大地会计师事务所有限责任公司
 108 79264 9354104675048 北京厚坤律师事务所
 109 53492 6256104730599 北京隆轩橡塑有限公司
 110 28520 3244104563222 北京韩盛宫餐饮管理有限公司
 111 2420 0268104581633 北京泷旭园林建设工程有限公司
 112 44677 5216104535618 北京森仕达科技有限公司
 113 10797 1200104862645 北京华诚时代广告有限公司
 114 44397 5186105083282 方正宽带网络服务有限公司
 115 70093 8265104739727 北京旭阳同盛能源设备有限公司
 116 82252 9715104509316 北京德合利和科技有限公司
 117 28301 3219104558681 北京华固兴业建筑工程技术有限公司
 118 72086 8508104720577 北京基格风尚服装有限公司
 119 44335 5180104549662 北京地时科技有限公司
 120 73610 8685104573920 北京恒义航空服务有限公司
 121 1311 0139104513891 北京合众创达冷冻设备有限公司
 122 51291 6004104572022 北京运安达机械施工有限公司
 123 78248 9231105225971 中科顺（北京）科技有限公司
 124 25577 2905105188382 北京市森福普惠小额贷款有限责任公司
 125 46597 5453105021893 综保区（北京）国际医药分拨中心有限公司
 126 45370 5299104713883 北京艾众智能系统有限公司
 127 1601 0173104629199 艾博思川力文化传播（北京）有限公司
 128 45749 5352104562153 北京甲土兴润科技有限公司
 129 49592 5801104479761 北京中天博康科技发展有限公司
 130 1232 0129105017842 北京远程睿智商务咨询有限公司
-5-
 131 4109 0465104579442 北京嘉义典当有限责任公司
 132 61180 7181104992454 北京华安科创生物技术有限公司
 133 45132 5272104534925 北京天天亚华洗衣有限公司
 134 41792 4874104753684 华诺方泰（北京）科技有限公司
 135 16261 1831104915410 北京世纪协创贸易有限公司
 136 28704 3266104510609 北京向阳宏达建筑工程有限公司
 137 61208 7185104504862 北京万鸿亨业医疗器械有限责任公司
 138 51888 6070104992690 北京讯易恒达信息技术有限公司
 139 67114 7912104712697 北京运和诚德餐饮管理有限公司
 140 6554 0737104584592 中科合成油技术有限公司
 141 27651 3146104728177 北京博雅通时人力资源咨询服务有限公司
 142 49009 5739105058555 北京顺达网信科技有限公司
 143 45976 5380104689350 北京时美时代科技发展有限公司
 144 68579 8087104620308 北京泰讯源科技有限公司
 145 62686 7367104567052 北京伏尔特技术有限公司
 146 2248 0248104505993 北京颂诚印刷技术开发有限公司
 147 60552 7104105176751 艾格拉斯科技（北京）有限公司
 148 76964 9084104546477 北京金源环宇电源科技有限公司
 149 6542 0735104873266 北京恩源科技有限公司
 150 46231 5408104876684 北京中视瑞德文化传媒有限公司
 151 22736 2579104522979 北京泰科艾沃科技有限公司
 152 70672 8332104880490 北京三亿亿亿超低温技术有限责任公司
 153 18670 2104105212669 北京市海星晨电力工程有限公司一分公司
 154 39432 4569104846130 北京恒昌世通机械销售有限公司
 155 57467 6736105215352 北京大洼鲜鱼锅餐饮有限公司
 156 51241 5997104574181 尚臣美邦（北京）生物科技有限公司
 157 50776 5943104854555 北京马克华菲服饰有限公司
 158 42813 5002104557992 北京大卫凯特科技有限公司
 159 51984 6082104497459 北京新几何文化传媒有限公司
 160 53223 6223104833717 北京伊通安商贸有限公司
 161 71527 8433104730698 金安通（北京）消防工程有限公司
 162 79989 9449104625202 北京富力天创科技有限公司
 163 29672 3380104483330 北京普兰普系统技术有限公司
 164 52260 6112104535478 北京博信特有色金属有限责任公司
 165 24412 2773104558971 北京纵横智慧管理咨询有限公司
 166 25960 2950104589686 海鸿达（北京）餐饮管理有限公司
-6-
 167 84264 9945104532798 北京市勤道律师事务所
 168 53725 6285104862690 北京融达停车服务有限公司
 169 28137 3200104913093 北京丽兹行房地产投资顾问有限公司
 170 41389 4822105019859 北京裕峰特鲁兹科技有限公司
 171 21045 2371104883473 北京华誉嘉禾装饰工程有限公司
 172 61133 7176104893621 北京嘉华联合房地产开发有限责任公司
 173 4972 0563104578008 北京科诺锅炉有限公司
 174 37781 4355105211289 金润凯天（北京）信息技术有限公司
 175 45960 5378104914466 北京空港天友技术服务有限公司
 176 37021 4258104604931 北京中创天下科技有限公司
 177 5316 0600104489426 北京鈇江铁克车饰有限公司
 178 9669 1080104560914 北京中科印刷有限公司
 179 47610 5574105265375 北京东豪建设集团有限公司
 180 44350 5181104850242 北京瀚维森科贸有限公司
 181 69538 8202104542461 北京天铸橡塑制品厂
 182 9357 1045104833641 北京恒商电力市政工程有限责任公司
 183 39208 4541105248926 北京加隆工程机械有限公司
 184 3362 0375104537179 北京丰科建信科技有限公司
 185 63215 7442104690117 北京世纪明珠酒店管理有限公司
 186 18157 2046104665249 安莉芳（中国）服装有限公司北京分公司
 187 42511 4962104680920 中铁航空港建设集团北京有限公司
 188 5700 0640104871839 中寰卫星导航通信有限公司
 189 69045 8144104625537 北京日照天下国际广告传媒有限公司
 190 49740 5817104899618 莎莎化妆品（中国）有限公司北京远大路店
 191 62648 7362104504186 北京自由飞翔广告有限公司
 192 18396 2074104481720 布雷尔利（北京）金属家居用品股份有限公司
 193 84623 9987105146733 北京华财会计股份有限公司
 194 13891 1559104895003 北京千佳物业管理有限公司
 195 19746 2228104783283 北京健坤禾润科技有限公司
 196 32382 3707104698412 北京东方慧实科技有限公司
 197 19337 2183104982329 北京徕拓测绘仪器有限责任公司
 198 78435 9257104575099 北京包钢金属材料有限公司
 199 44168 5162104574244 北京五方天雅汽配城市场有限责任公司
 200 36727 4220104719990 乐狮传扬（北京）文化传媒有限公司
 201 2703 0299105114109 北京维华唐宫海鲜舫有限公司
-7-
 202 6828 0767104805064 北京玉满包装制品有限公司
 203 48827 5720105189420 北京瀚海博联公关策划有限公司
 204 49872 5834104608390 北京万延航空服务有限公司
 205 25187 2860104573626 北京中建泰达电梯有限公司
 206 46323 5421104575247 北京泰瑞博机电设备有限公司
 207 65700 7746104834698 北京阿普瑞科技发展有限责任公司
 208 65608 7733105065653 北京中奥建业建筑工程有限公司
 209 78192 9226104484977 北清阳光管理顾问（北京）有限公司
 210 20447 2303105020034 北京金河谷百货商贸有限公司
 211 45926 5373104720131 北京利贞坤宝物业管理有限公司
 212 41107 4784104540189 北京鑫超众经贸有限公司
 213 79922 9439104492939 北京华腾恒业机电工程有限公司
 214 7635 0857104812442 北京市祎隆广告有限公司
 215 68405 8068104662388 新华优力（北京）科贸有限公司
 216 62171 7306104508432 金田利马设计咨询（北京）有限公司
 217 40781 4739104891932 北京大起空调有限公司
 218 26311 2992105179349 北京摩力圣汇健身服务有限公司
 219 73764 8704105188051 北京金恒益环保科技有限公司
 220 6256 0702105127576 灵北（北京）医药信息咨询有限公司
 221 68168 8041104598888 中庆贝德（北京）石油科技有限公司
 222 78564 9273104478986 北京鼎正行科技发展有限公司
 223 69399 8187104808103 北京企恒空调制冷设备安装有限责任公司
 224 63117 7427104925031 北京触控科技有限公司
 225 63461 7476105013045 北京市韩景台烧烤城苹果园店
 226 2650 0294104895491 北京京电电网维护集团有限公司
 227 61229 7187104690702 北京卓为兴业投资管理有限公司
 228 75800 8941104502067 北京同乐鑫盛节能工程有限公司
 229 18035 2031104536781 北京市八仙房地产开发有限责任公司
 230 13579 1524104985500 北京德坤电气工程技术有限公司
 231 17684 1992104554264 北京世纪网人科技发展有限公司
 232 11600 1288105167876 北京裕展物业管理有限公司
 233 50221 5874104591278 北京天青源科技有限公司
 234 10884 1209105076950 北京乐程汽车租赁有限公司
 235 41647 4855104890254 北京园中园园林景观工程有限公司通州分公司
 236 62710 7371104561110 北京圣福榕金属制品厂
 237 45249 5286104501636 北京赛特百货有限公司
-8-
 238 74056 8738104523410 北京金鹏顺发物业管理有限公司
 239 62894 7394105188255 北京联华金涛不锈钢金属材料有限公司
 240 16893 1901105236930 北京全时天地在线网络信息股份有限公司
 241 37176 4279105164646 欣中基清洁服务（北京）有限公司
 242 61622 7235104509537 中国民族卫生协会
 243 12228 1363105240558 北京鱼福居餐饮有限公司
 244 48599 5693104500861 北京新雷能科技股份有限公司
 245 3814 0431105021763 北京君宜轩商贸有限公司
 246 21542 2435104507337 能科节能技术股份有限公司
 247 23193 2630104546826 北京方仕国际鞋城市场有限公司
 248 76989 9086104658456 北京众和华康医疗设备有限公司
 249 30206 3443104526177 沈阳新元建设集团有限公司北京顺义分公司
 250 42295 4937104622599 鑫桥联合融资租赁有限公司
 251 76320 9003105192354 北京百易乐电子商务有限公司
 252 77746 9176104496726 北京富兴通装饰工程有限公司
 253 4672 0530104560832 北京中航明星防水建材有限公司
 254 37913 4371105164859 北京仙游益城商贸有限公司
 255 53278 6230104497557 北京青木创科网络科技有限公司
 256 8858 0991104603361 北京万融典当有限责任公司
 257 22148 2510104486191 北京复星华科生物技术有限公司
 258 70430 8303104633411 北京青云创新科技发展有限公司
 259 71130 8385105083909 北京企保保安服务有限公司
 260 22538 2552104749868 北京天利中和科技有限公司
 261 69814 8233104698789 北京道亨兴达科技有限公司
 262 74620 8802105082166 北京九州智业科技孵化器有限公司
 263 47574 5569104495021 北京华冠特达科技有限公司
 264 64613 7615104730092 中国狮子联会
 265 2763 0307104510213 北京华东物业管理有限公司
 266 34326 3929104619777 北京大董阜成路餐饮管理有限公司
 267 75605 8918104562592 北京天景隆软件科技有限公司
 268 69038 8143104503306 北京筑城世纪模型设计有限公司
 269 50707 5933104922740 北京灵麒时代广告有限公司
 270 5695 0639105264066 北京市蓝宝新技术股份有限公司
 271 16923 1906104898529 北京雄关建筑门窗有限公司
 272 51445 6022105083701 北京好智在线广告有限公司
 273 48136 5637104653651 北京杰宇捷诚物流有限公司
-9-
 274 56872 6668104964811 那家盛宴（北京）餐饮有限公司
 275 53799 6294104578359 北京中驰航空服务有限公司
 276 6546 0736104522410 北京荣基宏业科技有限公司
 277 66337 7821104899831 中国方正出版社
 278 20801 2343104561696 北京大陆航星质量认证中心股份有限公司
 279 59303 6952104833389 国电联合动力技术有限公司
 280 41920 4889105078607 北京清大远景企业咨询中心
 281 64176 7564104583766 北京蓝天瑞德环保技术股份有限公司
 282 68959 8132104488018 国台伟业（北京）国际文化交流中心
 283 45595 5331104855147 北京市平谷区兴谷街道办事处中罗庄村民委员会
 284 60460 7095104613821 北京思泰工程咨询有限公司
 285 21978 2493104521157 北京泰达世纪科贸中心
 286 24658 2801104666086 北京同德致远科技有限公司
 287 6929 0777104889219 易时代新图软件有限公司
 288 12308 1371104830574 中国石油天然气运输公司北京华北分公司
 289 42326 4940104691835 北京伊尹餐饮管理有限公司
 290 32790 3758104850379 中咨公路养护检测技术有限公司
 291 40563 4708104590179 北京金迈视讯科技发展有限公司
 292 59539 6978104603072 北京星网卫通科技开发有限公司
 293 2926 0326104603362 北京万融典当有限责任公司
 294 40357 4681104749190 北京欧特控制阀有限公司
 295 31798 3636104621570 北京君和诚天投资管理有限公司
 296 47276 5536105109154 北京艾瑞机械有限公司
 297 14049 1579104672187 北京恒昌汇财投资管理有限公司
 298 32334 3702104621112 北京法米拉服装服饰有限公司
 299 45836 5363104581305 北京正恒佳国际贸易有限公司
 300 54208 6341104491386 北京利来商贸有限公司
 301 30656 3501105179962 北京华商远大电力建设有限公司
 302 38874 4498104591515 北京英美博译翻译中心有限公司
 303 26282 2989104713506 北京亿客隆家居市场有限责任公司
 304 24511 2785104563203 华夏天农（北京）农业科技有限公司
 305 25372 2882104966218 北京瓦冶轴承有限公司
 306 24876 2823104759248 北京雅宝经济文化发展中心
 307 29610 3372105191853 北京腾信创新网络营销技术股份有限公司
-10-
 308 32519 3724104689400 北京用友审计软件有限公司
 309 68833 8117104611495 励仕堂餐饮管理（北京）有限公司第三餐饮分公司
 310 46732 5473104485791 国投创新投资管理有限公司
 311 27241 3099104501492 北京祥瑞康诚贸易有限公司
 312 1348 0144104489124 北京宏兴东升防水施工有限公司
 313 11127 1233104689269 北京国信灵通网络科技有限公司
 314 29211 3328104760988 北京金豪诚信科技有限公司
 315 43081 5033104770279 清控科创控股股份有限公司
 316 855 0091104530956 北京胜易保险代理有限公司
 317 29025 3305105210853 北京东方天晓出入境服务有限公司
 318 71833 8479104664685 精灵在线网络技术（北京）有限公司
 319 42636 4980104673094 北京博登商贸有限公司
 320 62825 7384104767910 北京派克兰帝有限责任公司
 321 27398 3117104481642 北京琦丰伟业建筑工程有限公司
 322 63298 7453104583076 北京环球瑞嘉经贸有限责任公司
 323 26713 3040104707708 北京丰旭东泰投资管理有限公司
 324 17918 2018104706742 北京南隆建筑装饰工程有限公司
 325 49852 5831104683477 北京瑞宏乐商贸有限公司
 326 42103 4913104711393 北京中立鸿建设工程咨询有限公司
 327 48519 5682104556245 北京吉顺安达汽车租赁有限公司
 328 7780 0871104803726 北京豫垣森茂商贸有限公司
 329 25074 2848104573218 北京泛地能源咨询中心
 330 6524 0734104510504 恒福盛业（北京）家具有限公司
 331 77217 9113104534400 新航保险经纪（北京）有限公司
 332 34003 3891104493281 阿姆斯壮机械（中国）有限公司
 333 59684 6994104857900 万达杰诚国际物流（北京）有限公司
 334 5096 0576104494473 密云县放马峪铁矿
 335 11265 1251104599670 北京广为海达科技有限公司
 336 25302 2872105017557 北京信元电信维护有限责任公司
 337 42678 4985104833893 北京融通高科科技发展有限公司
 338 21085 2378104497477 城市科学规划设计研究院有限公司
 339 35088 4015104573389 北京春连宏达建筑工程有限公司
 340 81822 9665104488537 北京朗信一品经贸有限责任公司
 341 79768 9417105086862 蒙牛高科乳制品（北京）有限责任公司
 342 59129 6930104574844 北京华荣建业房地产开发有限公司
 343 28195 3206104815777 北京金罗马物业管理有限公司
 344 80314 9489105081854 北京京城华夏不锈钢有限公司
-11-
 345 5549 0624104667710 北京卡福尔科技有限公司
 346 39216 4542105109077 北京峰庆盛世建筑工程有限公司
 347 48412 5669104920198 北京银行股份有限公司两桥支行
 348 58435 6850104627387 北京阿科普机电工程有限公司
 349 81996 9684104594594 北京鑫盾安邦科技有限公司
 350 30944 3535104484263 北京山水汇元国际广告传媒有限公司
 351 18251 2057104717419 北京中汽南方中关汽车销售有限公司
 352 26936 3064104528729 北京凯捷伟业科技有限公司
 353 74418 8780104639373 北京正美丰业汽车玻璃安装有限公司
 354 67731 7989104484738 北京凌奇印刷有限责任公司
 355 26810 3052104518985 弗恩森（北京）电炉有限公司
 356 52077 6090104575995 北京泳帮货运有限公司
 357 8365 0937104850275 北京安达信通系统集成有限公司
 358 59378 6958104962787 北京睿马领先科技有限公司
 359 67989 8017105112045 北京国文琰文物保护发展有限公司
 360 61077 7169104913250 北京华力创通科技股份有限公司
 361 21831 2473104755893 北京协平保安服务有限公司
 362 7445 0836104480435 北京铁路信号有限公司
 363 62310 7321104622703 深圳市丰利源科技有限公司北京技术分公司
 364 54235 6345104676541 日超工程塑料（北京）有限公司
 365 77957 9198104561381 北京特瑞虹金属结构有限公司
 366 26383 2999104803277 普若泰克科技发展（北京）有限公司
 367 6031 0679104833601 中铁电气化铁路运营管理有限公司
 368 17946 2021104507279 北京中电远方电力技术有限公司
 369 17779 2002104758454 北京英纳弗科技有限公司
 370 42897 5011104870554 北京远东加大科技发展有限公司
 371 7941 0888104878629 北京美廉美连锁商业有限公司
 372 36746 4223104622236 北京吾午快餐有限公司
 373 45533 5323105139520 巨人拓展（北京）管理顾问有限公司
 374 67777 7993104638456 北京中荣盛达投资管理有限责任公司
 375 52988 6195105078029 北京宏大一品建筑装饰工程有限公司
 376 35104 4018104480326 凯亚通（北京）信息技术有限公司
 377 31118 3555104671002 北京鼎力华众广告有限公司
 378 12369 1378104684356 北京中天博盛电力自动化设备有限公司
 379 10637 1182105198112 呷哺呷哺餐饮管理有限公司
 380 78411 9254105157035 北京圣德安讯科技发展有限公司
 381 74803 8823104575127 北京欧林特技术咨询有限公司
-12-
 382 10503 1168105009040 北京市第五建筑装饰工程有限公司
 383 78850 9306104527722 北京力源兴达科技有限公司
 384 72992 8617104688789 北京金久通贸易有限责任公司
 385 50282 5882104507561 北京海城房地产开发集团有限公司
 386 44305 5177104623417 北京宝怡和商贸有限公司
 387 76673 9045104685686 北京诚骋成科技发展有限公司
 388 63005 7411104833665 北京左岸时代传媒有限公司
 389 43907 5128104500928 北京筑信达工程咨询有限公司
 390 13141 1473104913116 北京市建设工程质量第三检测所有限责任公司
 391 34314 3928104547769 北京东方雨虹防水工程有限公司
 392 46426 5433104792054 北京晨一郎服装服饰有限公司
 393 51819 6063104989022 北京凯瑞英物业管理有限公司
 394 20746 2336104816990 北京爱保酒店管理有限公司劲松店
 395 57937 6790104598347 名洋国际会展（北京）股份有限公司
 396 51685 6048104759549 北京誉佳诚信商贸有限公司
 397 50604 5921104633737 北京亿方诚业咨询有限公司
 398 26080 2965104499516 北京洞庭苑餐饮有限责任公司
 399 12311 1372104480367 北京金凯园林工程有限公司
 400 12833 1435104559558 北京我爱迪迪信息技术有限公司
 401 42381 4948104727106 北京龙瑞琪科技发展有限公司
 402 40489 4699104602356 梅翠思生物科技（北京）有限公司
 403 64217 7570104830904 华通置业有限公司
 404 72766 8590104679245 前线网络信息技术（北京）有限公司
 405 10311 1150105083704 北京润达机械制造有限公司
 406 74909 8838104621839 北京精锐泽祥实验仪器有限公司
 407 28885 3287104707807 北京邦泰摩尔资产管理有限公司
 408 84673 9993104692739 北京鼎臣世纪高科技有限公司
 409 58542 6864104567686 北京市海淀区温泉镇高里掌村民委员会
 410 16974 1911104800308 北京中新国地工程造价咨询有限公司
 411 65764 7755104892816 中国建材检验认证集团股份有限公司
 412 80715 9538104536900 北京丰永丞天商贸有限公司
 413 48742 5711104719690 北京京铁商业服务有限公司北京西站分公司
 414 74297 8766104531363 北京中硕医药科技开发有限公司
 415 70993 8369104833496 北京神州天鸿科技有限公司
 416 11328 1257105020586 北京信达诚货运服务有限责任公司
 417 13314 1495104559263 北京燕化天钲建筑工程有限责任公司
-13-
 418 74037 8736105098047 北京财富传媒文化发展有限公司
 419 3953 0447104734570 北京中润万盛国际贸易有限公司
 420 33653 3854104608657 北京麦迪克斯科技有限公司
 421 34430 3940104554208 北京燕豪汽车销售服务有限公司
 422 27746 3156104962359 鼎兴联通（北京）网络科技有限公司
 423 58759 6887104990843 北京中邮恒润房地产开发有限责任公司
 424 4639 0525105109783 北京中首律师事务所
 425 8583 0963104513455 北京成林汇森家具有限公司
 426 46235 5409104486203 北京振威展览有限公司
 427 69647 8216104670759 北京市艾潇商贸有限公司
 428 24788 2813105091430 北京千狐同创广告有限公司
 429 9840 1099104527315 北京环贸通远商贸有限公司
 430 1303 0138104631247 北京鸿鑫嘉业门窗幕墙工程有限公司
 431 69219 8168104501725 安中国际石油化工（北京）有限公司
 432 5039 0570104522423 中粮国际（北京）有限公司北京销售分公司
 433 59 0006104525713 北京翼展科技有限公司
 434 82523 9750104539423 北京航天正信科技有限公司
 435 36030 4137105209331 中锦润江（北京）建筑装饰有限公司
 436 34315 3928104551002 北京天良博宇金属材料有限公司
 437 31006 3543104679034 顺义区南法信镇哨马营村村民委员会
 438 6084 0685104730217 北京东方美食研究院
 439 62682 7366104982018 北京锦绣双金好运商贸有限公司
 440 60092 7050104755093 北京德尔电气科技有限公司
 441 15420 1734104727656 北京康比特体育科技股份有限公司
 442 76719 9051104494887 中建华会计师事务所有限责任公司
 443 4464 0507104521975 北京勤为兄弟装饰有限公司
 444 26933 3063104979704 北京登通投资管理有限公司
 445 32096 3672104720763 北京长策天成公关策划有限公司
 446 38319 4427104473618 北京玉航国智咨询有限公司
 447 82403 9735104600589 北京盈科钻石工具有限责任公司
 448 62241 7313105188076 北京艺通万象教育科技有限公司
 449 34472 3946104496995 兰杜互联（北京）科技有限公司
 450 46610 5455104970409 北京久远双兴搬运服务有限公司
 451 38371 4435104492073 北京上品极致产品设计有限公司
 452 61286 7193104993036 北京博励宏创建材销售有限公司
 453 22127 2508104563754 北京安控科技股份有限公司
 454 63378 7465104730104 北京博邦食品配料有限公司
-14-
 455 63123 7428105089874 北京易云东方科技有限公司
 456 14636 1646104490340 北京承启达盛经贸有限公司
 457 66449 7834104678343 北京聚源锐思数据科技有限公司
 458 59578 6981105205005 北京同信兴业房地产经纪有限公司
 459 64184 7565105044849 民信阿里信息咨询（北京）有限公司
 460 48795 5717104744839 北京汉王智通科技有限公司
 461 5263 0594104561528 北京中科远恒科技有限公司
 462 4098 0463104756136 中检协（北京）广告有限公司
 463 74834 8826104817996 北京寅午伟业科技有限公司
 464 57239 6710104911071 北京卓华信息技术股份有限公司
 465 32475 3717104949680 北京新新精艺礼品有限公司
 466 60725 7124105109193 深圳市洲安装饰工程有限公司北京分公司
 467 80657 9530104550280 北京美利讯世界商用信息系统有限公司
 468 50939 5963104510534 中咨泰克交通工程集团有限公司
 469 38268 4420104536035 佳迪斯（北京）科技发展有限公司
 470 36679 4215104759183 北京汇通天天电子商务有限公司
 471 65042 7664105209306 北京陆通益达建筑劳务有限公司
 472 7230 0810104575758 北京优视米网络科技有限公司
 473 11356 1261104629461 北京精一东方商业投资管理有限公司
 474 28581 3251104694091 北京众驰伟业科技发展有限公司
 475 18234 2054104615173 北京国泰民康安全技术中心
 476 42430 4954104689692 北京万博新昌机电设备维修有限公司
 477 23282 2639104507994 北京广源博文文化发展有限公司
 478 31826 3638105219832 北京易世欧测技术服务有限公司
 479 57262 6713104729840 北京科荣达新技术有限公司
 480 54984 6436104756708 德美特涂料（北京）有限公司
 481 48551 5687104579880 北京星光伟业运输有限责任公司
 482 7407 0830105183345 北京汉普在线文化发展有限公司
 483 75036 8851104781911 北京东方宫餐饮管理有限公司
 484 47949 5615104591850 北京恒世基业投资有限公司
 485 47652 5580104509756 北京意诺佳科技有限公司
 486 7933 0887105194744 中国公园协会
 487 67631 7976105096455 北京应物会议中心
 488 21401 2415104685829 北京达富乐贸易有限公司
 489 19400 2190104914668 北京英睿元思科技发展有限公司
 490 21394 2413104882632 北京诺动威亚自动控制技术有限公司
 491 52585 6152104545542 北京博飞电子技术有限责任公司
-15-
 492 56147 6583104625946 北京可口可乐饮料有限公司
 493 26620 3026104482407 北京长润化工有限公司
 494 13887 1559104587472 北京视通天地科技发展有限公司
 495 54830 6418104551535 北京安泰华信贸易有限公司
 496 11322 1257104683680 北京中兴通软件科技股份有限公司
 497 1886 0207104728586 北大方正集团有限公司
 498 31944 3656104530190 普瑞麦迪（北京）实验室技术有限公司
 499 79178 9343104597106 北京达美枫叶科贸有限公司
 500 56091 6577104583615 北京云曦房地产顾问有限公司
 501 42382 4948105194214 北京海通信德科技有限公司
 502 31465 3599104653241 北京麦克奥特曼科技有限公司
 503 23973 2726104706741 北京南隆建筑装饰工程有限公司
 504 82513 9749104630229 北京明尼克分析仪器设备中心
 505 66288 7815104483315 北京鹏达利华商贸有限公司
 506 31142 3558104575381 北京上品科技发展有限责任公司
 507 49931 5841104739355 北京金佰利家具有限责任公司
 508 78266 9235104683677 北京中兴通软件科技股份有限公司
 509 45144 5273104670437 北京伏牛山纸业有限公司
 510 20694 2332104714859 北京现代海斯克钢材有限公司
 511 76073 8975104598837 北京汇杰伟业汽车销售服务有限责任公司
 512 34624 3963104501627 北京青青小美中式快餐有限公司
 513 2316 0255104664036 北京明泰建筑工程有限公司
 514 9200 1024105022588 北京日出枫林园林工程有限公司
 515 244 0027104496958 国都证券股份有限公司
 516 82576 9755105190966 北京中绿建建设工程有限公司
 517 13782 1546104970537 北京阳都化学产品有限公司
 518 26885 3059104552225 北京启明房地产经纪有限公司
 519 9588 1071104668065 北京华大吉比爱生物技术有限公司
 520 24542 2788104671523 北京三维天地科技有限公司
 521 77813 9183104554771 葛洲坝能源重工有限公司
 522 59256 6945104979044 北京宏金运达租赁有限公司
 523 31539 3606104510610 北京向阳宏达建筑工程有限公司
 524 16875 1898104884627 北京冠华荣信系统工程股份有限公司
 525 68813 8115104498223 北京镐瑞科技有限公司
 526 8895 0995104516149 北京洪鑫宝业科技发展有限公司
 527 65330 7698104513607 北京东鑫达昌科技有限责任公司
 528 82188 9706104848822 北京麦可伦机电设备有限公司
-16-
 529 58470 6855105115096 北京市康盛律师事务所
 530 6912 0776105040005 东方简易（北京）文化传播有限公司
 531 40545 4705104600255 无与伦比（北京）国际文化有限公司
 532 76057 8973104485061 优视汇众传媒广告（北京）有限公司
 533 37368 4303104531440 北京和顺祥科技有限公司
 534 1172 0123104664028 北京北苑丰田汽车销售服务有限公司
 535 12603 1407104682343 北京福宇通国际货运代理有限公司
 536 17087 1923104554192 北京百锐联合商贸有限公司
 537 68153 8039104976758 北京富申联合供应链管理有限公司
 538 77242 9116104556147 北京北大先锋科技有限公司
 539 66381 7827104482210 北京合纵畅达金属制品有限责任公司
 540 16511 1859104685551 北京国基科技股份有限公司
 541 42722 4990104680424 北京市香水湾休闲商务会馆有限责任公司
 542 74085 8743104590520 世纪万特（北京）商业管理有限公司
 543 60976 7157104670690 智雅创意（北京）科技有限公司
 544 83426 9849105075891 北京正印科技有限公司
 545 30040 3424104515777 北京齐力源文化有限公司
 546 17962 2023104521906 北京华威家具制造有限公司顺义分公司
 547 53832 6297105029596 中食净化科技（北京）股份有限公司
 548 17421 1963104671147 北京赛普瑞特设备有限公司
 549 13643 1531104736672 北京正实同创环境工程科技有限公司
 550 56974 6679104788764 北京时代新筑装饰有限公司
 551 82260 9716104666256 北京高视远望科技有限责任公司
 552 59720 6998104964852 北京秦川大地能源贸易有限公司
 553 22357 2532104750295 中国支付清算协会
 554 54637 6394104730589 北京金美建筑装饰装修工程有限公司
 555 62997 7410104480384 北京新奥军伟运输有限责任公司
 556 67845 8002104512145 北京银建运输有限公司
 557 84645 9991104522193 北京睿阳科技有限公司
 558 7099 0796104493110 北京盛丰物流有限公司
 559 13700 1537104801589 北京拂晓科技发展有限公司
 560 57393 6728105082431 北京知力汇铖文化有限责任公司
 561 50531 5912104574995 北京今朝装饰设计有限公司
 562 52463 6135104802525 北京首钢饮食有限责任公司
 563 19796 2233104673411 北京荣家园酒店管理有限公司
 564 38232 4416104554475 北京科瑞迈科技有限责任公司
 565 64868 7644104839359 北京中柏创业化工产品有限公司
-17-
 566 16 0002104680723 国泰财产保险有限责任公司北京分公司
 567 81975 9682104558836 北京万兴建筑集团有限公司二分公司
 568 1144 0121104489164 北京世纪鼎点软件有限公司
 569 81316 9608104538965 北京中赢典当有限公司
 570 67877 8005104586703 北京成方策科贸有限公司
 571 14423 1619105020676 北京天辰知行企业管理有限公司
 572 21259 2395104831971 北京美良皮革时装有限公司
 573 45223 5283104475386 中京保安服务（北京）有限公司
 574 77797 9181104496001 大河鸿云商贸（北京）有限公司
 575 66540 7844105181531 北京智方科技开发有限公司
 576 3729 0420104505069 北京耀权科技有限公司
 577 83000 9801104591305 北京升华电梯有限公司
 578 32833 3763104746924 北京天一印象广告设计制作有限公司
 579 71554 8437104915389 北京强佑房地产开发有限公司
 580 50852 5953104671489 九源天能（北京）能源技术有限公司
 581 39783 4613104608311 北京岱摩斯变速器有限公司
 582 47909 5611104530477 北京慧行天下国际旅行社有限公司
 583 68545 8084104498752 北京扬帆聚鑫文化发展有限公司
 584 1497 0160104811670 北京沃林渔业有限公司
 585 9371 1047104929500 北京博盛发电子科技有限公司
 586 65544 7725104480889 北京翼捷世纪科技有限公司
 587 53701 6282104982520 北京乐信诚通科技有限公司
 588 67451 7957105044245 北京珊达兴业科技发展有限责任公司
 589 22895 2596104822158 北京金泰恒业燃料有限公司
 590 29478 3358104521148 北京泰达世纪科技发展有限公司
 591 17161 1931104666719 华夏新国际体育娱乐（北京）有限公司
 592 61055 7166104665701 北京华尊卓越制冷设备有限公司
 593 63543 7488105082828 北京精益瑞康医疗器械有限公司
 594 8988 1004104829730 北京春晖园文化娱乐有限责任公司
 595 50699 5932105184079 北京魅力华擎国际文化传媒有限公司
 596 74978 8845104600279 北京乐康全生物科技有限公司
 597 54290 6352104803838 北京福浩工程咨询有限公司
 598 22745 2580104575612 北京德胜文成广告有限公司
 599 18558 2092104684155 北京圆通建安装饰工程有限公司
 600 30024 3421104783728 北京迈克达威体育文化发展有限公司
 601 20706 2333104630587 北京齐鲁太阳纸业经贸中心
 602 52688 6162104730546 北京鼎开互联信息技术有限公司
 603 20824 2346104535520 北京博康姆信息技术有限公司
-18-
 604 30486 3480104578601 北京左家庄大鸭梨餐饮有限责任公司
 605 42551 4968104554375 北京江南博仁科技有限公司
 606 61002 7160104633495 北京富工浩德信息科技有限公司
 607 14497 1628104474853 北京《兵器》杂志有限责任公司
 608 29280 3336104513664 北京巨鑫宏昌商贸有限公司
 609 72816 8595104525953 北京乾茂兴业科技发展有限公司
 610 59269 6948104596250 北京弘德普盛医药科技有限公司
 611 69564 8204104802733 北京润都环境科技有限公司
 612 51813 6063104482418 北京首融汇科技发展有限公司
 613 20264 2285104699067 北京芮驰耐尔科技有限公司
 614 47567 5568104734099 北京和平铝型材有限责任公司
 615 17611 1984104992323 北京数码视讯科技股份有限公司
 616 2623 0291104696794 北京铭博装饰有限公司
 617 68638 8094104547418 北京阳光智博科技有限公司
 618 18299 2062105081734 北京润鸿天成自动化技术有限公司
 619 28861 3285104514074 北京中建九鼎建筑工程有限公司
 620 84044 9921104497705 北京海盛通达包装制品有限公司
 621 31035 3546104685915 北京福安建筑工程有限公司
 622 14524 1631104482119 北京京城保安服务有限公司
 623 62969 7405104915262 北京冠通伟信网络科技有限公司
 624 51839 6066104492076 华清农业开发有限公司
 625 50716 5934105073660 北京市优普实业发展有限公司
 626 38088 4397104510653 北京金诚维客科技有限公司
 627 42436 4955104495820 东芝医疗系统（中国）有限公司
 628 36236 4163104540138 悦读名品文化传媒（北京）有限公司
 629 27099 3084104510168 北京大地鸿鼎房地产经纪有限公司
 630 76281 8999104746256 北京细阳塑料制品有限公司
 631 34158 3910104972809 北京瀚观国际广告有限公司
 632 60256 7072104489537 交银康联人寿保险有限公司北京市分公司
 633 14275 1603104548650 北京时代联创科技有限公司
 634 41530 4841104552057 中国建筑标准设计研究院有限公司
 635 30147 3437104526455 北京慧清科技有限公司
 636 71815 8476105045350 北京科晶天润玻璃有限公司
 637 27085 3082104564122 北京杰利阳能源设备制造有限公司
 638 38059 4392104802851 北京聚远谊桥医疗用品有限公司
 639 43666 5101104922400 北京市密云水库福利木器厂
 640 33089 3790104581477 北京国能中电节能环保技术有限责任公司
-19-
 641 51047 5974104528585 北京天仕博科技有限公司
 642 24422 2774104638504 北京同心行科贸有限公司
 643 79354 9365104958813 北京智云众网络科技有限公司
 644 48346 5663104525003 北京时阳电子科技有限公司
 645 44633 5211104737943 北京宏宇福运物流有限公司
 646 50068 5857104566890 北京富士特锅炉有限公司
 647 40791 4740104853125 北京玉观音快餐有限公司
 648 15976 1797104559805 北京朗朔机械工程施工有限公司
 649 76097 8977104931432 北京盛世业宸文化发展有限公司
 650 48076 5631104562997 北京宇阳泽丽防水材料有限责任公司
 651 6341 0712104833724 北京泰利同鑫科技有限公司
 652 35992 4132104581148 北京科瀚伟业教育科技有限公司
 653 78603 9278104523580 北京锐安科技有限公司
 654 19234 2171104621953 中国电力建设工程咨询有限公司
 655 83709 9881104539828 北京匡正宣略税务师事务所有限责任公司
 656 6182 0695104603981 北京佳星瑞途科技有限公司
 657 74438 8782104501528 北京佳政佳和知识产权代理有限公司
 658 53705 6283104552452 鼎丰国际拍卖有限公司
 659 64489 7602104608352 北京博润嘉业房地产开发有限公司
 660 18566 2093104556582 北京信海丰园生物医药科技发展有限公司
 661 62981 7407104727130 北京捷恩纸张销售中心
 662 2181 0239104525921 北京中坤货物运输有限公司
 663 81255 9600104870572 上海鸿翼软件技术股份有限公司北京分公司
 664 25111 2852104694795 北京格林凯默科技有限公司
 665 9309 1038105119836 北京山外有文艺创作工作室（普通合伙）
 666 37539 4326104752398 北京瑞雪春堂房地产有限公司
 667 63453 7475105145698 北京峰盛博远科技股份有限公司
 668 30516 3483104969241 北京叶氏企业集团有限公司
 669 60257 7072104539336 北京联盛设备安装检修有限公司
 670 30579 3492104563251 北京华诺天创食品有限公司
 671 59353 6956104673266 北京康冠德投资管理有限公司
 672 80492 9509104606804 北京信威永胜通信技术有限公司
 673 32997 3779104665876 北京航天联志科技有限公司
 674 6614 0745104713438 北京鸿坤国际大酒店有限公司
-20-
 675 19890 2244104505325 北京水木港湾建筑装饰工程有限公司
 676 14624 1644104685992 北京知行社投资咨询有限公司
 677 7206 0807104670596 北京中原房地产经纪有限公司
 678 649 0068105145695 北京峰盛博远科技股份有限公司
 679 82016 9685105231665 北京新科瑞达电气设备有限公司
 680 26461 3010104573668 北京京东世纪信息技术有限公司
 681 44858 5240104473282 橘树（北京）文化传媒有限公司
 682 63742 7510104667898 北京市朝阳区向日葵艺术幼儿园
 683 69940 8249104881087 海强同创科技（北京）有限公司
 684 82886 9788104835295 北京霄汉清禾科技有限公司
 685 66372 7825105135388 北京华联苏氏餐饮管理有限公司
 686 79760 9416104982202 银华财富资本管理（北京）有限公司
 687 42541 4966104884787 利安达会计师事务所（特殊普通合伙）
 688 23965 2725104941948 北京博尚蓝逸科技有限公司
 689 82096 9695104548093 北京宝山商务酒店
 690 58100 6809104653072 北京阳光万康医疗器械有限责任公司
 691 58290 6831104589037 北京道原广告有限公司
 692 39202 4541104575198 北京一诺融通管理咨询有限公司
 693 14523 1630105175970 尼玛克焊接技术（北京）有限公司
 694 72785 8591104575909 北京增能社会工作促进发展中心
 695 22241 2518105193812 泰瑞数创科技（北京）有限公司
 696 82818 9782104507862 北京清大文创教育科技中心
 697 23235 2634104777367 北京川德阳光机电设备有限公司
 698 35325 4048104504901 北京市亿丰伟业木制品制造有限公司
 699 12529 1397104484339 五洲贸发（北京）进出口有限公司
 700 62058 7290104868945 北京微视新纪元科技有限公司
 701 83274 9832104571454 北京鑫怡嘉盛物业管理有限公司
 702 45582 5330104664029 北京北苑丰田汽车销售服务有限公司
 703 72539 8563104530813 嘉实瑞沃德（北京）商贸有限公司
 704 60482 7097104772029 北京京颐渝乡餐饮有限公司
 705 61359 7201104868723 北京汉今国际文化发展有限公司
 706 82831 9783104694580 北京聚诚友联系统集成有限公司
 707 70957 8366104577064 北京肯德基有限公司
 708 77096 9099104488892 北京昊海华翔科技有限公司
 709 71012 8371104514460 北京旋达通科技发展有限公司
 710 59815 7013104609930 北京拱辰建业建筑工程有限公司
 711 46500 5443104538955 北京山泽基业科技有限公司
 712 63840 7521104591981 北京祥龙博瑞汽车服务（集团）有限公司博瑞陆鼎汽车商行
-21-
 713 7168 0803104621560 北京顺开物业管理有限公司
 714 76825 9065104700434 北京北岳伟业数码科技有限公司
 715 18124 2043104490148 北京嘉林药业股份有限公司
 716 23159 2626104690148 北京金兴基业经贸有限公司
 717 11316 1257104479326 北京紫色传奇艺术传播有限公司
 718 26945 3065104588843 华运中瑞（北京）汽车部件有限公司
 719 27656 3147104664869 英特沃斯（北京）科技有限公司
 720 42498 4961104658325 新晨科技股份有限公司
 721 20913 2356104614272 北京美时美刻文化发展有限责任公司
 722 78176 9223104806512 北京张国久律师事务所
 723 33139 3795104631737 北京中咨海外咨询有限公司
 724 2158 0237104577299 北京众盈天成科技有限公司
 725 57009 6683105002623 北京点开科技有限公司
 726 20151 2272104481916 北京盛达通诚科技有限公司
 727 65969 7777104506972 北京蓝天碧水纸制品有限责任公司
 728 44931 5248104954638 北京奥特翔游乐设备有限公司
 729 69092 8151104748698 北京航翔广告有限公司
 730 21791 2468104488040 北京宏德医药有限公司
 731 76109 8978105096144 北京中世益妙生物科技有限公司
 732 56600 6638104927118 北京太运大厦有限公司
 733 72840 8597105191296 北京神州牧阳能源技术有限公司
 734 19958 2253105100890 北京慧峰诚信科技有限公司
 735 27906 3174104546007 北京经通伟达科技有限公司
 736 83996 9915104701071 北京毅嘉世纪网络技术有限公司
 737 75923 8957104492171 北京市中建建友防水施工有限公司
 738 9458 1056104771865 北京电建电力工程有限公司
 739 21527 2432104557495 北京淘质折艺纸制品有限公司
 740 68261 8051104864257 北京昊业国际物流有限公司
 741 8804 0985105147805 北京富通经纬科技有限公司
 742 50165 5867104981680 北京万东康源科技开发有限公司
 743 37672 4340104569402 北京市欣京州建筑公司
 744 22282 2523105257347 人民日报出版社有限责任公司
 745 79169 9341104955598 北京奕通宏达建筑安装工程有限公司
 746 32035 3665105008314 北京元一车饰有限公司
 747 22418 2539104933626 国都兴业信息审计系统技术（北京）有限公司
 748 54662 6398104471975 北京中戟神创科技发展有限公司
 749 83802 9892104889456 北京冠城新泰房地产开发有限公司
-22-
 750 71503 8430104554355 北京贯中精仪科技有限公司
 751 81009 9571104528456 名门国际货运代理（北京）有限公司
 752 7669 0861105031104 北京景圣东方科技有限公司
 753 54751 6407104498736 天络行贸易（北京）有限公司
 754 41145 4788104559434 中铁建（北京）物业管理有限公司
 755 5099 0576104549113 吉恒易通工程咨询（北京）有限公司
 756 12443 1388104739449 北京恒通精诚金属材料有限公司
 757 70381 8298104589019 北京保亿辰旭医用设备有限公司
 758 3474 0389105240791 北京磐桥国际贸易有限公司
 759 41209 4798104505621 北京嘉德顺通物流有限公司
 760 16863 1898104485147 北京五洲佳润投资管理有限公司
 761 26026 2957104725901 北京友邦运通物流有限公司
 762 8004 0895104620389 北京恒昌祥瑞电子技术有限公司
 763 49221 5761104881023 北京力通科源技术有限公司
 764 68425 8070104622007 北京筱竹林餐饮有限公司
 765 74619 8802104964197 北京冲伟佳业家具有限公司
 766 75720 8931104820466 北京能泰高科环保技术股份有限公司
 767 71929 8491104580571 北京市盛丰小额贷款有限责任公司
 768 48920 5730104592090 北京御都家具制造有限公司
 769 18847 2125104799960 北京圣典佳业科技发展有限公司
 770 31955 3656105212399 北京市天元网络技术股份有限公司
 771 1858 0204104570873 北京世界星辉科技有限责任公司
 772 5419 0610105058013 北京以岭药业有限公司
 773 44115 5155104513128 北京迎客松商贸有限公司
 774 33694 3857105058336 北京圣博润高新技术股份有限公司
 775 55468 6504104490596 北京德氏易盛咨询服务有限公司
 776 40504 4701104512207 银建物业服务有限公司
 777 10857 1207105039048 北京兴海创业投资管理有限公司
 778 75278 8877104501797 北京德奥达汽车销售有限公司
 779 62560 7351104535243 北京凌斐鸿科贸有限公司
 780 72835 8597104495493 北京嘉恒设备安装有限公司
 781 43551 5088105246880 大悦瀚辰（北京）影业投资有限公司
 782 74988 8846104688431 北京稻香盛源环境管理有限公司
 783 70010 8255104904875 赛尔互联（北京）教育科技有限公司
 784 35008 4007104512083 北京银建实业股份有限公司
 785 79819 9426104557091 北京中寰工程项目管理有限公司
 786 48932 5731104707805 北京邦泰摩尔资产管理有限公司
 787 18089 2037105162483 北京市顺义区马坡镇石家营村经济合作社
-23-
 788 63533 7487104656671 北京天超仓储超市有限责任公司
 789 22808 2586104756277 中国兵工物资北京有限公司
 790 5542 0624104479551 北京星华永泰科技有限公司
 791 5985 0674104994867 北京万兴金利机械施工有限公司
 792 65038 7663105094843 中海苑（北京）酒店管理有限公司
 793 51399 6018104521402 北京国网联合电力科技有限公司
 794 67498 7963104576077 北京博尚科网络技术有限公司
 795 42161 4922104786644 北京植众联合工程技术有限责任公司
 796 73171 8636104868469 北京聚龙科技发展有限公司
 797 38576 4463104621949 中国电力建设工程咨询有限公司
 798 21700 2455105215085 北京人民电器厂有限公司
 799 3449 0386104797915 北京沧中亿德商贸有限公司
 800 44826 5234105132362 北京威特斯电子技术有限公司
 801 58217 6821104560868 北京盛恒益科技有限公司
 802 35816 4112104996950 北京国电博利电力工程有限公司
 803 51847 6066104855130 北京黄记煌餐饮管理有限责任公司
 804 69645 8216104600176 国金黄金集团有限公司
 805 75591 8916105244549 北京地大景华图文制作有限公司
 806 48274 5654104697633 北京溢彩方圆纸制品有限公司
 807 21057 2373104784677 北京燕兰楼清真餐饮管理有限公司海淀餐饮分公司
 808 70397 8300104596643 北京成发伟业五金交电有限公司
 809 49314 5772104699111 北京博文宏业科技发展有限公司
 810 1586 0171104622025 北京华信辰星科技有限公司
 811 79823 9426104603012 北京东方名剪美容美发连锁有限公司第十六分公司
 812 25633 2912104534963 北京飞翔兴业科技有限公司
 813 53093 6208104534918 北京克兰茨技术有限公司
 814 58031 6801104530619 青松老年看护服务（北京）有限公司
 815 35757 4105104495099 北京剑江制衣集团
 816 22713 2575104890493 北京城建华夏基础建设工程有限公司
 817 14214 1596104755120 北京中环广告有限公司
 818 73326 8654104721523 国电森源（北京）电力设备有限公司
 819 25688 2918104686098 中国国机重工集团有限公司
 820 57632 6756104496701 北京联永信科技有限公司
 821 8397 0941105010890 中粮面业营销管理（北京）有限公司
 822 26113 2968104797630 北京市艺朗装饰装修有限责任公司
 823 32013 3664104540401 北京盛通万安机电设备安装工程有限公司
-24-
 824 26414 3005104506598 北京中智博咨询有限公司
 825 80592 9521105145763 北京创享鑫诚科技有限公司
 826 25100 2851104510499 北京驷马酒店
 827 77435 9137105089667 北京市新万安汽车配件有限公司
 828 50916 5961104484021 北京鑫昌达货物运输代理有限责任公司
 829 13307 1494104875682 北京卡博洛服饰有限公司
 830 52053 6088104667384 北京恒泰盛远餐饮管理有限公司
 831 57000 6682104920147 北京谷雨建筑设计有限公司
 832 53578 6267104525781 化学工业出版社印刷厂
 833 59112 6927104736227 北京北辰汽车租赁有限公司
 834 28010 3186104694876 北京国农基业科技发展股份有限公司
 835 70053 8261104611906 北京振华顺祥科技发展有限公司
 836 39173 4536104796684 北京蓝调雨桐文化艺术有限公司
 837 18164 2047104574422 北京花乡盛芳国际花卉文化产业有限公司
 838 50082 5858104992139 上德大象（北京）文化发展有限公司
 839 4228 0479105006369 北京意创天下广告有限公司
 840 658 0070104591708 北京洁简天兴商贸有限责任公司
 841 81751 9657104485737 河南中基建工防水装饰集团有限公司北京分公司
 842 77855 9188104580777 雅耐极国际贸易（北京）有限公司
 843 58213 6820104746369 北京今创投资顾问有限公司
 844 69968 8251104996461 中航汇盈（北京）展览有限公司
 845 10439 1162104480333 北京市永乐顺通市政工程有限公司
 846 65072 7668104490999 神州畅游导航科技（北京）有限公司
 847 11945 1329104559115 安邦资产管理有限责任公司
 848 78087 9213104603886 北京知行灵动科技有限公司
 849 31741 3630104540148 北京华新宏图教育科技有限责任公司
 850 19448 2196105010882 北京远见卓越广告有限公司
 851 58957 6910104585342 北京信融君悦房地产顾问有限公司
 852 49970 5846104531159 北京天润安氏照明器材有限公司
 853 80732 9540104510812 北京神导科讯科技发展有限公司
 854 30537 3487104502232 北京瀚海浩达物业管理有限公司
 855 36430 4187104705480 清投视讯（北京）科技有限公司
 856 32105 3673104817754 北京洁士麟环境工程有限公司
 857 3803 0430104482317 北京四方博宇科技有限公司
 858 25434 2889104504828 北京福泽天润环境工程技术有限公司
 859 73772 8706104497847 北京东进航空科技股份有限公司
-25-
 860 50491 5906104707804 北京邦泰摩尔资产管理有限公司
 861 55558 6514104776492 北京四通纵横物流有限公司
 862 54861 6422104556839 驷骊千骑科技（北京）有限公司
 863 57090 6694104527565 北京中公高远汽车试验有限公司
 864 81981 9683104484860 北京市惠鑫发消防器材有限公司
 865 29306 3338104535393 北京北方车辆智能装备技术有限公司
 866 26246 2985104565614 北京蓝汛通信技术有限责任公司
 867 25084 2849104563117 北京蓝色光标公关顾问有限公司
 868 72697 8582105218814 北京控股足球俱乐部有限公司
 869 81304 9606104654232 北京筑标税务师事务所有限公司
 870 4549 0516104591640 北京中科万合科技有限公司
 871 48851 5722105229505 北京大北服务有限责任公司四块玉商务会馆
 872 69098 8152104599106 北京市同安科技开发公司
 873 25030 2842104483516 多盟智胜网络技术（北京）有限公司
 874 60600 7109104909924 北京佳瑜新天贸易有限公司
 875 15261 1714105095536 北京五方中冀汽车销售有限公司第一分公司
 876 52619 6155104853165 北京水木言文化传播有限公司
 877 46765 5478104529073 北京索富通达软件技术有限公司
 878 15975 1796105072924 北京赛惟咨询有限公司
 879 15521 1747105016441 建元装饰股份有限公司
 880 13155 1475104489117 中咨华科交通建设技术有限公司
 881 84067 9923104530665 佩尔哲汽车内饰系统（太仓）有限公司北京分公司
 882 19175 2165104485846 北京益生悠乐贸易有限公司
 883 78578 9275104746370 北京今创投资顾问有限公司
 884 77815 9183104752923 柏定生物工程（北京）有限公司
 885 7031 0788104531097 北京三江华晨汽车销售服务有限公司
 886 57565 6749104890125 北京百成首信房地产评估有限公司
 887 28576 3250105088394 北京炜博盛消防工程有限公司
 888 76300 9001104633320 北京荣昌科技服务有限责任公司
 889 37949 4376104713740 北京鑫涛浴都餐饮有限公司
 890 35370 4053104986069 中电普瑞电力工程有限公司
 891 77450 9139104697467 中乐汇（北京）电子商务有限公司
 892 61030 7163104678339 北京科桥永信咨询服务有限公司
 893 38457 4447105116048 北京九城口岸软件科技有限公司
 894 29820 3396104540404 北京盛昱瑞创科技发展有限公司
-26-
 895 26891 3059104674945 北京荣邦瑞明投资管理有限责任公司
 896 20766 2338104510744 北京浩宇波科技有限公司
 897 60952 7155104491522 北京钧源达建筑工程有限公司
 898 40663 4721104892006 美中游（北京）电视传媒有限公司
 899 68913 8127104705622 北京宏森经典建筑装饰工程有限公司
 900 13831 1553104581278 中关村新兴网络教育开发研究院
 901 71581 8441104536899 北京市石景山区乐龄老年社会工作服务中心
 902 5391 0607104614868 北京帕克国际工程咨询股份有限公司
 903 35157 4024105131856 北京顺达昌隆汽车修理有限公司
 904 14899 1674104822175 北京灵真公关顾问有限公司
 905 10107 1127104475778 怡升科技（北京）有限公司
 906 65591 7731104755473 北京朝闻文化传媒有限公司
 907 55702 6530104940138 北京市惠佳丰劳务服务有限责任公司
 908 54656 6396105232411 北京华立建筑装饰工程有限公司
 909 21170 2387104583334 北京星海星科技发展有限公司
 910 64205 7569104522974 北京凯通物资有限公司
 911 41758 4870104472013 北京志峰伟业人力资源管理顾问有限公司
 912 9459 1056104830742 北京路鹏达市政工程有限责任公司
 913 58251 6826104563188 北京企信融合科技有限公司
 914 37336 4298104530516 北京城联建筑装饰工程有限公司
 915 56211 6591104714223 北京万源盛业装饰设计有限公司
 916 35686 4094104847163 北京空中信使信息技术有限公司
 917 63231 7444105085825 北京医保天坛医疗设备销售中心
 918 4166 0472104628580 北京华联万贸购物中心经营有限公司
 919 22275 2523104533384 北京九天创世科技有限公司
 920 53400 6243104840253 北京奥龙飞腾科技有限公司
 921 22666 2569104524624 北京天宏博科技有限公司
 922 33504 3835104784578 北京鑫三通汽车维修服务中心
 923 34749 3977104523651 北京万方苑国际酒店有限公司
 924 45934 5374104523654 北京东方伟业广告有限公司
 925 11819 1315104759639 北京华泰焦化工程技术有限公司
 926 72540 8563104561270 北京思科沃德国际贸易有限公司
 927 30642 3500104563779 北京博毅展览展示有限公司
 928 79930 9440104521767 北京富来宫会议中心有限公司
 929 33710 3860104481463 北京安泰恒工程项目管理有限公司
 930 79214 9346104967653 诺浩机电（北京）有限公司
-27-
 931 76387 9010104694395 北京瑞安达消防工程有限公司
 932 6103 0688104480335 北京市永乐顺通市政工程有限公司
 933 31782 3635104481446 北京博美瑞科贸有限公司
 934 1691 0183104801008 北京科星瑞特电磁兼容工程技术有限公司
 935 26294 2990104961500 北京京峰昌盛食品有限公司
 936 78677 9285104918724 北京顺天卓达装饰工程有限公司
 937 68738 8106104636559 中船重工建筑工程设计研究院有限责任公司
 938 63680 7504104603421 北京海斯特商业顾问有限公司
 939 67709 7986105213805 ＜＜人民论坛＞＞杂志社
 940 26159 2973105004885 北京智锐纵横科技发展有限公司
 941 1864 0205104536299 北京安诚仪典当有限责任公司
 942 58639 6876105183779 都安（北京）保安服务有限公司第一经营部
 943 55131 6457104538741 北京波士瑞达汽车销售服务有限公司
 944 58463 6855104686636 北京宏发电声继电器有限公司
 945 78331 9244104588274 北京盛元汇视文化传媒有限公司
 946 67992 8018104472093 北京意诚远耀勘测设计有限公司
 947 2779 0309104547958 北京中电联众电力技术有限公司
 948 1121 0118104775872 北京汇品传媒广告有限公司
 949 58328 6836104481660 北京中体网科技发展有限公司
 950 75924 8957104497474 城市科学规划设计研究院有限公司
 951 42255 4932104517222 北京安智科为科技有限公司
 952 56786 6660104687006 北京紫荆捷控科技有限公司
 953 18388 2073104580605 北京睿力恒一物流技术股份公司
 954 15514 1746104825414 北京恒信永昌科技发展有限公司
 955 75884 8953104480373 北京阔达尚居装饰有限责任公司
 956 38078 4395104866904 北京旭成广告有限公司
 957 55361 6489105242596 北京随心影视文化交流有限公司
 958 73942 8726104711124 北京中清联合房地产信息咨询有限公司
 959 3081 0345104633291 北京中安宾馆
 960 22286 2524104491622 北京世家精品酒店有限公司
 961 34950 4001104523610 北京光石普罗照明设计有限公司
 962 60492 7098105227279 北京八方传媒广告有限公司
 963 20947 2359104807231 北京天威诚信电子商务服务有限公司
 964 26675 3034105184900 北京东朝基业投资管理有限公司
 965 72538 8562105065763 北京华宇世纪投资有限公司华宇假日酒店管理分公司
-28-
 966 35656 4091105089078 北京合顺天科技有限公司
 967 62396 7329105081646 北京瀚海育人文化发展有限公司
 968 56561 6635104952794 北京朗信海洋科技有限公司
 969 11043 1225104504424 北京大成天润科贸有限公司
 970 62253 7315104689128 北京世奥物业管理有限公司
 971 51668 6046104758761 北京汇鑫冠辉教育科技有限公司
 972 84271 9945105015264 北京志愿服务发展研究会
 973 21176 2387105022750 北京中油协工程建设监理有限责任公司
 974 80835 9553104839318 北京普康卫宁医疗器械有限公司
 975 51537 6031104556211 北京洪天力药业有限公司
 976 48747 5712104657143 北京市桥牌协会
 977 63092 7424104753240 北京荣兴伟业物流有限公司
 978 61006 7160104771712 北京城建中南土木工程集团有限公司
 979 52323 6119104882340 北京同仁堂药材有限责任公司
 980 28547 3247104567697 北京铭新同创纸制品有限公司
 981 69762 8227104936256 北京华伦新光科技发展有限公司
 982 29522 3363104510868 北京大成科创电力设备有限公司
 983 21602 2442104890264 北京宏昌元瑞医疗器械有限公司
 984 42506 4962104533417 北京楚缘美食文化有限公司
 985 36960 4249104690785 北京源音创新数码科技有限公司
 986 19601 2213104707106 北京国电盛通电力工程有限公司
 987 72434 8550104502770 北京大唐万邦复制技术发展有限公司
 988 16269 1832104739235 北京共建恒业通信技术有限责任公司
 989 10526 1171104768863 北京耐威时代科技有限公司
 990 72935 8610104828550 北京仁创砂业科技有限公司
 991 23317 2644104667829 北京兴远房地产经纪中心
 992 79516 9386104481638 北京琦丰伟业建筑工程有限公司
 993 60599 7109104739365 北京古船油脂有限责任公司
 994 45424 5307104956334 北京星辰合力影视文化传媒有限公司
 995 75929 8957104559811 中创富通（北京）科技有限公司
 996 26091 2966104663483 中铝物资供销有限公司
 997 37692 4343104602468 北京腾迪会计服务有限公司
 998 28456 3237104552421 北京宝隆科利科技有限公司
 999 70645 8329104701543 北京市顺义区博华外国语学校
 1000 42675 4985104525986 北京瑞诚泰达经贸有限公司
 1001 5596 0630104658532 北京晟日安维机电工程有限公司
 1002 30938 3534104540021 北京鸿福豪业珠宝首饰有限公司
 1003 74797 8822104925610 北京万顺达房地产开发有限公司
-29-
 1004 80795 9549104591061 北京中铁慧通技术发展有限公司
 1005 24256 2757104646062 北京光泽时代通信技术有限公司
 1006 42703 4988104730547 北京鼎开互联信息技术有限公司
 1007 35611 4086104817925 北京尚合创诚文化传播有限公司
 1008 22272 2522104658926 北京波士山汽车销售服务有限公司
 1009 48697 5704104483570 北京亿乐天雄电子商务有限责任公司
 1010 27138 3087105264777 北京腾鸿源农贸市场有限公司
 1011 59705 6997105078019 北京沈缆南区线缆有限公司
 1012 79075 9331105029157 北京钧源达建筑工程有限公司第一分公司
 1013 21619 2444104977157 北京高新利华催化材料制造有限公司
 1014 59254 6945104826676 北京鑫佳众成房地产经纪有限公司
 1015 37244 4287104707793 北京新中港商贸有限公司
 1016 5428 0611104950805 北京将太无二餐饮有限责任公司西城分公司
 1017 38891 4499104997004 北京华铭运输有限公司
 1018 63161 7433104737231 北京中意厨房设备有限公司
 1019 74435 8781104783891 安盛天平财产保险股份有限公司北京分公司东城营销服务部
 1020 52937 6190104528224 北京高能新技术有限公司
 1021 47942 5614104630880 北京帆鹰普瑞特科技有限公司
 1022 46128 5396104764806 北京慧点科技有限公司
 1023 46035 5386104798087 北京永兴源工贸有限责任公司
 1024 22827 2588104482238 北京北汽九龙出租汽车股份有限公司
 1025 38937 4506104571036 奇飞翔艺（北京）软件有限公司
 1026 56871 6668104892458 北京捷迅通物流有限公司
 1027 23672 2688104495326 北京兴建天创装饰工程有限公司
 1028 60471 7096104678774 北京好尚思商贸有限责任公司
 1029 4906 0555104681409 北京天下图信息技术有限公司
 1030 25446 2890104606420 北京龙湖天行置业有限公司
 1031 11055 1226104490899 北京欧宁企业管理有限公司
 1032 34637 3964104623927 北京中盟信德管理咨询中心
 1033 75081 8856104549228 北京珠峰成业科贸有限公司
 1034 9648 1077104792980 北京世纪红工贸有限公司
 1035 22951 2604104940449 北京新大宗饭店有限公司
 1036 38824 4492104530770 北京恒成伟业房地产开发有限公司
 1037 39444 4570105144608 北京凤翔傲宇建筑装饰工程有限公司
 1038 25527 2897104696048 北京天济力达建筑机械维修有限公司
-30-
 1039 18250 2057104659671 北京森特瑞利国际商贸有限公司
 1040 78976 9321104512662 北京方通物流有限公司
 1041 68710 8103104517532 牙山（北京）弹簧制品有限公司
 1042 50162 5867104678566 北京华清荣昊新能源开发有限责任公司
 1043 52292 6116104671511 掌游天下（北京）信息技术有限公司
 1044 68108 8034104637973 北京世纪北广广告有限公司
 1045 13231 1485104662750 北京西友瑞海房地产开发有限公司
 1046 28961 3298104694828 北京万线汇达电子技术有限公司
 1047 57897 6786104479396 北京玉海福利熟食加工有限公司
 1048 1346 0143104954472 中国石化销售有限公司北京石油分公司
 1049 8181 0915104526085 北京富力通能源软件技术有限公司
 1050 70502 8312104815964 北京昊天昊城市环境管理集团有限公司
 1051 71920 8490104652638 美国COGE（合巨）有限责任公司北京代表处
 1052 59251 6945104549104 北京泰利恒友科技开发有限公司
 1053 38741 4483104693641 北京中视联盛科技有限公司
 1054 17709 1994104839534 北京金和顺消防安全技术有限公司密云分公司
 1055 79453 9379104555439 北京中融恒盛木业有限公司
 1056 44187 5164104504967 中北华宇建筑工程公司北京第三工程处
 1057 69623 8212105078154 佰誉（北京）科技有限公司
 1058 51970 6080104534657 北京灵智精锐整合营销顾问有限公司
 1059 41858 4882105159144 北京华宇兴泰科技有限公司
 1060 52105 6092104898872 北京祥瑞城建设开发有限公司
 1061 19031 2146105182007 河北金品建筑工程集团有限责任公司北京分公司
 1062 59860 7019104960385 北京华信恒隆投资管理有限公司
 1063 17366 1955104766279 北京远程睿智商务咨询有限公司
 1064 23251 2636104583386 北京中奥通宇科贸有限公司
 1065 16084 1809105121832 中国机动车辆安全鉴定检测中心
 1066 25069 2848104480879 北京掌娱互动文化传播有限公司
 1067 3995 0452104539862 北京东方雍和国际版权交易中心有限公司
 1068 11972 1332104487904 北京奥康达体育用品有限公司
 1069 36303 4173104510178 北京都杰保安服务有限公司
 1070 83139 9817104540314 北京信息港通信技术有限公司
 1071 50703 5933104671244 竹园国际旅行社有限公司
 1072 13365 1500104613968 北京赛博兴安科技有限公司
-31-
 1073 44912 5246104701462 北京麒麟水箱有限公司
 1074 80178 9473104521636 北京海亦通环保设备有限公司
 1075 68947 8130105140640 北京华夏勇士汽车销售服务有限公司
 1076 82499 9747104577429 北京赛诺营销顾问有限公司
 1077 78556 9272104610336 耀莱东方（北京）贸易发展有限公司
 1078 62647 7361104990028 北京宇泉泰克科技有限公司
 1079 9597 1072104580977 北京乾元联合小额贷款有限公司
 1080 9976 1114104591934 北京市金龙腾装饰股份有限公司
 1081 83693 9879104783353 北京中和九源机电设备有限公司
 1082 22327 2528104587392 北京思凯通科技有限公司
 1083 52291 6116104624373 北京歌华有线工程管理有限责任公司
 1084 19124 2159104666615 北京智联经纬教育咨询中心
 1085 38246 4417105215569 北京壹佰壹拾壹医药科技有限公司
 1086 36523 4198104504855 中恒信国际贸易公司
 1087 80615 9525104483947 中诚宝捷思货币经纪有限公司
 1088 57372 6727104554547 华科四维（北京）工程咨询有限公司
 1089 14914 1676104800459 北京中视精彩影视文化有限公司
 1090 63484 7479104783391 北京宏远鑫液压元件厂
 1091 53920 6309104551628 般固（北京）科技股份有限公司
 1092 72194 8519105022532 北京东华盛商贸有限责任公司
 1093 68388 8065104854941 北京飞扬天下网络科技股份有限公司
 1094 50864 5954104567390 北京国联视讯信息技术股份有限公司
 1095 59946 7031105012482 北京市鑫通达食品有限公司
 1096 8851 0990104692976 中冶建筑研究总院有限公司
 1097 32796 3759104691555 北京华和太博科技有限公司
 1098 29041 3308104491260 北京鑫裕如塑业有限公司
 1099 52025 6086104538457 北京南郊农业生产经营管理中心
 1100 72881 8602104679485 民生国际通用航空有限责任公司
 1101 24967 2836104561707 北京市东城区小巨人培训学校
 1102 49762 5820104690883 北京奥德清洁服务有限公司
 1103 9761 1089104851755 北京港丽餐饮管理有限公司
 1104 19799 2233104836813 北京友恒宏艺装饰工程有限公司
 1105 58556 6866104513248 北京瀚威盛达科技发展有限公司
 1106 14340 1612104531972 鼎力联合（北京）科技有限公司
 1107 43283 5057104684343 北京世达环球科贸有限公司
 1108 33482 3833104673854 北京祥艺博雅文化传媒有限公司
 1109 81673 9648105107768 北京海斯顿水处理设备有限公司
 1110 50351 5889104523969 北京益丰柏年装饰设计有限公司
-32-
 1111 6977 0782104693250 北京东方晶格科技发展有限公司
 1112 42373 4947104625868 北京兆通置地集团股份有限公司
 1113 31883 3647104575998 北京尚品宅配家居用品有限公司
 1114 53131 6211105197844 北京京驰律师事务所
 1115 81424 9619104771896 保利新能源科技（北京）有限公司
 1116 7570 0850104755621 北京海业物业管理中心
 1117 82962 9797104682303 北京盛世纪房地产经纪有限公司
 1118 69725 8224104547217 北京易尚博泰文化发展有限公司
 1119 64280 7579104593442 北京天成环宇建材有限公司
 1120 29173 3324104657266 北京凯丰兴隆科技有限公司
 1121 31342 3583104769618 北京翰辉伟业汽车维修设备有限公司
 1122 81777 9661104521387 北京博安晟瑞科技有限公司
 1123 57539 6746104798835 北京世奥倍特科技有限公司
 1124 29220 3329104602993 北京京泰投资管理中心
 1125 63229 7444104803006 北京远超敬邦科技发展有限公司
 1126 29696 3382104673245 北京蒙牛乳业商贸有限公司
 1127 78767 9296104494914 北银消费金融有限公司
 1128 20232 2281104759387 北京博源景泰商贸有限公司
 1129 60096 7051104491249 北京舜彩文化发展有限公司
 1130 49704 5813104806145 北京维迪康泰医疗仪器有限公司
 1131 49515 5793104481245 银谷制药有限责任公司
 1132 10622 1181104573786 北京新雅房地产开发咨询服务公司
 1133 21435 2419104683802 北京北宇机械设备有限公司
 1134 69729 8224104663036 北京首创实利贸易有限公司
 1135 37768 4353104846457 中国地名学会
 1136 57284 6716104857145 北京新京润房地产有限公司
 1137 42530 4965104509373 北京东宝金龙经贸发展有限公司
 1138 84045 9921104531098 北京三江华晨汽车销售服务有限公司
 1139 64409 7593104710093 北京一轻日用化学有限公司
 1140 22184 2513104584666 北京金辉智诚医学科技有限公司
 1141 37333 4297104665679 北京康复之家医疗器械连锁经营有限公司
 1142 23891 2716104484338 五洲贸发（北京）进出口有限公司
 1143 17960 2023104483636 北京石大瑞伽石油技术开发有限公司
 1144 13133 1472105219892 北京怡商信源科技发展有限公司
 1145 46944 5499104834014 北京博克森传媒科技股份有限公司
 1146 29821 3396104596469 北京欣元巨法五金交电有限公司
 1147 36505 4196104911138 北京网络行业协会
-33-
 1148 82453 9740104979051 北京江楠支点文化传媒有限公司
 1149 63242 7445104961667 北京市永升创意建筑设计顾问有限责任公司
 1150 1282 0135104707831 北京科晶金润玻璃有限公司
 1151 34554 3955104490555 中新海外工程有限公司
 1152 44036 5145104678604 北京龙源动力热能科技有限公司
 1153 72465 8553104585142 北京东方天赐工程设备安装有限公司
 1154 43709 5106105208723 中地地矿建设有限公司
 1155 78345 9246104573853 北京雪奥文化用品制造有限责任公司
 1156 48868 5725104524084 北京德伟达国际照明工程有限公司
 1157 76943 9082104530952 北京博达通控技术有限公司
 1158 65261 7690104756723 北京市金盛福食品有限公司
 1159 41289 4809104737230 北京中意厨房设备有限公司
 1160 28860 3285104483474 北京欧迪创新生物技术有限公司
 1161 20292 2288104579312 北京东方锐镭科技有限公司
 1162 23051 2615104492806 北京东方蓝海技术有限公司
 1163 58105 6809104935987 北京燕山盛祥石油化工有限公司
 1164 31970 3658105160735 中机车辆技术服务中心
 1165 837 0088105190313 北京燕德宝汽车销售有限公司
 1166 81074 9579104757383 北京元熙投资有限公司
 1167 20938 2358104552149 北京圣特尔科技发展有限公司
 1168 46874 5491104813473 北京利迅物流有限公司
 1169 15363 1726104962514 天行健国际招标（北京）有限公司
 1170 24140 2742104882107 远盟康健科技（北京）有限公司
 1171 49759 5820104514520 北京市长建燕城建筑工程有限公司
 1172 83636 9874104880347 中国交通物资有限公司
 1173 5317 0600104550181 北京瑞邦众合商贸有限公司
 1174 42096 4912104753378 北京恒嘉国际融资租赁有限公司
 1175 76559 9032104602555 北京汉唐自远技术股份有限公司
 1176 7451 0836104807640 湖北弘毅建设有限公司北京第一分公司
 1177 63818 7519104558200 北京易格赛斯国际文化有限公司
 1178 44406 5188104532140 天津一核阀门制造有限公司北京销售分公司
 1179 66996 7900104628627 北京晨光溢海数码科技有限公司
 1180 33408 3826104552751 北京艺权装饰有限公司
 1181 77911 9193104789864 航联保险销售（北京）有限公司
 1182 81034 9573104753262 北京万豪保洁服务有限公司
 1183 41710 4864104631435 建研凯勃建设工程咨询有限公司
-34-
 1184 58815 6893104569420 北京长瑞恒基商贸有限公司
 1185 15150 1701104686862 北京冠宇时代停车管理有限公司
 1186 5480 0617104673794 星合联盟（北京）信息技术有限公司
 1187 22877 2594104962483 北京慧宇诚越科技发展有限公司
 1188 62446 7335105216990 北京恒华伟业科技股份有限公司
 1189 76103 8978104523478 北京中凯威科技发展有限责任公司
 1190 73620 8686104711407 北京五洲康泰科技有限公司
 1191 65061 7667104488387 中国电力工程顾问集团有限公司
 1192 61989 7281104755865 北京百普赛斯生物科技有限公司
 1193 42756 4995104510800 北京唐盟世纪影视广告有限公司
 1194 35549 4077104521502 北京宏安建筑装饰工程有限责任公司
 1195 1892 0208104508830 华润赛科药业有限责任公司
 1196 14283 1604104529564 北京正杰恒盛电力工程有限公司
 1197 50506 5908104631333 北京鹏龙天创物资贸易有限公司
 1198 70710 8336104820028 北京培康佳业技术发展有限公司
 1199 12297 1370104737464 北京世纪金鼎旺商贸有限公司
 1200 50589 5919104690773 北京中冶欧基得成套设备有限公司
