1 47726 6298103819387 北京京泰同成置业有限公司
 2 40680 5373103834537 新韩（北京）汽车配件系统有限公司
 3 3536 0453103968247 北京天瑞宏业经贸有限公司
 4 54500 7194103686796 中铁十六局集团有限公司
 5 3752 0486103744767 中科创达软件股份有限公司
 6 26710 3395104376270 北京华美经典文化传媒有限公司
 7 8598 1076103973904 北京德惠典当有限责任公司
 8 68249 9037104122291 北京景鸿亿鼎餐饮有限公司
 9 5643 0714104070987 北京市海旭恒业商贸有限公司
 10 4248 0544103830620 北京国邦盛世商贸有限公司
 11 50168 6634104349044 北京晶川电子技术发展有限责任公司
 12 42639 5639103735506 北京华夏视科图像技术有限公司
 13 60801 8040104358078 北京中踏鞋业有限公司
 14 43178 5713104376200 北京壮大真谛科贸有限公司
 15 13589 1718103694923 中北华宇建筑工程公司
 16 7722 0962104004022 北京恒博利达科技发展有限公司
 17 61812 8167103965619 中航盛世（北京）模切机械有限公司
 18 14752 1865103860767 北京华昌建筑工程有限责任公司
 19 31123 3990103651675 北京天机移联科技有限公司
 20 69485 9206103953550 北京京汇房地产开发有限公司
 21 25510 3237103976066 雷施盾（北京）科技有限公司
-2-
 22 20968 2661103594365 北京市宝盈律师事务所
 23 54022 7129103682490 北京怡润百源商贸有限公司
 24 63252 8364103744116 北京市顺义区杨镇安乐庄村经济合作社
 25 56060 7411103791789 正大汉鼎工程管理有限公司
 26 34748 4534103636370 博韩伟业（北京）科技有限公司
 27 8132 1020103605015 深圳市森山实业有限公司北京分公司
 28 23243 2958103616947 北京市东城区鼎昊健远文化艺术培训学
校
 29 26422 3357104106394 北京航星永志科技有限公司
 30 55878 7382103818727 黑龙江省伊春市人民政府驻北京联络处
 31 61893 8180103774390 北京澳康联国际贸易有限公司
 32 37584 4957103834306 北京恒凯达炉窑技术有限公司
 33 23267 2960104367706 北京龙文倡达商贸有限公司
 34 14655 1854103594626 北京中进众旺汽车销售服务有限公司
 35 53780 7095104062729 北京市恒达益康有限责任公司
 36 49417 6533103873384 北京佳诚康达网络科技有限公司
 37 70866 9392104148203 北京正群欣世信息技术有限公司
 38 24864 3161103644143 北京锦宏信物流有限公司
 39 40330 5322104357764 北京百得利汽车销售有限公司
 40 29819 3816104108930 北京医春康太商贸有限公司
 41 7275 0908104132549 京城国联（北京）床上用品市场有限公
司
 42 68200 9031103682708 北京金信润天信息技术股份有限公司
 43 59694 7898103730389 中国宇航出版有限责任公司
 44 18731 2376103875881 清华大学建筑设计研究院有限公司
 45 6228 0785103636216 中天恒投资管理有限公司
 46 18579 2360103757190 北京城建正裕达房地产开发有限公司
 47 69900 9260104201585 北京利景创联环境工程技术有限公司
 48 47789 6307103692200 北京金前锋电梯有限公司第五技术服务
分公司
 49 54319 7171103594029 北京汉风高阳科技发展有限公司
 50 6417 0808104306601 北京东方新星石化工程股份有限公司
 51 35801 4695104003404 北京艾普莱咨询有限公司
 52 71585 9501103789322 北京东仁隆达汽车销售服务有限公司
 53 70389 9326103943463 北京福安德利科技咨询有限公司
 54 21163 2688103709401 北京锐意张琪文化发展有限公司
 55 17020 2165103787192 精图盛业（北京）企业管理有限公司
 56 26759 3403103588663 北京恒隆江德银包装制品有限公司
-3-
 57 62037 8198104033784 北京宝元康泰商贸有限公司
 58 15662 1982103783556 众志恒阳（北京）工业设备有限公司
 59 73818 9792103643626 北京昊迪精细化工制品有限公司
 60 44382 5872103756805 北京博信达商贸有限责任公司
 61 60734 8031104381969 北京天域北斗图书有限公司
 62 41827 5536103607409 中北华宇建筑工程公司北京第三工程处
 63 25143 3192104368845 北京蛙视通信技术股份有限公司
 64 17733 2249103878449 北京石油化工工程有限公司
 65 12584 1593103809501 北京戴特姆通信科技开发有限公司
 66 19372 2463103861551 北京易美联合标识设计有限公司
 67 46146 6096104072714 北京百灵天地环保科技有限公司
 68 64776 8577103887017 北京明皞恒泰电力设备安装有限公司
 69 39550 5222103874109 北京世纪国辉能源科技有限公司
 70 12234 1554104377653 北京四季春华保洁服务中心
 71 36948 4865103791639 北京尖点国际营销策划有限公司
 72 49801 6584103594019 碧海舟（北京）石油化工设备有限公司
 73 1305 0164103953528 北京小雨明天图书有限公司
 74 62210 8221104060325 北京赛飞特贸易有限公司
 75 32688 4227103787804 北京中润发汽车销售有限公司
 76 36652 4820103800203 北京海逸盛世营销顾问有限公司
 77 35292 4616104299292 北京首善儿童肿瘤基金会
 78 57025 7549103975965 中视宣国际文化传媒（北京）有限公司
 79 37482 4944103694432 北京安瑞至信资本管理有限公司
 80 40227 5309104401864 中铁物资集团有限公司
 81 35721 4683104034034 北京富江裕新医疗器械有限公司
 82 44302 5862104302147 北京依威堡服饰有限公司
 83 20006 2541104175884 北京汇金科技有限责任公司
 84 20078 2550104144341 北京国金恒信管理体系认证有限公司
 85 65687 8704103661138 北京水木巨匠建筑规划设计有限公司
 86 42574 5630103649997 北京宏福建工集团有限公司
 87 2105 0264103687610 北京吉卡意科技有限公司
 88 73014 9683104326763 北京仁和鑫海广告有限公司
 89 27022 3439103945740 中广核太阳能开发有限公司
 90 62759 8298103594870 北京歌尔泰克科技有限公司
 91 55205 7290103735043 金鼎立博（北京）广告有限公司
 92 26424 3358103596717 锐仕方达（北京）人力资源顾问有限公
司
 93 71327 9463103964927 北京莫克建筑规划设计咨询有限公司
-4-
 94 11240 1412104338184 北京北燃港华燃气有限公司
 95 21920 2783103790693 北京中体善建建设工程有限公司
 96 26373 3348103968040 北京国药中北器械有限公司
 97 34552 4508103658390 北京华夏科创仪器技术有限公司
 98 998 0125103627259 华能碳资产经营有限公司
 99 69022 9145103623488 北京永兴众智科技有限公司
 100 74585 9894104163808 中准会计师事务所有限公司
 101 23754 3022103841721 北京万千林商贸有限公司
 102 58392 7732103634055 北京中建乐孚装饰工程有限责任公司
 103 14769 1867103663475 北京市欧陆佳艺工贸有限公司
 104 69561 9217103662865 中节能六合天融环保科技有限公司
 105 74232 9847103789542 北京银云海技贸公司
 106 21784 2767103693548 河北省建材建设有限公司北京第二分公
司
 107 69085 9152103816474 北京奥杰普瑞科技有限责任公司
 108 34331 4475104373728 北京市顺义杨镇粮食收储库
 109 59710 7900103858727 北京市中冠水利工程监理有限公司
 110 65485 8675104187827 北京中业丰田汽车销售服务有限公司
 111 26745 3400104047502 北京普天合力通讯技术服务有限公司
 112 34015 4427103775765 中机国际招标公司
 113 36337 4775103796219 北京慧聪互联信息技术有限公司
 114 4155 0531103896034 北京传博泰克工业装备技术有限公司
 115 58237 7708104292123 北京新月联合汽车有限公司
 116 16432 2085104176985 北京东奥时代教育科技有限公司
 117 21822 2772103614653 北京安创世纪电子技术有限公司
 118 5066 0646103944358 北京东方圣赛达能源环境工程有限公司
 119 27425 3499104059854 北京金融街国际酒店有限公司
 120 45389 6001104044901 中电投财务有限公司
 121 17268 2193103603030 北京和创辉煌科技发展有限公司
 122 48511 6407104332615 北京怡景悦诚环境科技有限公司
 123 37755 4981103658822 北京安捷顺食品有限公司
 124 52169 6886104330573 北京依斯特杉商贸有限公司
 125 32407 4185104143950 北京四维时讯网络技术有限公司
 126 10524 1315103942759 北京庞源机械工程有限公司
 127 53853 7104103788250 网之易信息技术（北京）有限公司
 128 65443 8668104151368 北京兴高化学技术有限公司
 129 40291 5317104195495 北京国基科技股份有限公司
 130 6316 0796103951543 北京耐威科技股份有限公司
-5-
 131 2101 0264103597220 北京和信兴通贸易有限公司
 132 34294 4469103628865 北京科谐医疗设备有限公司
 133 63382 8382103782639 北京腾昌国际物流有限公司
 134 38275 5048104407281 北京龙泰安瑞技术有限公司
 135 16473 2090103948551 北京因赛互通广告有限公司
 136 52707 6957103890215 北京光彩世纪文化艺术有限公司
 137 29533 3779103739067 北京市红牛维他命饮料有限责任公司
 138 25823 3277103847051 北京宏元兴邦科技有限责任公司
 139 21224 2696103782121 北京四海日盛建材有限公司物业管理分
公司
 140 43904 5809103643019 北京格维恩环保设备有限公司
 141 48867 6465103603468 北京博诚宏达汽车销售服务有限公司
 142 43153 5709103951211 北京电信通电信工程有限公司
 143 13304 1684103808061 北京市祥润通投资管理公司
 144 36915 4861103884335 北京博雅未名联合干细胞科技有限公司
 145 36014 4726104278388 北京银行股份有限公司通州支行
 146 21190 2691104077665 北京硕和房地产开发有限公司
 147 65466 8672103880914 北京察今时代科技发展有限公司
 148 67172 8890104338736 北京泰泽通达电子技术有限公司
 149 28382 3630103819903 北京园景园林工程有限公司
 150 5488 0696104402163 北京云海矿山工程技术有限公司
 151 4552 0582104034035 北京富江裕新医疗器械有限公司
 152 29487 3775103773219 北京六角体科技发展有限公司
 153 48952 6475103685457 北京华夏青友科贸有限公司
 154 23633 3007104344958 北京海天网联公关顾问有限公司
 155 57318 7586104375959 北京云测信息技术有限公司
 156 50621 6691103696472 北京黎明瑞泰科技股份有限公司
 157 20637 2622103656658 北京东方大明广告有限公司
 158 37979 5012103672399 北京阳秋文化发展有限公司
 159 37154 4894103982321 国核电力规划设计研究院
 160 63709 8426103725787 北京日昌龙兴食品有限公司
 161 43310 5730103637115 北京宝达恒运科技有限公司
 162 3643 0468103757115 乐铁设备（北京）有限公司
 163 69418 9197103623487 北京永兴众智科技有限公司
 164 53395 7044103621642 北京京昌腾达科技有限公司
 165 63384 8382103803260 北京宏昌物业管理有限公司崇文分公司
 166 67830 8977103873203 富邦品盛科贸（北京）有限公司
 167 46012 6080104200740 北京雷恒科技有限公司
-6-
 168 73440 9740104166325 北京京泰国际贸易有限公司
 169 63060 8339104035529 大地建筑事务所（国际）
 170 5530 0700104316155 时光科技有限公司
 171 62278 8231103985971 北京天海顺工程公司
 172 71377 9471103616269 北京新程愿景房地产开发有限公司
 173 59220 7836104186604 北京兴安幕墙装饰有限公司
 174 58900 7796103765262 北京艾纳捷光电科技有限公司
 175 71901 9538104328669 北京大信中和税务师事务所有限公司
 176 49493 6543104218235 北京银鸿瑞丰科技发展有限公司
 177 35207 4603104105066 众通（北京）能源技术有限公司
 178 840 0104103876774 北京鑫健伟业科贸有限公司
 179 16155 2048103910570 北京马可泰克国际科技发展有限公司
 180 11217 1409103924501 北京福环房地产开发有限公司
 181 20436 2598103981985 北京城建北方建设有限责任公司
 182 62059 8201103748807 中节能绿洲（北京）太阳能科技有限公
司
 183 37061 4881103915288 北京华北方圆锅炉设备制造有限公司
 184 34804 4542103597339 北京盛佳捷电力工程设计有限公司
 185 1765 0218103843916 北京天佑万荣物业管理有限公司
 186 47993 6337103983074 北京博凯文通工贸有限公司
 187 60720 8029103791839 北京恒远华信息技术有限公司
 188 39750 5248104073456 中电智能卡有限责任公司
 189 56335 7450103687416 北京睿智鸿运文化传媒有限公司
 190 41231 5451104120161 北京中讯爱乐科技有限公司
 191 32071 4132103751104 北京市皇家艺苑名品工贸有限公司
 192 66933 8865103876471 北京银湾科技有限公司
 193 64048 8480103856036 保加利亚美赞得有限公司北京代表处
 194 32894 4259103668786 北京立全宏达食品有限公司
 195 595 0075104146867 北京隆记元律师事务所
 196 45225 5981103670551 北京天舟通信有限公司
 197 49113 6496104068496 北京京威汽车设备有限公司
 198 35288 4616104041689 北京斯宝特商贸有限公司
 199 48910 6469103795100 北京长城制药厂
 200 43563 5765104020195 北京远东正大商品检验有限公司
 201 50557 6684103587808 北京市西城区京华培训学校
 202 67404 8918103628490 北京莫高丝路文化发展有限公司
 203 4112 0526103598655 北京华电卓越科技有限公司
 204 22852 2906103651177 北京华厦恒建设集团有限公司密云第三
分公司
-7-
 205 18588 2361103756157 北京三高永信知识产权代理有限责任公
司
 206 8553 1070103811717 首都公务机有限公司
 207 45645 6032104221742 北京朝林建设集团有限公司
 208 65431 8667103615933 京展望物流（北京）有限公司
 209 27111 3452103671777 北京勤缘基业文化传播有限公司
 210 7826 0976103840810 北京市特艺达建筑装饰工程有限公司
 211 15415 1952103620080 北京福建企业总商会医疗产业商会
 212 19798 2518103793086 北京佳益世纪商贸有限公司
 213 21824 2772103686461 北京顺威恒源科技有限公司
 214 25937 3291104189659 北京市宝勒泰煤炭销售中心
 215 43273 5726103803383 北京盛世华信国际广告传媒有限公司
 216 56629 7492103965836 北京先思为快文化传播有限公司
 217 41960 5554104131948 北京万东康源科技开发有限公司
 218 34614 4515104165614 北京金元家装饰有限公司
 219 51631 6825103873418 北京博力加机电技术有限公司
 220 15392 1948103733886 北京春润丰禾通信技术有限公司
 221 7110 0889103796212 北京雅轩餐饮有限公司
 222 6263 0789103659939 中承华宇建设集团有限公司北京分公司
 223 17105 2173104412335 基康仪器股份有限公司
 224 21830 2772104154083 北京哲君科技开发有限公司
 225 48838 6459103881198 北京捷利亿达机械设备配件有限公司
 226 70723 9372104029899 北京众信国际旅行社股份有限公司
 227 7330 0915104032187 北京复兴门孔乙己酒楼有限公司
 228 26327 3340104199833 创美东方科技（北京）有限公司
 229 58306 7718103724274 央广之声（北京）文化传媒有限公司
 230 26676 3391104086671 北京奥克斯特服饰有限公司
 231 380 0049103898375 北京安龙科技集团有限公司
 232 75297 9987104417454 百度在线网络技术（北京）有限公司
 233 27309 3480104351793 北京视讯通达科技有限公司
 234 47971 6335103642259 北京云杰文化发展有限公司
 235 36039 4730103863853 北京大万酒店有限公司
 236 28411 3634103675638 康明克斯（北京）机电设备有限公司
 237 57948 7672103802753 北京综艺建筑装饰工程有限责任公司
 238 14209 1801103611653 北京航宇文化发展有限公司
 239 16216 2058103651878 艾格拉斯科技（北京）有限公司
 240 68590 9086103654382 北京春溢通物流有限公司
 241 2348 0293104291527 北京金隅大成物业管理有限公司
-8-
 242 70668 9363104187239 怡美家便捷酒店管理（北京）有限公司
 243 12639 1599103741110 北京中咨华路达工程技术有限公司
 244 48510 6407104162802 北京四季青环境治理服务中心
 245 25816 3276103968215 北京国电信通工程设备有限公司
 246 12273 1560103873647 北京天地通电信有限责任公司
 247 45109 5965104069531 北京了望投资顾问股份有限公司
 248 38111 5029104033561 中汇国际保险经纪股份有限公司
 249 65000 8609104016264 北京国一金典国际文化传播有限公司
 250 19344 2459103687707 北京博大经开置业有限公司
 251 3266 0416103617163 北京凌阳思创电子技术有限公司
 252 14499 1835103732174 北京华脉诚信科技有限公司
 253 59036 7814103605664 北京瑞森同升商贸有限责任公司
 254 33518 4348103699290 北京日坛国际酒店管理有限公司日坛国
际酒店
 255 36453 4791103872759 北京睿泽世创科技有限公司
 256 44295 5861104088746 北京市顺义后沙峪建筑工程公司
 257 50300 6652103825562 北京飞扬传奇广告有限公司
 258 57661 7632104348181 北京中科青云实验学校
 259 49393 6530103977432 北京量子伟业信息技术股份有限公司
 260 23244 2958103619525 北京信迪威科技中心（有限合伙）
 261 1224 0155103620178 北京赛科昌盛医药有限责任公司
 262 19319 2456103966030 中国医药科技出版社
 263 7126 0890103979700 北京永维汇丰电力工程有限公司
 264 435 0056104099240 北京创世佳运物流有限公司
 265 7446 0929103799956 北京一七网电子科技股份有限公司
 266 15496 1962103702056 聚众网通（北京）科技有限公司
 267 67868 8983103658813 北京润无声文化发展有限公司
 268 49232 6510104256088 北京欧亚机械设备股份有限公司
 269 65277 8645103929854 北京优兆科技有限公司
 270 14863 1880103675975 六宝（北京）投资基金管理有限公司
 271 74060 9823104141867 北京品味泰荷商贸有限公司
 272 27751 3543103600793 北京禾嘉林科技有限公司
 273 18399 2338103745674 北京普泰丰医疗器械有限公司
 274 58420 7735103660205 中国蔬菜协会
 275 13045 1650103872442 北京富雷实业有限公司
 276 11820 1498103846917 高爵商贸（北京）有限公司
 277 69002 9141104379033 亚泰都会（北京）城市规划建筑园林设
计研究院股份有限公司
-9-
 278 43973 5818103961042 北京中安质环技术评价中心有限公司
 279 71392 9473103827730 北京隆昌达电力工程有限公司
 280 36565 4807103636173 北京盈之宝汽车销售服务有限公司
 281 25614 3252103723290 北京盛世开元餐饮有限公司
 282 44598 5898104294124 北京西红宝鑫商贸有限公司
 283 36706 4828104189595 美悦浜餐饮（北京）有限公司
 284 38962 5142103599463 北京博翼鑫讯网络科技有限公司
 285 23411 2979104173803 北京博纳睿思广告有限公司
 286 61259 8098103631818 北京北星行汽车销售有限公司
 287 16262 2066103674260 北京中联勘工程技术有限责任公司
 288 69169 9165103683959 北京中新创智广告有限公司
 289 11518 1457103659031 北京京都清洁发展机制促进会
 290 67122 8885104176984 北京东奥时代教育科技有限公司
 291 53490 7056103766820 中国长安汽车集团股份有限公司
 292 287 0038103820976 北京六九零一科技有限公司
 293 40195 5305104237295 北京和润乳制品厂
 294 68351 9052103654923 太通建设有限公司
 295 67366 8913104134397 北京宏远物流有限责任公司
 296 58407 7733104090617 中国节能减排有限公司
 297 63543 8401104148568 金宇星（北京）国际运输代理有限公司
 298 12205 1551103720749 北京新地标国际广告有限公司
 299 41065 5427103896207 北京市地质矿产勘查开发总公司
 300 10321 1288103615034 中融人寿保险股份有限公司
 301 19784 2515104268270 北京金润方舟科技股份有限公司
 302 71256 9452104253532 北京维他科技有限公司
 303 48212 6367103876003 北京世纪华光铁道钢结构工程有限公司
 304 50138 6630103721373 北京迅通机电技术有限公司
 305 20663 2625103663589 北京盛通印刷股份有限公司
 306 50893 6728104173343 北京市自来水集团禹通市政工程有限公
司
 307 71479 9487103798808 北京青黛红妆美容美发有限公司
 308 617 0078103645479 北京汇通天天电子商务有限公司
 309 20473 2601104173979 极致视点国际会展（北京）有限公司
 310 24633 3129104339055 北京华美时空文化传播有限公司
 311 50672 6699103659064 锐屏互动广告（北京）有限公司
 312 6327 0797104401696 北京赛迪认证中心有限公司
 313 61647 8147104290908 北京凯铭风尚网络技术有限公司
 314 12828 1623103600905 北京市晟开源电器设备厂
-10-
 315 73008 9683103917720 湖北汉科新技术股份有限公司北京分公
司
 316 32005 4122104278397 北京银行股份有限公司瑞都支行
 317 57992 7677103626787 北京华康欣和建筑工程有限责任公司
 318 43543 5762103953479 北京市巨龙工程有限公司
 319 52402 6918103655583 北京凯焱达强科技有限公司
 320 21565 2736104082221 北京汇林印务有限公司
 321 74613 9898103627758 北京市龙汇景源投资管理公司
 322 74077 9826103592160 北京市海淀区新纪元培训学校
 323 37714 4976103627351 北京银河万达百货有限公司
 324 73533 9755103627230 北京微视新纪元科技有限公司
 325 36752 4835103601725 颐疗达（北京）医学技术发展有限公司
 326 73773 9787103634476 北京东方泰阳科技有限公司
 327 62934 8321104090029 北京新华电广影视技术有限公司
 328 25426 3225103695841 北京宾悦之星酒店有限公司
 329 66432 8800103960646 北京中检维康技术有限公司
 330 30016 3842103624642 北京华脉世纪科技有限公司
 331 23656 3010103700022 北京大豪科技股份有限公司
 332 56797 7517103613458 北京和义兴仿古家具有限公司
 333 2909 0367103659284 德亚康大（北京）科技有限公司
 334 61072 8073103775371 北京实达普瑞科技有限公司
 335 16782 2127104228513 北京玖玖港龙物业管理有限公司
 336 29737 3806103899247 北京兴科绿源绿化工程有限公司
 337 71764 9524103654995 北京东润科石油技术股份有限公司
 338 61946 8187104055211 北京瑞发物业管理有限公司
 339 18299 2324103847706 北京新邦物流服务有限公司
 340 47897 6324104236735 蜘蛛侠（北京）商贸有限公司
 341 65158 8630103986958 北京吉瑞祥影视文化传播有限公司
 342 15645 1981103629782 北京爱琴海会馆有限公司
 343 48697 6435104353407 京桂阳光纸业（北京）有限公司
 344 62263 8230103608617 中铁第五勘察设计院集团有限公司
 345 16451 2088103607444 中北华宇建筑工程公司北京凌空创展分
公司
 346 47163 6224104193440 北京威尔登家具有限公司
 347 14019 1776103607927 北京秦韵伟业科贸有限公司
 348 27367 3489103650976 北京福泰宫餐饮管理有限公司
 349 70722 9372103968600 京鼎工程建设有限公司
 350 35361 4626104077399 北京实开瑞德科技发展有限公司
-11 -
 351 416 0053104265262 北京吉狮互动网络营销技术有限公司
 352 20000 2540104058411 荣达租赁有限公司
 353 35182 4600103692257 双百（北京）会计服务有限公司
 354 19501 2480103734208 北京正略税务师事务所有限公司
 355 11086 1392104255349 特瑞斯（北京）流体科技有限公司
 356 21085 2677103786412 国网物资有限公司
 357 33543 4353103632592 北京弘大运河科技发展有限公司
 358 50057 6618104106349 北京华通公路桥梁监理咨询有限公司
 359 13386 1695103636363 北京华殿嘉业建筑装饰工程有限公司
 360 22269 2826104218188 北京龙建集团有限公司
 361 63337 8376103798480 中国平安财产保险股份有限公司北京市
丰台支公司
 362 46054 6086104089344 北京金志鸿达商贸有限公司
 363 9564 1190103660684 北京环春宇投资管理有限公司
 364 65836 8725103805328 北京宇东鑫装饰有限责任公司
 365 978 0121104156583 北京天润嘉业商贸有限公司
 366 69253 9176104031915 北京国祥嘉越空调设备有限公司
 367 3418 0438103767253 北京中教美育科技有限公司
 368 575 0073103735271 北京市上品商业发展有限责任公司
 369 71424 9478103662738 北京拓普莱博油气田开发技术研究院
 370 43272 5726103743692 北京中科飞鸿科技有限公司
 371 35620 4666104329047 北京科恒软件技术有限公司
 372 25245 3203103826889 北京海鑫智圣技术有限公司
 373 4505 0576103942371 北京义盛和餐饮管理有限公司
 374 31785 4088104309416 北京欧德雅盛国际贸易有限公司
 375 58968 7804103953798 北京中物投海通物业管理有限公司
 376 25381 3219103801892 中交三公局桥梁隧道工程有限公司
 377 50830 6720103852745 北京天平会计师事务所有限责任公司
 378 57083 7556104038437 北京巨拓科技发展有限公司
 379 64967 8604103964876 北京市九华旅游职业学校
 380 59754 7906103653999 中电伟恒（北京）科技发展有限公司
 381 35568 4659103650257 赞比亚谦比希铜冶炼有限公司北京代表
处
 382 30083 3851103930587 北京科学教育发展基金会
 383 31071 3984103829757 北京好来登航空服务有限公司
 384 29601 3787103830468 北京博汇翔陶瓷销售有限公司
 385 3656 0471103598068 北京爱雷克商贸有限公司
 386 21615 2741104307647 北京国泰鼎盛建筑有限公司
-12-
 387 58787 7781103603463 北京远东德盛科技有限公司
 388 49986 6607103949906 北京国电天力电力建设有限公司
 389 71075 9423103950054 中电华通通信有限公司北京分公司
 390 71572 9499103656859 嘉泽润益国际医疗器械（北京）有限公
司
 391 21707 2757103611966 北京昌平水屯装饰建材城
 392 48561 6416103636373 北京海螺型材有限责任公司
 393 71408 9476103882751 中协宾馆
 394 59938 7927103874719 微易辉煌（北京）科技有限公司
 395 19105 2428103827732 北京隆昌达电力工程有限公司
 396 6082 0767104394221 北京青之强餐饮管理有限公司
 397 58239 7709103654428 北京万特房地产开发有限公司
 398 61286 8101103797586 北京瑞弗德贸易有限公司
 399 22576 2869103651623 北京市燃气集团有限责任公司工程建设
管理分公司
 400 43746 5790104101195 北京众嘉友商贸有限公司
 401 13445 1700104016895 北京信诚佳丽门窗机械有限公司
 402 31321 4019103595267 北京合众创联科技有限公司
 403 27451 3503103734408 北京恒天财富投资管理有限公司
 404 75120 9965103952886 北京鲁班建筑工程公司五分公司
 405 4370 0559103647598 北京海事达科技有限公司
 406 70134 9292104179306 北京东方明志广告有限公司
 407 30677 3927103729140 北京交达工程咨询有限公司
 408 63094 8345103729491 中国城市建设控股集团有限公司
 409 27497 3510103646055 北京万德惠佳商贸有限公司
 410 71083 9424103798901 北京东方名剪美容美发连锁有限公司
 411 58092 7690103762533 北京君蓝伟杰商贸有限公司
 412 68353 9052103838577 北京拓世寰宇网络技术有限公司
 413 23798 3026104339434 北京恒信致远科技发展有限公司
 414 37894 4999103729683 北京天华北方建筑设计有限公司
 415 27770 3547103745796 北京开心麻花娱乐文化传媒有限公司
 416 15972 2024103672404 北京麦诺克科技有限公司
 417 53871 7107104218701 北京金明达文化发展有限责任公司
 418 36236 4761103889922 中国邮政航空有限责任公司
 419 72700 9643103739125 北京东方鸿业液压机械有限公司
 420 47638 6288104215298 北京丰顺卉园园林绿化工程有限公司
 421 20010 2542103596920 北京东方永捷热力技术中心
 422 25967 3295103656049 北京春林农产品有限公司
-13-
 423 350 0045103626786 北京华康欣和建筑工程有限责任公司
 424 47078 6214103596681 北京福泉投资有限公司
 425 13913 1761103656355 北京金宝房地产开发有限公司
 426 22864 2907103782625 深圳玛丝菲尔时装股份有限公司北京分
公司
 427 29215 3739103914922 蓝港在线（北京）科技有限公司
 428 19946 2534104251576 北京康赛维斯科技发展有限公司
 429 12681 1604104391908 北京康健伦医药有限公司
 430 52887 6978103812065 北京骏马腾飞影视文化发展有限公司
 431 42520 5623104064588 北京亚欧德鹏科技有限公司
 432 64922 8598103850778 北京吉尔特科贸有限公司
 433 34508 4502103800281 北京安维讯商务咨询有限公司
 434 21221 2696103735366 北京华世恒安商贸有限公司
 435 46310 6115103792788 北京雷格科技有限公司
 436 4247 0544103811902 中波（北京）国际货运代理有限公司
 437 2632 0328104173117 中国邮电器材集团公司
 438 31329 4020103663909 北京创研医学研究中心
 439 25231 3202103722955 北京科航精诚机电有限公司
 440 8901 1115103633146 北京金源伟业贸易有限公司
 441 66317 8786104377902 北京食必客投资顾问中心
 442 71071 9422103822999 北京远东仪表有限公司
 443 22490 2857104093726 北京汇荣行经贸有限公司
 444 75370 9998103795747 北京綦齿机电有限公司
 445 13481 1705104373885 北京东方星云文化传媒有限公司
 446 28733 3677104411932 中铁联合物流股份有限公司
 447 24763 3146104016143 北京住总正通市政工程有限公司
 448 33515 4347104347616 北京东亚瑞穗科技发展有限公司
 449 32169 4151103835405 北京金鸣服装有限公司
 450 3134 0395103827032 北京中润伟业投资有限公司
 451 27589 3521104225232 北京加达永通汽车销售有限公司
 452 22004 2794104077513 北京天坛海乔客车有限责任公司
 453 63965 8467103744176 北京联拓通达汽车销售服务有限公司
 454 50316 6654103604815 北京宝德森建筑工程有限公司
 455 23736 3020103671863 北京中视达国际传媒有限公司
 456 62856 8311103604898 北京环球利康科技有限公司
 457 30972 3971103658795 北京十全大方服装有限公司
 458 55751 7364103852447 中铁电气化局集团有限公司
 459 61208 8091104091196 友康恒业生物科技（北京）有限公司
-14-
 460 56885 7528103688601 中国交通物资有限公司
 461 40920 5406103860596 北京国信比林通信技术有限公司
 462 10732 1346103804825 北京国投方诚资产管理有限公司
 463 50414 6665104186889 党建读物出版社
 464 49988 6607104109969 欧德神思软件系统（北京）有限公司
 465 28564 3653104093139 北京青城园林绿化工程有限公司
 466 68548 9080103718879 北京黄金交易中心有限公司
 467 33845 4399103827904 北京回龙观星美国际影城管理有限公司
 468 2577 0322103802182 北京颐通医用工程有限公司
 469 66962 8868103873735 北京宏业物业管理有限责任公司
 470 23524 2995103889330 北京盛兴建通房地产开发有限公司
 471 13340 1689103633782 北京运河电气安装工程有限责任公司
 472 22542 2866103812762 北京瑞鹏兴胜科技有限公司
 473 11005 1382103735087 北京巨石宏业科技服务有限公司
 474 63800 8442104223503 北京鑫雅圣泰商贸中心
 475 56700 7502103736521 北京恒润泰医药科技有限公司
 476 24318 3089103680271 北京城燕佳建筑装饰工程有限公司
 477 3477 0446103616002 北京兰斯洛德科技有限公司
 478 358 0046103783168 北京辰达之点传媒文化有限公司
 479 33597 4361103645687 北京中德精诚电气设备有限责任公司
 480 60558 8008103639285 北京中奥通宇科贸有限公司
 481 73480 9746103821459 北京一点万通科贸有限公司
 482 71078 9423104125519 北京江南绿茶餐饮管理有限公司
 483 63156 8353103743553 普莱斯（北京）文化传播有限公司
 484 9548 1188103638458 北京宏城房地产开发有限公司
 485 25298 3210103608565 北京骏宝威汽车贸易有限公司
 486 20517 2608103620565 北京华远建设监理有限责任公司
 487 958 0119104075770 机械科学研究院工程机械军用改装车试
验场
 488 59570 7884103913368 北京四通保洁服务有限责任公司
 489 72864 9665103757990 北京三辰工业新材料有限公司
 490 58832 7786103593868 北京市腾中律师事务所
 491 48653 6431103931569 北京万兴建筑集团有限公司
 492 22259 2825103873307 紫光电子商务有限公司
 493 45500 6014104145867 北京赛福特饭店
 494 43725 5787104306741 陇能联储（北京）物资供销有限公司
 495 43359 5737103803298 山东威高集团医用高分子制品股份有限
公司北京医疗器械销售分公司
-15-
 496 55586 7340104033530 北京龙瑞欣科技发展有限公司
 497 20658 2624103810164 北京荣振丰达商贸有限公司
 498 47881 6322103876944 北京爱迪理想空间家具有限公司
 499 46807 6177103916124 北京市红十字会紧急救援中心
 500 20312 2581103622466 北京德奥达汽车销售有限公司
 501 70266 9309103792351 北京华胜天威电子科技有限公司
 502 22186 2818103844361 北京中汽南方中关汽车销售有限公司
 503 41931 5550103735039 北京金橙子科技有限公司
 504 8645 1080104109287 北京吉莱特科技发展有限责任公司
 505 65172 8632103682545 北京国机丰盛汽车有限公司
 506 5048 0644104071735 北京开卷信息技术有限公司
 507 11000 1381104171548 长屏（北京）电磁防护技术有限公司
 508 166 0021103795781 北京博曼迪汽车科技有限公司
 509 68995 9141103648204 北京律智知识产权代理有限公司
 510 74797 9921104307609 北京韩一汽车饰件有限公司
 511 59380 7859104121155 北京智诚天泽网络技术有限责任公司
 512 30615 3919103604344 京银汇通融资担保有限公司
 513 22155 2814103881093 北京中复电讯设备有限责任公司
 514 651 0081104266235 深圳市世联土地房地产评估有限公司北
京分公司
 515 58784 7780104121024 北京天庆房地产开发有限公司
 516 45220 5980103767351 中冶建筑研究总院有限公司
 517 22954 2921103649771 北京阔达建筑装饰工程有限责任公司
 518 40867 5399103800063 北京科力恒久电力技术股份有限公司
 519 24691 3137103593423 北京科方力华电力系统技术有限责任公
司
 520 8047 1006103680590 北京端瑞科技有限公司
 521 67591 8946103760077 北京振利节能环保科技股份有限公司
 522 49654 6566104104859 北京华联商业管理有限公司
 523 5092 0650103852677 北京畅游时代数码技术有限公司
 524 8131 1020103593713 北京韩尚东昀食品科技有限公司
 525 50249 6644104205826 北京华通橡塑制品有限公司
 526 66459 8804103901476 北京中海豪泽国际会展有限公司
 527 52421 6921103602785 北京瑞尔迪克建筑技术有限公司
 528 42658 5642103824588 北京中联互动科技发展有限公司
 529 20441 2599103761781 北京世纪聚合风电技术有限公司
 530 1115 0141103622057 北京渝长兄弟川菜餐饮有限公司
 531 3660 0471103998718 北京永载文化有限公司
-16-
 532 30975 3971103953295 北京幸福时代人力资源服务有限公司
 533 28929 3701103819998 北京北科德瑞冶金工程技术有限公司
 534 13286 1681104098955 北京庄典阳光装饰工程有限公司
 535 65670 8702103645833 北京辉腾盈创科技有限公司
 536 51294 6782103946004 北京银行股份有限公司樱花支行
 537 29147 3731103660586 国管招标（北京）有限公司
 538 54511 7195103605063 紫光集团有限公司
 539 19754 2511104196079 北京辰安科技股份有限公司
 540 20251 2574103937813 北京天工安福物流有限责任公司
 541 9518 1184104089043 北京万鹏朗格医药科技有限公司
 542 792 0098104057411 北京鼎一影世国际文化传媒有限公司
 543 65954 8739104077329 悦康药业集团有限公司
 544 73445 9741103681557 北京闻是管理咨询有限公司
 545 74831 9927103656221 北京昕亿华消防工程有限公司
 546 18038 2288103648039 上品泓源科技发展（北京）有限公司
 547 105 0013103798172 北京意游未尽科技有限公司
 548 44849 5929103593791 银建期货经纪有限责任公司
 549 60320 7980103927907 北京瀚天润海广告有限公司
 550 73517 9753103598183 北京天元汇交通设备有限公司
 551 32632 4216103649705 北京星运澳泰国际技贸服务有限公司
 552 55169 7285103629562 北京世纪冰峰装饰工程有限公司
 553 23190 2950104306866 北京启鹏科技发展有限公司
 554 38760 5112103614798 北京天龙富华饭店管理有限公司
 555 28099 3592104312450 北京诺兴达科技发展有限公司
 556 20613 2619103882961 北京德普睿信顾问咨询有限公司
 557 17095 2173103771654 北京南安企业商会
 558 33801 4393103645932 泰伦仕管理咨询（北京）有限公司
 559 33774 4386104216223 北京金宝旺印刷品有限公司
 560 74091 9828103604710 北京汉宸创展科技有限公司
 561 28005 3580103848458 北京怀柔中鼎影视武术培训学校
 562 43720 5787103630691 北京德诺信和科技有限公司
 563 55103 7275103923961 北京拓创伟业科技发展有限公司
 564 67880 8984104202367 北京航林意达科技有限公司
 565 71137 9432104046892 北京瑞德伦医药科技有限公司
 566 28405 3633103794858 北京九和药业有限公司
 567 1687 0208103728484 北京佳安华创科技有限公司
 568 8870 1111103735269 北京市上品商业发展有限责任公司
 569 10359 1293103682727 北京中申坤达商贸有限公司
-17-
 570 7490 0934103637511 中国服装集团公司
 571 16073 2036104107321 北京市春立正达医疗器械股份有限公司
 572 43822 5799103638315 北京里肯生物科技有限公司
 573 21113 2681103728731 北京运河源商贸有限责任公司
 574 4441 0567104112214 北京金海龙机电工程有限责任公司
 575 73908 9803103787902 北京贝可莱设备有限公司
 576 66799 8847103826832 北京合信鼎成投资咨询有限公司
 577 59079 7819103647006 北京大陆康腾科技有限公司
 578 7025 0881103638430 北京市延庆县气象局
 579 8678 1085103660733 北京赛博伟世广告有限公司
 580 32212 4158103745012 北京精新相能科技有限公司
 581 66355 8790103674228 北京天荣合众投资有限公司
 582 7573 0944103792886 北京博纳海川投资有限公司
 583 57717 7639104191443 北京华方科泰医药有限公司
 584 22302 2830104339324 佩尔优节能科技股份有限公司
 585 43862 5803104001317 北京海锦荣和商贸有限公司
 586 23870 3034103649804 北京星辉世纪安装工程有限公司
 587 7785 0970103672643 北京信远筑诚房地产开发有限公司
 588 65547 8684103852369 北京碧海舟腐蚀防护工业股份有限公司
 589 60565 8008104055849 北京东方泰悦洗涤有限公司
 590 45058 5959103593123 北京百林康源生物技术有限责任公司
 591 34200 4457103775523 北京悠然行伟科贸有限公司
 592 70724 9372104119587 北京金港建设股份有限公司
 593 20738 2632104200690 北京中铁工业有限公司
 594 21041 2670104177038 北京泰恒达消防技术检测有限公司
 595 67624 8951103878459 北京福思维科技发展有限公司
 596 41176 5444103652734 北京中海洋鸿润石油科技有限公司
 597 21068 2675103718948 北京亦兴同创科技有限公司
 598 73452 9742103601025 瑞基丰达（北京）科技发展有限公司
 599 2308 0288103865572 北京三牛创业电信工程有限公司
 600 46426 6130104218058 北京驿都酒店管理有限公司
 601 16352 2077103685584 北京普瑞特水处理技术开发有限公司
 602 66613 8822103996148 世纪叮当（北京）文化发展有限公司
 603 34490 4500103631015 北京金典华奥园林绿化工程有限责任公
司
 604 52830 6970103927604 北京联航航空客舱用品有限公司
 605 57444 7605103670869 北京利华消防工程有限公司
 606 64188 8501103600312 北京北汽森防汽车有限公司
-18-
 607 34056 4433104086632 北京龙博高通科技有限公司
 608 18750 2378104082342 北京中科科仪股份有限公司
 609 40231 5310103789509 北京若舟信息技术有限公司
 610 36678 4824103657184 北京恒云翔商贸有限公司
 611 36912 4860103680149 北京市京顺达物资有限公司
 612 10070 1255104345103 北京立信铭达建筑勘察设计有限公司
 613 25124 3190104418575 北京燕山祥顺聚氨脂防腐保温材料有限
公司
 614 1563 0193103623674 北京通厦新奥物业管理有限公司
 615 7737 0964104060558 北京视佳广通电子系统工程有限公司
 616 20433 2598103645109 北京铭德泰克科技有限公司
 617 61381 8113104193650 北京市诚通钻井材料厂
 618 32801 4245103603386 北京一水木林建筑装饰有限公司
 619 24019 3054103784298 北京市顺义区高丽营镇七村经济合作社
 620 47268 6237104332613 北京市房山区河北镇弦月温馨家园
 621 20620 2620103602533 华浩信通信息技术（北京）有限公司
 622 23683 3013104225479 邓禄普轮胎销售（天津）有限公司北京
分公司
 623 48669 6433103628265 北京齐力顺捷经贸有限公司
 624 20728 2631103856316 小米科技有限责任公司
 625 23085 2936103879870 北京京武君安劳务服务有限公司
 626 73 0008104347678 北京市西城区精品少年培训学校
 627 12195 1550103618465 北京亿兆华盛有限公司
 628 32732 4234103816180 华夏茂源（北京）科技有限公司
 629 45732 6044103770320 北京诺精衡工贸有限公司
 630 61006 8066103613647 中国羽绒工业协会
 631 4718 0603103762306 北京航信达航空票务代理有限公司
 632 37630 4963104281216 北京紫藤易达信息技术有限公司
 633 15860 2009104001589 北京鸿飞志远商贸有限公司
 634 48461 6400103665783 北京永茂建工机械制造有限公司
 635 4887 0624103692633 英大国际信托有限责任公司
 636 40237 5311103780533 钢联东方（北京）金属材料有限公司
 637 55052 7268104082278 北京汉邦韩艺广告有限公司
 638 65192 8634103959667 北京国脉天成房地产咨询有限公司
 639 64414 8528104412449 北京南丁格尔科技发展有限公司
 640 25317 3212104320809 新博医疗技术有限公司
 641 23887 3036103647258 北京伟业恒信不锈钢材料有限公司
 642 8146 1021104171526 北京文博服装服饰有限公司
-19-
 643 24131 3068103600308 北京北汽森防汽车有限公司
 644 45601 6028103882701 北京爵美精益展示有限公司
 645 19175 2439103870293 北京太和四元桥汽车配件市场有限公司
 646 13305 1684104149028 北京智博宣科技发展有限公司
 647 47192 6228104037203 北京华炳阳金属材料有限公司
 648 55174 7285104412347 北京华创智云科技有限责任公司
 649 63645 8415103859003 北京泰康泓博投资有限公司
 650 49433 6535103941669 北京华商街电子商务服务有限公司
 651 30419 3892103961713 北京和众大成环保科技有限公司
 652 25806 3275104012482 北京京拓家具有限公司
 653 4834 0615104284262 北京承佑电器装配有限公司
 654 42930 5679103795940 北京汇泓澜海科贸有限公司
 655 69189 9167103652371 北京中联万家超市有限公司
 656 4162 0531104282415 北京莆田企业商会
 657 36717 4830103627754 北京京创九州铝业有限公司
 658 41104 5433103929110 北京积信通电力科技有限公司
 659 33984 4422103762937 大洋汇达科技（北京）有限公司
 660 6556 0822103889182 北京信诚天光电力安装有限公司
 661 7499 0935103837690 北京国服信奥兴汽车有限公司
 662 66325 8787103739429 北京市市政工程管理处有限公司
 663 51285 6781103761131 北京市德津律师事务所
 664 5352 0681103589067 北京万树缘园林工程设计有限公司
 665 62872 8314103660325 贝瑞克斯（北京）机械设备有限公司
 666 61081 8075103622551 康美（北京）药业有限公司
 667 7996 0999103664600 北京海阳顺达玻璃有限公司
 668 47351 6250103961874 北京中关村丰台园道丰科技商务园建设
发展有限公司
 669 56494 7475103652246 北京好得快医药有限公司
 670 67943 8994103889033 北京金商祺科技股份有限公司
 671 44346 5868103634348 北京海淼物业管理有限公司
 672 57454 7606103953546 北京京汇房地产开发有限公司
 673 31585 4057104280692 北京顺天旺源商贸有限公司
 674 61580 8138104098801 北京希尔爱印刷厂
 675 75175 9972103633160 北京融创恒基地产有限公司
 676 32534 4200104342811 北京德盛兄弟木制品有限公司
 677 24539 3116103696723 北京安达维尔科技有限公司
 678 50505 6676103736961 中国石化集团中原石油勘探局北京招待
所
-20-
 679 3910 0505103757915 人民教育出版社有限公司
 680 62147 8211103660728 北京东方快船进出口有限公司
 681 40381 5330103594092 北京金芭蕉餐饮有限公司
 682 52937 6985103966160 北京凯文金企业管理顾问有限公司
 683 57466 7608103662585 北京昊天瑞麟国际经贸有限责任公司
 684 11573 1464104338673 北京快客利餐饮管理有限公司
 685 49677 6569103596116 北京融世杰机械设备有限公司
 686 11824 1498104341014 曦地国际集团股份有限公司
 687 11027 1384104341471 北京市昌平自来水有限责任公司
 688 32190 4154104339422 泰成肯通(北京)科贸有限公司
 689 54650 7212104142137 保利能源控股有限公司
 690 726 0090103942958 招商银行股份有限公司北京分行
 691 3520 0451103805032 北京市朝阳区双井社区卫生服务中心
 692 13948 1765104093059 北京崇建工程有限公司
 693 31209 4002104085237 有信财富投资管理有限公司
 694 57858 7658103758012 北京博臻贸易有限公司
 695 17818 2260103985331 北京洁利诺环境科技有限公司
 696 32941 4264104204120 北京双鹭药业股份有限公司
 697 32240 4161103811635 北京茂庸投资有限公司
 698 18779 2383103615866 北京善加机电设备有限公司
 699 58108 7691103908007 北京峰尚圣宴餐饮有限公司
 700 33472 4338104281436 香港中华煤气有限公司北京代表处
 701 5309 0675103734086 北京博瑞兴环境科技有限公司
 702 75220 9979103621429 中航物业管理有限公司北京分公司
 703 74058 9823103877883 纳川鼎华（北京）科技有限公司
 704 71080 9423104423134 北京文理研修学院
 705 5088 0650103654796 中国金币总公司
 706 48344 6386103633706 北京康泽美医疗器械有限公司
 707 69600 9222103659722 励仕堂餐饮管理（北京）有限公司第四
餐饮分公司
 708 18632 2366103928144 北京地矿工程建设有限责任公司
 709 43134 5706104082435 北京宝泰恒大餐饮有限公司
 710 36655 4820104306651 北京华电广达电气工程有限公司
 711 55002 7262103658601 北京华氏未来信息技术有限公司
 712 61591 8140103658274 北京亿圣腾翔科技有限公司
 713 37195 4900103872424 北京檀州房地产开发有限公司
 714 47216 6230104076782 北京广联惠供用电工程设计有限公司
 715 41553 5494104210478 北京华洋国文机电设备维修有限公司
-21 -
 716 29940 3833103734905 北京永新易展商贸有限公司
 717 8859 1110103634298 北京天地人安科技发展有限公司
 718 39712 5244104226224 宝日医生物技术（北京）有限公司
 719 31054 3981104333562 北京金顺发锅炉安装工程有限公司
 720 51048 6752103895863 北京中泰恒通科技有限公司
 721 50055 6618103771175 北京中鑫世纪装饰工程有限公司
 722 51184 6770103744895 北京市北分仪器技术有限责任公司
 723 68079 9014104163072 大前门（北京）文化艺术有限公司
 724 55769 7366104378886 北京航洋健康科技有限公司
 725 64424 8530104173048 北京丰科创投科技有限公司
 726 30398 3889103824983 北京捷亚泰中盛汽车销售有限公司
 727 26246 3331104265896 北京中色铝业工程有限责任公司
 728 49106 6495103712350 汇伟塑胶工业（北京）有限公司
 729 43763 5792103759059 北京鸿飞远图软件技术有限公司
 730 42234 5585103901403 恩派克（北京）工业技术有限公司
 731 295 0039103627696 中投发展有限责任公司
 732 5761 0728103699272 北京国电芳城能源工程有限公司
 733 67776 8970103680558 中国水利水电建设工程咨询有限公司
 734 45816 6056103730796 北京康远制药有限公司
 735 56838 7522104355541 北京爱可思家益投资有限责任公司
 736 40540 5354103812441 北京大恒科海科技有限公司
 737 54258 7163103741158 北京科锐智进投资咨询有限公司
 738 61764 8161103799665 北京新京报传媒有限责任公司
 739 6485 0815104342965 北京卡玛原创服装服饰有限公司
 740 1334 0166104062547 北京盛达联行房地产经纪有限公司
 741 17603 2231103628195 北京润盛嘉华会计师事务所有限公司
 742 67773 8969104324492 北京方润石油产品经营有限公司
 743 64434 8531103987720 北京中兴网视科技有限公司
 744 17996 2283103786320 北京圣普服装服饰有限责任公司
 745 21103 2680103599392 北京天河金龙供电工程安装有限责任公
司
 746 17308 2199103924957 北京市经济干部在线宣传培训中心
 747 52131 6882103986383 北京京移光讯通信技术有限公司
 748 59372 7859103791667 北京中农大地科技发展有限公司金码大
酒店
 749 16306 2071103723943 北京金昌达玻璃有限公司
 750 63257 8364104077331 悦康药业集团有限公司
 751 24083 3062103659209 北京银河万达置业有限公司银河万达大
饭店
-22-
 752 67906 8988103982837 北京环宇创佳科技发展有限公司
 753 63103 8346103789854 北京天和晟酒店管理有限公司
 754 7060 0883103912659 北京博易阳文化传媒有限公司
 755 58796 7782103692079 北京君华时代国际会展有限公司
 756 29504 3777103697341 北京荣丰科技有限公司
 757 7141 0893103739582 北京益彰商贸有限公司
 758 18290 2323103664141 北京正北元电器有限公司
 759 6657 0836103889983 北京世纪明瑞遮阳技术有限公司
 760 50069 6620103800003 北京威得威奥国际广告传媒有限公司
 761 22098 2807103616785 北京金时伟业汽车贸易有限公司
 762 20494 2604103976562 北京华意乔技术有限公司
 763 50248 6644103853637 北京爱博精电科技有限公司
 764 901 0112103748355 北京京粮东方粮油贸易有限责任公司
 765 36360 4778104170990 北京森凯建筑设计有限公司怀柔分公司
 766 49242 6512104027072 北京中水物业管理有限公司
 767 69193 9167103996124 北京开元恒基房地产土地评估有限公司
 768 66758 8841103601064 北京安吉通经贸有限公司
 769 65756 8712104150663 北京科理达联纬科技有限公司
 770 1013 0127104163032 北京世纪森宝商贸有限公司
 771 51061 6754103898668 华科四维（北京）工程咨询有限公司
 772 22473 2855103756293 应诺博睿（北京）科技有限公司
 773 33228 4304104289697 北京晟海节能环保技术有限公司
 774 29720 3804103744517 北京市国凯基业企业管理有限公司
 775 33445 4334103594154 北京金诺百特科技有限公司
 776 62128 8209103788914 北京诺威通自动化设备有限公司
 777 50084 6622104107929 北京众阳宜商信息技术有限公司
 778 34666 4521103686115 北京嘉和美康信息技术有限公司
 779 47117 6218104345021 北京天吉龙贸易有限责任公司
 780 53645 7078103860578 北京诚诺美迪科技有限公司
 781 42252 5587104307533 北京易博讯科技有限公司
 782 32800 4244104062342 北京京铁实其腹快餐部
 783 55884 7384103620603 北京华铭联诚科技发展有限公司
 784 18152 2302103797127 北京田园盛态食品贸易有限公司
 785 7768 0968103878452 北京联合映像国际影音科技发展有限公
司
 786 18036 2288103616335 国立联智投资有限公司
 787 60717 8029103637304 品迈（北京）项目管理技术有限公司
 788 62399 8251103803291 北京铁恒通达机车配件中心
-23-
 789 27334 3484103647057 北京汇通融业网络系统技术有限公司
 790 33400 4327103838460 北京北林地景园林规划设计院有限责任
公司
 791 35968 4719103841988 北京顺亚邦物流有限责任公司
 792 55108 7275104055228 北京时威恒益科技发展有限公司
 793 31795 4089104203225 科杰（北京）清洁灭虫服务有限公司
 794 54614 7208104268300 北京中泰汇通科技发展有限公司
 795 72487 9612104391183 北京亿永发商贸有限公司
 796 17525 2222103893222 北京华谊兄弟时代文化经纪有限公司
 797 63534 8400104250652 北京忠信飞达商贸有限公司
 798 57014 7548103626760 北京新时大功机械有限公司
 799 47240 6234103877709 北京宝峰达玻璃有限公司
 800 23493 2991104383588 北京隆福荣达医疗器械有限公司
 801 60752 8033103876146 北京市平谷区福环老年公寓
 802 68994 9141103632336 北京兴华会计师事务所有限责任公司
 803 15293 1935103990481 北京兴亦晟星制冷设备有限公司
 804 12196 1550103730711 北京泛美雷特科技有限公司
 805 1610 0200103847868 智立方国际品牌管理顾问（北京）有限
公司
 806 34679 4522104049176 北京永成伟业装饰工程有限公司
 807 33383 4325103841453 德品国际文化传播（北京）有限公司
 808 48993 6480103881452 北京元盛赛诺化工有限公司
 809 1135 0143104383661 北京中选盛嘉企业运营管理有限公司
 810 42754 5656103623521 北京世纪之旅机电设备安装有限公司
 811 32436 4189103678354 北京津西投资控股有限公司
 812 59002 7809103670342 北京双顺达信息技术有限公司
 813 34919 4561103817945 睿诚嘉信（北京）科技有限公司
 814 71802 9528103694989 芯海日月电子（北京）有限公司
 815 55225 7291104355402 北京市房山区爱心家园特殊儿童康复中
心
 816 63073 8341103653647 北京航天金翔高温真空技术有限公司
 817 69742 9239103982852 北京金梦斯特软件开发公司
 818 58127 7694103696546 北京鸿锦餐饮有限公司光彩路店
 819 28593 3657103980608 北京润言财经信息咨询有限公司
 820 31206 4002103661060 北京国润盈康贸易有限公司
 821 8477 1061103839903 北京海马大河地毯有限公司
 822 4359 0558103740078 中国邮政速递物流股份有限公司
 823 38422 5066103878337 北京昀愈昊睿科贸有限责任公司
-24-
 824 42992 5688104287857 北京芳草欣科贸有限公司
 825 15093 1907104339038 华云升达（北京）气象科技有限责任公
司
 826 42743 5654103872876 北京大森长空包装机械有限公司
 827 1433 0177103927187 中国人民人寿保险股份有限公司
 828 50485 6673104044389 北京市潮白水泥构件厂
 829 40136 5296104104348 北京汇景轩园林绿化工程有限公司
 830 73973 9811104379879 北京顺展天拓科技有限公司
 831 68448 9067103649815 北京索引互动信息技术有限公司
 832 62805 8303103853363 北京天创数通科技发展有限公司
 833 23624 3006104344293 北京市中建京海计算机工程公司
 834 68271 9041104107579 北京益加宏瑞市政工程咨询有限公司
 835 48637 6427104051753 北京创世恒源电力工程有限公司
 836 17508 2220103824399 北京房地集团有限公司第一物业管理分
公司
 837 43689 5782103600924 北京世纪海润建筑工程有限公司
 838 16543 2099104278930 北京北排装备产业有限公司
 839 48468 6401103744031 北京观享视觉数字科技有限公司
 840 60031 7939103770798 北京瑞森嘉业网络科技有限公司
 841 11724 1486103719557 中安永恒（北京）工程技术有限公司
 842 61264 8098103975947 北京联宇科讯科技发展有限公司
 843 59959 7929103805825 北京举鑫相悦餐饮管理有限公司
 844 964 0120103903322 北京金夫人婚纱摄影有限公司
 845 52345 6909103978965 北京纳川融通文化传播有限公司
 846 20190 2565103854003 北京圣新大地计算机网络科技有限公司
 847 35372 4628104324382 北京创新科润机电物资贸易有限公司
 848 74768 9919103792314 益冷和众科技（北京）有限公司
 849 9415 1174103948629 北京博信云天科技发展有限公司
 850 23161 2947103799574 北京市天菜商贸有限公司
 851 5407 0687103687056 中国有色金属工业再生资源有限公司
 852 28422 3636103611912 北京伟业光大商贸有限公司
 853 16034 2032103603291 北京万源鑫发商贸有限公司
 854 15017 1897103782573 北京国电联宇工程技术有限公司
 855 56394 7459104181125 博雅仟恒软件技术（北京）有限公司
 856 30572 3912103915109 北京凌云东园科技有限公司
 857 47679 6293103870054 北京唯勤精密仪器有限公司
 858 72481 9612103748046 赢翼会展服务（北京）有限公司
 859 34245 4463104173377 北京博程伟业国际工程咨询有限公司
-25-
 860 33246 4306104159109 北京普华祥瑞网络科技有限公司
 861 58277 7715103631727 北京八达岭世纪会展中心管理处
 862 12657 1600104399483 北京时代伟业房地产经纪有限公司
 863 36377 4780103821964 北京博飞电子技术有限责任公司
 864 44159 5842103976280 北京沣瑞文化传媒有限公司
 865 39367 5195104055892 北京高科兴业商贸有限公司
 866 71575 9499103960073 北京恒远志诚监理咨询有限公司
 867 11295 1421103815486 北京贝塔尼时装有限公司
 868 3531 0452103798431 北京崇文门菜市场物美综合超市有限公
司
 869 6588 0826103610600 乐世康国际智能科技（北京）有限公司
 870 45565 6024103615174 北京鲁华欧珀电子设备有限公司
 871 26054 3305104397522 北京星航众信传媒广告有限公司
 872 41585 5500103677069 北京辉煌宏炜酒店管理有限公司
 873 55504 7329104114552 北京诚通圣邦房地产开发有限公司
 874 46554 6146103796080 北京鄂尔多斯创展服装有限公司
 875 72131 9566103731042 北京科印技术咨询服务公司
 876 18473 2348103747173 北京龙城兴业物业管理有限公司
 877 53842 7102103735687 北京奇迹无限软件有限公司
 878 42029 5563103728159 北京嘉泽恒泰科技有限公司
 879 38127 5032103795975 北京钧源达建筑工程有限公司
 880 22554 2867103769206 北京德兴恒通科贸有限公司
 881 41440 5479103649948 南京银行股份有限公司北京分行
 882 51096 6760103986342 北京华丰汇菱汽车保养服务有限公司
 883 26922 3424104392082 北京华兴太极信息科技有限责任公司
 884 16975 2158103740644 北京三友达科技有限责任公司
 885 68567 9083103722649 北京针灸三通法研究会
 886 40027 5281104265998 北京雅可乳特贸易有限公司
 887 46771 6172103649683 北京合宏进汽车销售服务有限公司
 888 8607 1077104144382 北京志阳宏伟机电技术有限公司
 889 11878 1505103613931 北京优势易途科技有限公司
 890 18066 2291104280969 北京共创恒远科技有限公司
 891 45207 5979103632767 北京益而康生物工程开发中心
 892 46586 6150103892611 北京鑫承恒飞商贸有限公司
 893 57676 7634104146054 北京东方世爵景观雕塑有限公司
 894 15222 1924104119574 北京韩村河房地产开发有限公司
 895 1755 0216104155959 北京思静设计咨询有限公司
 896 74446 9878103887511 北京尤莱特通信技术有限公司
-26-
 897 24887 3163103913101 北京安然兴达燃气技术服务有限公司
 898 15800 2001103965560 北京联合信华投资顾问有限公司
 899 36976 4870103743075 北京北方福瑞汽车销售服务有限公司
 900 56148 7425103783414 北京捷迅通力工程咨询有限公司
 901 8895 1113104090274 时代广告（北京）有限公司
 902 31841 4096103651525 北京功成科技投资有限公司
 903 68180 9029103737220 中国中铁航空港建设集团有限公司
 904 39228 5177103719425 趋势纵横（北京）文化传播有限公司
 905 72486 9612104151398 国建执业（北京）工程咨询中心
 906 39200 5173103736239 北京中广群星至盛文化传播有限公司
 907 48296 6379103720297 北京瑞鸿盛世公关顾问有限公司
 908 44859 5930103674384 中国电信股份有限公司
 909 18264 2320104223299 北京网鼎芯睿科技有限公司
 910 37921 5003104098977 北京万福源物流有限公司
 911 52108 6880103729704 北京天华北方建筑设计有限公司
 912 5651 0715104056007 北京寰宇星空文化传播有限公司
 913 34355 4479103677947 北京金海奥特印刷设计有限公司
 914 11692 1481103644787 北京弘联合创铁路配件有限公司
 915 67185 8892103617749 北京客来香商务酒店有限公司
 916 7182 0897104092823 北京万合世纪建筑安装工程有限公司
 917 61113 8079104169351 北京厚德龙享信息技术有限公司
 918 19403 2466104107344 北京德瑞通税务师事务所有限公司
 919 50971 6739103817255 北京盈果建筑工程有限公司
 920 74718 9911104102520 北京白象新技术有限公司
 921 24805 3153103720663 北京汇银融通科技有限公司
 922 2689 0335103642551 北京市金盛福食品有限公司
 923 67032 8876104193724 北京禾谷川影视文化传媒有限公司
 924 63901 8458103839706 北京智元盛达科技有限公司
 925 359 0046103811396 明达化工地质有限责任公司
 926 54846 7239104121310 北京建发酒业有限公司
 927 59288 7848103614083 嘉里大通物流有限公司
 928 40282 5316104273786 中商财富融资担保有限公司
 929 44800 5924103623530 北京西西里酒店管理有限公司
 930 73063 9689104380504 北京绘景添建筑装饰工程有限公司
 931 68965 9137103725744 肖进视觉（北京）文化传媒有限公司
 932 38042 5020103637693 北京瀚海阳光物业经营管理有限公司
 933 5053 0645103816305 北京龙熙兴瑞物业管理有限责任公司
 934 57357 7592103606670 北京捷顺通达物流有限公司
-27-
 935 13659 1727104031049 北京朝园文化收藏品市场有限公司
 936 9599 1195103766714 北京爱奥尼科技有限公司
 937 58294 7717103607851 北京市富山商贸有限公司
 938 63072 8341103604668 北京海策工程咨询有限公司
 939 19868 2527103611599 江河盛华国际贸易（北京）有限公司
 940 29367 3761103781784 北京乐嘉伟业科技有限公司
 941 67109 8885103593667 北京雷诺科建筑材料有限公司
 942 1913 0237104329130 中国智能交通协会
 943 65721 8707104324713 北京香山商务俱乐部有限公司
 944 49335 6524103961338 北京迪信通商贸股份有限公司
 945 41336 5465104161714 清大安科（北京）科技有限公司
 946 39556 5223103815933 北京市海淀区领语堂培训学校
 947 12232 1554104058166 外语教学与研究出版社有限责任公司
 948 45985 6078103622745 北京天天放送文化传播有限公司
 949 23416 2980104107559 北京宏华电器有限公司
 950 69951 9268103953751 中建电子工程有限公司
 951 13334 1688103997058 北京东方朗清洁净技术有限公司
 952 5485 0696104346863 零度智控（北京）智能科技有限公司
 953 40207 5307103770047 北京麦田房产经纪有限公司
 954 37636 4964103919041 北京星网锐捷网络技术有限公司
 955 31344 4022104117593 北京楠木咨询有限公司
 956 6207 0782104144192 北京园博园运营有限公司
 957 40188 5304104136802 北京保险研究院
 958 4280 0549103658157 北京金自天成液压技术有限责任公司
 959 38870 5126103945834 中国融资担保业协会
 960 17641 2236103774837 北京中兴瑞创环保科技有限公司
 961 55291 7300103728073 北京中盛世和科技有限公司
 962 8014 1001104025974 北京途家置业顾问有限公司
 963 60 0007103773259 北京七一八友晟电子有限公司
 964 20580 2615103801968 天职国际会计师事务所（特殊普通合伙
）
 965 44335 5866104130053 北京泰克华诚技术信息咨询有限公司
 966 14066 1783103831821 北京新龙伟业建筑工程有限公司
 967 599 0076103627702 中投发展有限责任公司
 968 52376 6914103898408 北京安龙联合特种车辆技术有限公司
 969 73411 9737103659946 中承华宇建设集团有限公司北京分公司
 970 57586 7623104357815 北京中安恒益科技有限公司
 971 24267 3083103620601 北京京西鼎城建筑工程有限公司
-28-
 972 73419 9738103623849 北京丰联广场商业有限公司
 973 74913 9938103856545 新华都特种电气股份有限公司
 974 21604 2740104092357 北京中盾安全技术开发公司
 975 7609 0948103869916 北京华源世纪汽车零部件制造有限公司
 976 22893 2911103909497 中税光华（北京）咨询有限公司
 977 12346 1568103622641 北京飞达顺鑫建筑工程有限责任公司
 978 17697 2243103674385 中国电信股份有限公司
 979 22565 2868103659788 北京卓雅时代装饰设计有限公司
 980 36182 4753104019145 中国人民财产保险股份有限公司北京市
密云支公司
 981 42614 5635103654367 北京东方华辉市政工程集团有限公司
 982 13303 1684103784265 北京嘉洁能科技有限公司
 983 16867 2141103596456 北京腾中天成资产管理有限公司
 984 50227 6642103596073 北京东方俊杰物流有限公司
 985 59730 7903103650642 北京亦庄国际人力资源有限责任公司
 986 63480 8394103646642 北京开元昌明清洁服务有限公司
 987 73213 9711103836518 北京世纪诚达试验仪器制造有限公司
 988 42796 5661103910557 北京爱德曼医药包装印刷有限公司
 989 26014 3301103647330 中国平安财产保险股份有限公司北京分
公司顺义营销服务部
 990 7452 0930103819325 北京京津宏大机电设备有限公司
 991 44790 5921104074987 北京天亿通汽车贸易有限责任公司
 992 54014 7127104346494 北京经正日成商贸有限公司
 993 24203 3076103654775 北京康盛德伦医疗器械有限公司
 994 2227 0279104087399 新星出版社有限责任公司
 995 49455 6538103658899 航天长征化学工程股份有限公司
 996 59096 7820103841216 北京艺海创业国际商务会馆有限公司
 997 1854 0229104329667 国药前景口腔科技（北京）有限公司
 998 45142 5970103878505 北京科大天工科技服务有限公司
 999 5001 0638103602590 北京世纪恒信科技发展有限公司
 1000 27270 3475103593918 东方先导（北京）糖酒有限公司
 1001 38958 5141103679464 北京新陆畅远货运代理有限公司
 1002 35235 4608103632320 北京实创上地物业管理服务有限责任公
司
 1003 47952 6332103684208 北京博辉在线科技发展有限公司
 1004 41208 5449103788751 北京奥特视电子科技有限公司
 1005 45685 6037104116537 北京盛世创业科技股份有限公司
 1006 5950 0752103685989 北京申睿智承科技发展有限公司
-29-
 1007 18604 2363103770973 北京恒信美嘉空调技术服务有限公司
 1008 30027 3843104093338 北京中博视讯科技有限公司
 1009 8452 1058103699461 北京华控伟业电子科技有限公司
 1010 69240 9174103661689 北京优科海青技术发展有限公司
 1011 22491 2858103618691 北京市丹顿律师事务所
 1012 57094 7557104387382 北京智恒兴业建筑工程有限公司
 1013 50405 6665103598794 北京京腾洲航电子设备有限公司
 1014 41988 5558103680562 中国水利水电建设工程咨询有限公司
 1015 66525 8812103700216 久远谦长（北京）管理咨询有限公司
 1016 25211 3200103918548 北京博亚华牧业科技有限公司
 1017 36228 4760104107866 北京中消伟业安全技术工程有限公司
 1018 56233 7436103675878 惠海天宇（北京）科技有限公司
 1019 16231 2060104029550 北京市北电电能调试安装服务处
 1020 33181 4299103945469 北京奥广联合广告有限公司
 1021 26362 3347103719776 纬元宇达管理咨询（北京）有限公司
 1022 65960 8740103901488 北京麦迪克斯科技有限公司
 1023 12797 1618103823422 中国邮政储蓄银行股份有限公司
 1024 45631 6031103988512 北京大田作物文化传播有限公司
 1025 49217 6509104073531 北京东方天星华普休闲健身俱乐部有限
公司
 1026 72687 9641103629136 北京国道通公路设计研究院股份有限公
司
 1027 47528 6273103637674 北京金光红印刷设计有限公司
 1028 23892 3036103828097 北京中微普业科技有限公司
 1029 21039 2670104062271 北京凤凰联动图书发行有限公司
 1030 42582 5631103675044 康保环亚安全防范技术（北京）有限公
司
 1031 12697 1606103816039 北京龙熙伟业建筑装饰工程有限公司
 1032 70673 9364103860577 北京诚诺美迪科技有限公司
 1033 72602 9629103598793 北京中拓佳顺国际建材有限公司
 1034 7380 0920103977256 中安网脉（北京）技术股份有限公司
 1035 40729 5380103799625 北京数智源信息技术有限公司
 1036 51038 6751103694882 中北华宇建筑工程公司北京欣兴创展分
公司
 1037 4542 0582103595341 北京优舍金庭酒店管理有限责任公司
 1038 44438 5879104060133 中国海洋置业有限公司北京物业管理分
公司
 1039 57530 7617103615696 北京中投创展置业有限公司
-30-
 1040 54610 7208103634639 北京申风倍利图文制作有限公司
 1041 12769 1615103797184 北京东方佳联影视技术有限公司
 1042 17563 2226103916032 北京华商远大电力建设有限公司
 1043 13591 1718103762831 北京金开利德国际服装市场有限公司
 1044 22299 2830103793895 北京王家场社区股份合作社
 1045 72298 9586104191924 北京利福源装饰工程有限公司
 1046 21515 2731103723945 北京能泰高科环保技术股份有限公司
 1047 27201 3465104007629 北京安泰佳信建设工程有限责任公司第
二分公司
 1048 7468 0931104134458 中食德祥（北京）展览有限公司
 1049 67949 8995103588317 北京泽浩天科技发展有限公司
 1050 52021 6870103811974 北京中泰宏瑞电气有限公司
 1051 8915 1116104136186 北京北科麦思科自动化工程技术有限公
司
 1052 24146 3069103675948 北京多德医疗科技有限公司
 1053 11039 1386104058021 北京默瑞尔医疗技术有限公司
 1054 5777 0730103693675 北京居然之家家居建材商业管理有限公
司
 1055 8873 1111104040676 润德发（北京）国际人力资源咨询有限
公司
 1056 57371 7594103597411 北京安石房地产开发有限公司
 1057 54 0006103879614 北京金色天安图书有限责任公司
 1058 41455 5480103982922 北京中电联汽车服务有限责任公司
 1059 8642 1080103812225 北京德宏物业管理有限责任公司
 1060 46454 6134103736055 北京安东兴盛电气设备安装有限公司
 1061 6136 0773103739122 北京东方鸿业液压机械有限公司
 1062 62791 8301104282388 北京大道似水科技有限公司
 1063 26659 3389104025753 北京浙森职业装有限公司
 1064 9795 1219104151427 北京纪鑫鸿业服装贸易有限公司
 1065 61799 8166103811893 北京中科海讯数字信号处理技术有限公
司
 1066 5465 0693103950108 北京种子影视广告有限公司
 1067 43026 5692104101273 北京矿建建筑安装有限责任公司
 1068 1259 0158104354917 北京康爱瑞浩生物技术有限责任公司
 1069 15488 1960104175758 北京卡达克汽车检测技术中心
 1070 20669 2625104363500 北京市北泡实创门窗有限公司
 1071 67169 8890103898190 中信金属有限公司
 1072 74081 9826103895826 北京今日国商贸易有限公司
-31 -
 1073 37000 4874103620591 北京英赫世纪置业有限公司
 1074 20413 2594104141056 北京博晖创新光电技术股份有限公司
 1075 8800 1102103601807 北京金飞阁信息技术有限公司
 1076 52369 6913103723530 北京市青龙湖同鑫兴胜建材商贸中心
 1077 65876 8730103633044 北京谷源粮道商贸有限公司
 1078 48712 6438103933240 中石油北京天然气管道有限公司
 1079 27702 3535103840567 北京中国交响音乐季艺术中心
 1080 45486 6012103967202 北京市门头沟区爱琪贝残障人士发展中
心
 1081 40061 5285103766238 北京荣创信达科技发展有限公司
 1082 31322 4019103615272 德勤华永会计师事务所（特殊普通合伙
）北京分所
 1083 44396 5874103597348 北京全品考试书店有限公司
 1084 33668 4372103735656 北京丰珅易博国际建筑装饰工程有限公
司
 1085 63929 8461104001630 沈重华扬（北京）机械设备有限公司
 1086 59634 7891104273785 中商财富融资担保有限公司
 1087 66826 8852103678442 北京市优莱斯雅家居用品有限公司
 1088 73885 9800103689574 北京中北建设计咨询有限公司
 1089 58737 7775104006722 北京鑫诗丹顿家具有限公司
 1090 22627 2876104142301 北京星光阳印刷技术开发有限公司
 1091 4489 0574103878155 北京大田物流有限公司
 1092 2983 0376103638226 中日医学科技交流协会
 1093 48889 6468103594864 北京欧龙新技术实业公司
 1094 8157 1023103645374 康普瑞达（北京）通信技术有限公司
 1095 6634 0831103637733 北京市中视律师事务所
 1096 30151 3859104325934 科博睿声（北京）咨询有限公司
 1097 62310 8236103774054 环时互动（北京）科技有限公司
 1098 12505 1584104018426 北京中源瑞盛投资有限公司
 1099 10500 1313103861682 北京高等秘书研修学院
 1100 16051 2034103876114 北京市电信工程局有限公司
 1101 59554 7882103726297 北京东方多彩照明技术有限公司
 1102 6209 0782104316865 北京天瑞众科技有限公司
 1103 52462 6925103966165 北京安泰久盛环保科技有限公司
 1104 31353 4023103953940 北京宏扬海通装饰有限公司
 1105 17124 2176103725775 北京恒信华业国际企业管理有限公司
 1106 25443 3228103594055 中电国服轴承（北京）有限公司
 1107 49418 6533104042705 北京高视远望科技有限责任公司
-32-
 1108 60743 8032104385072 北京京密投资有限公司
 1109 74 0009103596679 北京福泉投资有限公司
 1110 5002 0638103730744 铱格斯曼航空科技集团有限公司
 1111 37914 5002103855336 北京石林广场商业管理有限公司
 1112 26721 3397103926975 北京东立银燕环保设备技术有限公司
 1113 13753 1739103795271 北京本草方源药业有限公司
 1114 38534 5082103620179 北京赛科昌盛医药有限责任公司
 1115 6394 0806103646251 北京中和创意营销策划有限公司
 1116 50193 6637103634101 中国华夏文化遗产基金会
 1117 18395 2337103852498 中国大唐集团公司
 1118 68369 9054103980495 北京大唐首邑建筑集团有限责任公司
 1119 21245 2698103888995 北京格林创意广告有限公司
 1120 2165 0271103687612 北京吉卡意科技有限公司
 1121 14018 1776103601777 北京鼎云乔广告传媒有限公司
 1122 44519 5890103792422 北京徽峰艺雅装饰有限公司
 1123 17901 2271103633925 北京恒润运达货运有限公司
 1124 68239 9036103961550 蓝十字生物药业（北京）有限公司
 1125 16181 2051104026674 北京福润达化工有限责任公司
 1126 64186 8500104119968 利亚德光电股份有限公司
 1127 25193 3198103956102 顺义区北石槽镇下西市村村民委员会
 1128 28843 3691103899032 北京创伟鸿图科技有限公司
 1129 13779 1742104052782 北京滇草香餐饮有限责任公司朝阳分公
司
 1130 54028 7129104312172 北京苏氏餐饮有限公司
 1131 65438 8668103697693 北京汉典制药有限公司
 1132 53372 7040104093337 北京中博视讯科技有限公司
 1133 38213 5041104209992 北京超速创新网络科技有限公司
 1134 11652 1475104136198 北京圣海灵机电设备有限公司
 1135 61311 8105103982887 北京逸景源数字科技有限公司
 1136 33852 4399104407346 北京金岛兴业医疗科技有限公司
 1137 54238 7160103767568 北京潇湘府餐饮有限公司第六分公司
 1138 13044 1650103799047 北方智能微机电集团有限公司
 1139 16544 2099104410469 西安飞机工业装饰装修工程股份有限公
司北京装饰分公司
 1140 38486 5075103815987 北京市金元子商贸有限公司
 1141 10217 1275104032748 北京荣达成装饰有限责任公司
 1142 6083 0768103732050 北京京能电力股份有限公司
 1143 73812 9791103912023 北京国立柏林医学科技发展有限公司
-33-
 1144 53735 7090103655292 北京鹏龙天创物资贸易有限公司
 1145 60092 7948103876220 北京长软立德信息技术有限公司
 1146 53146 7009104339604 北京金融街第一太平戴维斯物业管理有
限公司
 1147 64609 8556103889888 奥瑞视（北京）科技有限公司
 1148 10355 1292104073791 北京安科兴业科技股份有限公司
 1149 1763 0218103799198 国防工业出版社（新时代出版社）
 1150 31820 4092103797111 北京上古新锐房地产经纪有限公司
 1151 11756 1489104075028 北京林大林业科技股份有限公司
 1152 69320 9185104372677 北京兴达致远机械租赁有限公司
 1153 66639 8826104055773 北京波尔通信技术股份有限公司
 1154 8335 1043103687451 北京圆方达通信工程有限责任公司
 1155 2033 0255103678150 北京谊安医疗系统股份有限公司
 1156 15035 1899104069406 北京市丰台区长辛店农工商联合总公司
 1157 63687 8421103686954 北京医保全新大药房有限责任公司
 1158 59601 7887104372513 北京红雨创展科技有限公司
 1159 15172 1917103588079 北京嘉兴网泰科技有限公司
 1160 28317 3622103977182 中石油铁工油品销售有限公司
 1161 251 0032103700016 北京大豪科技股份有限公司
 1162 20575 2614104363619 北京星球通达商贸有限公司
 1163 46964 6200103656354 北京金宝房地产开发有限公司
 1164 21425 2720103796612 北京市东北旺农场
 1165 14943 1889103666573 北京风顺吉商贸有限公司
 1166 59921 7926103636094 艾瑞利富（北京）机械有限公司
 1167 63887 8456103619872 北京市亦非律师事务所
 1168 2102 0264103621445 北京中天亿兴商贸有限公司
 1169 52602 6942103800559 北京居然之家玉泉营家居建材市场有限
公司
 1170 47920 6328103597249 乐风创想（北京）科技有限公司
 1171 71333 9464103793111 北京瑞国节能建筑工程有限公司
 1172 5351 0680104344171 北京城建华夏基础建设工程有限公司
 1173 51826 6848103834677 北京东展宏图贸易有限公司
 1174 58137 7696103695826 北京恒富物业服务有限公司
 1175 67327 8908103596270 北京宏睿精科仪器设备有限公司
 1176 7935 0991104252957 北京红枫树软件技术有限公司
 1177 46085 6090103799401 中国农业生产资料流通协会
 1178 39545 5221104289575 北京志诚联信科贸有限公司
 1179 8148 1022103767254 北京中教美育科技有限公司
-34-
 1180 38414 5065104074244 加拿大皇家投资集团北京代表处
 1181 74956 9946103607410 中北华宇建筑工程公司北京第三工程处
 1182 14839 1876103835865 北京东南仪诚实验室设备有限公司
 1183 27081 3448104107072 北京通诚基业建筑装饰工程有限公司
 1184 57338 7589103756369 北京德信安通科技发展有限公司
 1185 42272 5590103852530 利星行天竺之星汽车有限公司
 1186 71496 9489103847279 华融致远投资管理有限责任公司
 1187 62111 8207104015464 北京培联国际教育科技有限公司
 1188 29878 3823104230837 北京欧诺美医药科技有限公司
 1189 9619 1197103784403 北京世纪鸿房地产开发有限责任公司
 1190 46276 6111103637797 北京华宇亿康生物工程技术有限公司
 1191 45544 6020104386875 北京东俊市政建设有限公司
 1192 70015 9277103614934 北京正业易海环保科技有限公司
 1193 73251 9716103786776 北京实兴腾飞置业发展公司
 1194 63606 8409103681659 北京市顺义区北务镇郭家务村经济合作
社
 1195 38236 5043104087645 北京极地信息技术有限公司
 1196 65020 8612103808165 北京追踪者文化传媒有限公司
 1197 34498 4500104373856 北京乳旺食品有限公司
 1198 52388 6916103735136 北京瑞隆玻璃钢有限公司
 1199 38792 5115103841997 北京千山雪装饰工程有限责任公司
 1200 171 0021104033117 北京弘森创新真空镀膜技术有限公司
 1201 64637 8560104325537 中国民生银行股份有限公司北京国贸支
行
 1202 62507 8264103693658 银捷尼科电子支付设备（北京）有限公
司
 1203 33132 4292103614501 北京市丰台区卢沟桥社会福利中心
 1204 29221 3740104163103 北京森馥科技股份有限公司
 1205 35866 4704103961075 北京圣开来商贸有限责任公司
 1206 6406 0807104341635 北京优购文化发展有限公司
 1207 17495 2219103761944 北京嘉烽盛铭电子设备有限公司
 1208 8502 1064103623372 优尼班克（北京）科技有限公司
 1209 16386 2080104033855 北京鹿王鼎工贸有限公司
 1210 69477 9205104124135 北京宝顺海业机械设备有限公司
 1211 44329 5866103632398 北京神州华安科技有限公司
 1212 24143 3068104415597 北京泰华商悦酒店有限公司
 1213 51454 6804104090245 北京宝诚百旺汽车销售服务有限公司
 1214 52137 6883103736687 北京华铭艺精家具有限公司
-35-
 1215 28739 3678103835575 中煤建设集团有限公司
 1216 60790 8039104256310 北京城建亚泰金典建设工程有限公司
 1217 68873 9122103743369 北京赛瑞鑫钺门业有限责任公司
 1218 65004 8610103597613 中国黄金集团黄金珠宝有限公司
 1219 54531 7198103683264 北京诚惠电力工程有限公司
 1220 18825 2389103802888 北京智通润康科技有限公司
 1221 73188 9709103598303 北京兴长信达科技发展有限公司
 1222 34009 4426104106368 瞬联软件科技（北京）有限公司
 1223 67861 8981104225251 北京国电龙高科环境工程技术有限公司
 1224 6326 0797104359861 北京世欣和泰典当行有限公司
 1225 2377 0298103684170 北京亚林伟业科技发展有限公司
 1226 1318 0165103874782 南京南瑞集团公司北京通信用电技术中
心
 1227 7479 0932104086351 北京添山投资管理有限公司
 1228 63598 8408103835048 北京麦禾广告有限公司
 1229 19901 2529103695800 北京汇品传媒广告有限公司
 1230 48815 6456104025743 北京佰仁医疗科技有限公司
 1231 69076 9151104118631 中宝拍卖有限公司
 1232 753 0094103607629 北京华智汇鑫科技有限公司
 1233 7977 0997103622400 北京匆忙客餐饮管理有限公司
 1234 49155 6502103794826 中国第四冶金建设有限责任公司北京分
公司
 1235 12449 1578103699011 北京荣之联科技股份有限公司
 1236 57086 7557103620250 北京市顺义区南彩镇桥头村经济合作社
 1237 73238 9715103646778 北龙中网（北京）科技有限责任公司
 1238 21473 2725103924199 北京诺君安信息技术有限公司
 1239 35867 4704104089463 北京华阳建业技术有限公司
 1240 54002 7126103626925 北京三聚环保新材料股份有限公司
 1241 53609 7073104029951 北京世伟泰电子技术有限公司
 1242 13493 1706104283199 北京国鸿亿辉电气安装有限公司
 1243 15520 1964103964628 北京嘉信普康医药有限公司
 1244 1948 0242103825895 北京润泽汇通商贸有限公司
 1245 21402 2718103616679 北京天盈创智广告有限公司
 1246 18562 2358103962381 北京诚佳和商贸有限公司
 1247 21114 2681103743073 北京北方福瑞汽车销售服务有限公司
 1248 34868 4552103856658 北京宝玉石国际广告有限公司
 1249 52824 6969104370671 北京金进通汽车销售服务有限公司
 1250 71525 9493103825043 北京嘉禾国信投资有限责任公司
-36-
 1251 44872 5931103739968 北京溥若思工程机械有限公司
 1252 73235 9714103693615 北京颖泰嘉和生物科技有限公司
 1253 19967 2536103744368 北京永联伟业电器设备有限公司
 1254 2361 0295103900659 北京市富程律师事务所
 1255 30628 3920103743096 北京宝蓝恒通停车管理有限公司
 1256 70025 9278103861954 北京罗兰佩蒂科技发展有限公司
 1257 26806 3408103872425 北京檀州房地产开发有限公司
 1258 26845 3413104001442 北京百华悦邦科技股份有限公司
 1259 34548 4507104154081 北京哲君科技开发有限公司
 1260 74305 9860103629734 北京君联盛邦商贸有限公司
 1261 29275 3748103757811 北京优力讯科技有限公司
 1262 63980 8469104251060 北京中拓机械集团有限责任公司
 1263 14078 1784104189075 中融汇投资担保有限公司
 1264 50632 6693103797175 北京东方中科集成科技股份有限公司
 1265 23390 2977103869801 北京金通时代信息技术有限责任公司
 1266 43477 5755104104923 北京市鼎晟恒桥梁技术咨询中心
 1267 2982 0376103622713 北京东创翔宇建筑工程有限公司
 1268 16290 2069104073022 道勤永信（北京）税务师事务所有限公
司
 1269 3705 0478103787984 北京本土建筑设计有限公司
 1270 71014 9414104192192 鲁迅文化基金会
 1271 43532 5761103687565 北京燕波工程管理有限公司
 1272 18665 2369104333413 长城宽带网络服务有限公司北京分公司
 1273 40202 5306104011532 北京爱博得祥贸易有限公司
 1274 19579 2490104107155 华际信息系统有限公司
 1275 20516 2607104349182 北京天趣盎然红茶坊
 1276 52341 6909103734099 北京世纪金道石油技术开发有限公司
 1277 4379 0560103795028 北京东晨利能科技发展有限公司
 1278 56353 7452103861360 北京中矿雷恩科技有限公司
 1279 58134 7695103762841 洋溢科技（北京）有限公司
 1280 61743 8159103692068 北京惠通运输有限公司
 1281 28731 3677104125278 北京腾飞普天装饰工程有限公司
 1282 42455 5615103994738 北京永顺达拆除工程有限公司
 1283 6162 0776104309085 中科院建筑设计研究院有限公司
 1284 3943 0507103991290 人大数媒科技（北京）有限公司
 1285 71219 9447103676929 北京顺科房地产经纪有限公司
 1286 56165 7427103601761 中植企业集团有限公司
 1287 5616 0709104368897 北京思清源生物科技有限公司
-37-
 1288 18527 2354104089568 北京易世恒电子技术有限责任公司
 1289 17803 2258103852707 北京维美联合广告有限公司
 1290 30280 3877103734643 北京新影银基广告有限责任公司
 1291 46393 6126103645337 北京博海医康教育科技有限公司
 1292 62303 8234104124018 北京市天虹油墨有限公司
 1293 36940 4864103671953 北京保利信泰科技发展有限公司
 1294 24728 3141103962217 北京万福锅炉安装中心
 1295 65008 8610103737147 北京正美丰业汽车服务有限公司
 1296 74794 9921104068513 北京科利亚生物技术有限公司
 1297 70236 9305103692349 中译悦尔（北京）翻译有限公司
 1298 26694 3394103686525 北京银纳金科科技有限公司
 1299 73391 9734103815788 北京普净物业管理有限公司
 1300 50464 6671103695828 北京恒富物业服务有限公司
