1 1 0004104423140 北京鸿福临酒店有限公司
 2 2 0005104425524 北京庞大梦飞新能源汽车租赁有限公司
 3 3 0008104426859 北京瑞征汽车贸易有限公司
 4 4 0028104426655 北京市兴顺达客运有限责任公司
 5 5 0049104424615 有车（北京）新能源汽车租赁有限公司
 6 6 0053104425055 北京恒誉新能源汽车租赁有限公司
 7 7 0060104424873 北京恒誉新能源汽车租赁有限公司
 8 8 0065104426520 北京政联合物流有限公司
 9 9 0067104426284 北京冀东广龙物流有限责任公司
 10 10 0082104425697 北京经开投资开发股份有限公司
 11 11 0083104396930 北京德创鸿源装饰工程有限公司
 12 12 0085104368909 北京商机无限商贸有限公司
 13 13 0085104426121 北京兴顺利通汽车租赁有限公司
 14 14 0091104424788 北京恒誉新能源汽车租赁有限公司
 15 15 0099104426664 北京市兴顺达客运有限责任公司
 16 16 0100104425148 北京恒誉新能源汽车租赁有限公司
 17 17 0102104399432 北京市丰台区小松培训学校
 18 18 0105104426071 中润通新能源汽车租赁（北京）有限公
司
 19 19 0124104426593 北京市兴顺达客运有限责任公司
 20 20 0127104425839 北京瑞驰合众汽车租赁服务股份有限公
司
-2-
 21 21 0133104426565 北京市兴顺达客运有限责任公司
 22 22 0137104424962 北京恒誉新能源汽车租赁有限公司
 23 23 0139104426509 北京政联合物流有限公司
 24 24 0140104424798 北京恒誉新能源汽车租赁有限公司
 25 25 0145104425514 北京庞大梦飞新能源汽车租赁有限公司
 26 26 0152104426170 北京兴顺利通汽车租赁有限公司
 27 27 0157104425743 北京一嗨汽车租赁有限公司
 28 28 0161104425103 北京恒誉新能源汽车租赁有限公司
 29 29 0174104426082 中润通新能源汽车租赁（北京）有限公
司
 30 30 0186104425718 北京经开投资开发股份有限公司
 31 31 0189104367995 北京盛世宏烨电气工程有限公司
 32 32 0192104425833 北京瑞驰合众汽车租赁服务股份有限公
司
 33 33 0198104426527 北京政联合物流有限公司
 34 34 0205104408061 北京中达万隆资产管理有限公司
 35 35 0205104426649 北京市兴顺达客运有限责任公司
 36 36 0210104426225 北京冀东广龙物流有限责任公司
 37 37 0213104425986 北京诚信达汽车销售有限公司
 38 38 0214104385353 北京华泰昌汽车贸易有限公司
 39 39 0218104425710 北京经开投资开发股份有限公司
 40 40 0230104425515 北京庞大梦飞新能源汽车租赁有限公司
 41 41 0232104426773 北京理工绿通新能源汽车租赁有限公司
 42 42 0233104359898 北京美丽年华物业管理有限公司
 43 43 0234104424871 北京恒誉新能源汽车租赁有限公司
 44 44 0235104426105 中润通新能源汽车租赁（北京）有限公
司
 45 45 0244104426969 北京银企联国际物流有限公司
 46 46 0245104424898 北京恒誉新能源汽车租赁有限公司
 47 47 0248104425962 北京诚信达汽车销售有限公司
 48 48 0250104426383 北京冀东鸿物流有限公司
 49 49 0268104418032 北京郑和与海洋文化研究会
 50 50 0268104425552 北京庞大梦飞新能源汽车租赁有限公司
 51 51 0270104426174 北京兴顺利通汽车租赁有限公司
 52 52 0272104425840 北京瑞驰合众汽车租赁服务股份有限公
司
 53 53 0280104425431 北京绿行通达新能源汽车租赁有限公司
 54 54 0281104426799 北京瑞征汽车贸易有限公司
-3-
 55 55 0282104371971 北京北汽福斯特股份有限公司
 56 56 0284104425391 北京绿行通达新能源汽车租赁有限公司
 57 57 0288104426572 北京市兴顺达客运有限责任公司
 58 58 0289104424957 北京恒誉新能源汽车租赁有限公司
 59 59 0301104426950 北京银企联国际物流有限公司
 60 60 0310104426791 北京瑞征汽车贸易有限公司
 61 61 0319104425353 北京绿行通达新能源汽车租赁有限公司
 62 62 0321104425484 北京庞大梦飞新能源汽车租赁有限公司
 63 63 0321104426607 北京市兴顺达客运有限责任公司
 64 64 0324104424501 有车（北京）新能源汽车租赁有限公司
 65 65 0326104426302 北京冀东广龙物流有限责任公司
 66 66 0326104426456 北京政联合物流有限公司
 67 67 0334104425815 北京瑞驰合众汽车租赁服务股份有限公
司
 68 68 0338104368077 北京炫柱华年科技有限公司
 69 69 0338104426217 北京冀东鸿物流有限公司
 70 70 0342104426015 北京富电科技有限公司
 71 71 0344104426026 北京富电科技有限公司
 72 72 0347104424460 有车（北京）新能源汽车租赁有限公司
 73 73 0350104426407 北京冀东鸿物流有限公司
 74 74 0360104426514 北京政联合物流有限公司
 75 75 0362104374421 北京现代汽车有限公司
 76 76 0365104426843 北京瑞征汽车贸易有限公司
 77 77 0382104425780 北京一嗨汽车租赁有限公司
 78 78 0385104425318 北京绿行通达新能源汽车租赁有限公司
 79 79 0386104425778 北京一嗨汽车租赁有限公司
 80 80 0394104426954 北京银企联国际物流有限公司
 81 81 0396104424516 有车（北京）新能源汽车租赁有限公司
 82 82 0404104424568 有车（北京）新能源汽车租赁有限公司
 83 83 0411104424606 有车（北京）新能源汽车租赁有限公司
 84 84 0414104426483 北京政联合物流有限公司
 85 85 0422104426534 北京政联合物流有限公司
 86 86 0429104427004 北京银企联国际物流有限公司
 87 87 0431104340494 北京天福顺祥燃气设备有限公司
 88 88 0431104424967 北京恒誉新能源汽车租赁有限公司
 89 89 0431104425963 北京诚信达汽车销售有限公司
 90 90 0432104424807 北京恒誉新能源汽车租赁有限公司
 91 91 0433104426994 北京银企联国际物流有限公司
-4-
 92 92 0435104426626 北京市兴顺达客运有限责任公司
 93 93 0437104425752 北京一嗨汽车租赁有限公司
 94 94 0446104426199 北京兴顺利通汽车租赁有限公司
 95 95 0451104424760 北京恒誉新能源汽车租赁有限公司
 96 96 0455104415124 美国COGE（合巨）有限责任公司北京代
表处
 97 97 0456104425712 北京经开投资开发股份有限公司
 98 98 0458104426911 北京银企联国际物流有限公司
 99 99 0460104424558 有车（北京）新能源汽车租赁有限公司
 100 100 0463104425457 北京庞大梦飞新能源汽车租赁有限公司
 101 101 0470104426470 北京政联合物流有限公司
 102 102 0478104425379 北京绿行通达新能源汽车租赁有限公司
 103 103 0486104425497 北京庞大梦飞新能源汽车租赁有限公司
 104 104 0488104426385 北京冀东鸿物流有限公司
 105 105 0501104340168 北京上广传媒文化传播有限公司
 106 106 0504104426202 北京兴顺利通汽车租赁有限公司
 107 107 0505104425722 北京经开投资开发股份有限公司
 108 108 0505104425846 北京瑞驰合众汽车租赁服务股份有限公
司
 109 109 0508104425029 北京恒誉新能源汽车租赁有限公司
 110 110 0510104363228 同方知网数字出版技术股份有限公司
 111 111 0511104349855 北京海迈德科技咨询有限公司
 112 112 0514104304398 北京英富森软件股份有限公司
 113 113 0528104425830 北京瑞驰合众汽车租赁服务股份有限公
司
 114 114 0532104334762 北京市桶装饮用水销售行业协会
 115 115 0534104426597 北京市兴顺达客运有限责任公司
 116 116 0535104426164 北京兴顺利通汽车租赁有限公司
 117 117 0544104426342 北京市兴顺达客运有限责任公司
 118 118 0546104424488 有车（北京）新能源汽车租赁有限公司
 119 119 0546104426029 北京富电科技有限公司
 120 120 0547104425354 北京绿行通达新能源汽车租赁有限公司
 121 121 0549104425983 北京诚信达汽车销售有限公司
 122 122 0551104424903 北京恒誉新能源汽车租赁有限公司
 123 123 0556104425432 北京绿行通达新能源汽车租赁有限公司
 124 124 0559104329041 中良万川（北京）汽车租赁有限公司
 125 125 0568104360191 农业部食物与营养发展研究所
 126 126 0572104405569 布雷维尼液压流体动力系统（北京）有
限公司
-5-
 127 127 0591104426227 北京冀东广龙物流有限责任公司
 128 128 0596104424934 北京恒誉新能源汽车租赁有限公司
 129 129 0599104424706 北京恒誉新能源汽车租赁有限公司
 130 130 0602104426176 北京兴顺利通汽车租赁有限公司
 131 131 0603104426546 北京市兴顺达客运有限责任公司
 132 132 0605104426110 中润通新能源汽车租赁（北京）有限公
司
 133 133 0608104424634 有车（北京）新能源汽车租赁有限公司
 134 134 0611104425827 北京瑞驰合众汽车租赁服务股份有限公
司
 135 135 0612104337465 北京子硕兴业科贸有限公司
 136 136 0624104426307 北京冀东广龙物流有限责任公司
 137 137 0626104426638 北京市兴顺达客运有限责任公司
 138 138 0628104425361 北京绿行通达新能源汽车租赁有限公司
 139 139 0629104426794 北京瑞征汽车贸易有限公司
 140 140 0631104425145 北京恒誉新能源汽车租赁有限公司
 141 141 0637104424771 北京恒誉新能源汽车租赁有限公司
 142 142 0642104425294 北京绿行通达新能源汽车租赁有限公司
 143 143 0654104426559 北京市兴顺达客运有限责任公司
 144 144 0656104425117 北京恒誉新能源汽车租赁有限公司
 145 145 0658104424624 有车（北京）新能源汽车租赁有限公司
 146 146 0664104424670 北京恒誉新能源汽车租赁有限公司
 147 147 0668104425548 北京庞大梦飞新能源汽车租赁有限公司
 148 148 0684104424917 北京恒誉新能源汽车租赁有限公司
 149 149 0684104426474 北京政联合物流有限公司
 150 150 0697104336421 北京鼎江建筑装饰工程有限公司
 151 151 0700104424545 有车（北京）新能源汽车租赁有限公司
 152 152 0709104425046 北京恒誉新能源汽车租赁有限公司
 153 153 0714104369955 北京联合兴业安防技术服务有限公司
 154 154 0714104425067 北京恒誉新能源汽车租赁有限公司
 155 155 0717104355585 北京雪润广告有限公司
 156 156 0719104425956 北京诚信达汽车销售有限公司
 157 157 0725104332691 北京宏源南门涮肉城有限责任公司
 158 158 0725104424722 北京恒誉新能源汽车租赁有限公司
 159 159 0732104426591 北京市兴顺达客运有限责任公司
 160 160 0734104344165 北京市体育竞赛管理中心
 161 161 0739104341686 北京新华联伟业房地产有限公司
 162 162 0740104425374 北京绿行通达新能源汽车租赁有限公司
-6-
 163 163 0744104426256 北京冀东广龙物流有限责任公司
 164 164 0755104426665 北京市兴顺达客运有限责任公司
 165 165 0757104363230 同方知网数字出版技术股份有限公司
 166 166 0760104425741 北京一嗨汽车租赁有限公司
 167 167 0762104328583 北京鹏博瑞达机械租赁有限公司
 168 168 0780104342107 北京千子莲投资管理有限公司
 169 169 0781104425819 北京瑞驰合众汽车租赁服务股份有限公
司
 170 170 0783104426352 北京冀东鸿物流有限公司
 171 171 0784104419981 北京京鲁聚鑫金属贸易有限公司
 172 172 0789104425080 北京恒誉新能源汽车租赁有限公司
 173 173 0792104426097 中润通新能源汽车租赁（北京）有限公
司
 174 174 0796104426252 北京冀东广龙物流有限责任公司
 175 175 0796104426585 北京市兴顺达客运有限责任公司
 176 176 0802104426582 北京市兴顺达客运有限责任公司
 177 177 0807104424785 北京恒誉新能源汽车租赁有限公司
 178 178 0808104424960 北京恒誉新能源汽车租赁有限公司
 179 179 0809104425352 北京绿行通达新能源汽车租赁有限公司
 180 180 0811104425955 北京诚信达汽车销售有限公司
 181 181 0818104424805 北京恒誉新能源汽车租赁有限公司
 182 182 0819104424883 北京恒誉新能源汽车租赁有限公司
 183 183 0822104424605 有车（北京）新能源汽车租赁有限公司
 184 184 0824104424550 有车（北京）新能源汽车租赁有限公司
 185 185 0824104426500 北京政联合物流有限公司
 186 186 0836104426935 北京银企联国际物流有限公司
 187 187 0840104370955 北京宇锐时代科技有限公司
 188 188 0851104346481 北京北方专用车新技术发展有限公司
 189 189 0854104424972 北京恒誉新能源汽车租赁有限公司
 190 190 0855104426536 北京政联合物流有限公司
 191 191 0857104426615 北京市兴顺达客运有限责任公司
 192 192 0862104426654 北京市兴顺达客运有限责任公司
 193 193 0870104424609 有车（北京）新能源汽车租赁有限公司
 194 194 0872104425130 北京恒誉新能源汽车租赁有限公司
 195 195 0888104363681 力创思源国际贸易（北京）有限公司
 196 196 0888104424533 有车（北京）新能源汽车租赁有限公司
 197 197 0891104426982 北京银企联国际物流有限公司
 198 198 0895104426374 北京冀东鸿物流有限公司
-7-
 199 199 0896104373415 北京宽和警鹰科技发展有限公司
 200 200 0900104426440 北京政联合物流有限公司
 201 201 0903104426281 北京冀东广龙物流有限责任公司
 202 202 0909104377843 北京昊迪伟业科技发展有限公司
 203 203 0914104426667 北京市兴顺达客运有限责任公司
 204 204 0915104425754 北京一嗨汽车租赁有限公司
 205 205 0916104425387 北京绿行通达新能源汽车租赁有限公司
 206 206 0918104372448 北京国信畅达知识产权代理有限公司
 207 207 0919104426487 北京政联合物流有限公司
 208 208 0922104424679 北京恒誉新能源汽车租赁有限公司
 209 209 0939104316032 安多牧场（北京）餐饮管理有限公司
 210 210 0939104425015 北京恒誉新能源汽车租赁有限公司
 211 211 0939104425341 北京绿行通达新能源汽车租赁有限公司
 212 212 0947104425974 北京诚信达汽车销售有限公司
 213 213 0948104338721 华扬联众数字技术股份有限公司
 214 214 0951104426107 中润通新能源汽车租赁（北京）有限公
司
 215 215 0955104425014 北京恒誉新能源汽车租赁有限公司
 216 216 0955104425516 北京庞大梦飞新能源汽车租赁有限公司
 217 217 0963104425027 北京恒誉新能源汽车租赁有限公司
 218 218 0972104425007 北京恒誉新能源汽车租赁有限公司
 219 219 0972104426617 北京市兴顺达客运有限责任公司
 220 220 0990104425292 北京绿行通达新能源汽车租赁有限公司
 221 221 0990104425357 北京绿行通达新能源汽车租赁有限公司
 222 222 0999104424557 有车（北京）新能源汽车租赁有限公司
 223 223 1003104425376 北京绿行通达新能源汽车租赁有限公司
 224 224 1005104425506 北京庞大梦飞新能源汽车租赁有限公司
 225 225 1006104425375 北京绿行通达新能源汽车租赁有限公司
 226 226 1007104424674 北京恒誉新能源汽车租赁有限公司
 227 227 1009104426513 北京政联合物流有限公司
 228 228 1014104357854 北京蓝色光标公关顾问有限公司
 229 229 1023104425339 北京绿行通达新能源汽车租赁有限公司
 230 230 1027104425930 北京富电科技有限公司
 231 231 1031104426244 北京冀东广龙物流有限责任公司
 232 232 1036104426012 北京富电科技有限公司
 233 233 1039104424685 北京恒誉新能源汽车租赁有限公司
 234 234 1041104424988 北京恒誉新能源汽车租赁有限公司
 235 235 1045104425738 北京一嗨汽车租赁有限公司
-8-
 236 236 1045104425750 北京一嗨汽车租赁有限公司
 237 237 1054104426230 北京冀东广龙物流有限责任公司
 238 238 1055104353956 北京闽南居美装饰材料有限公司
 239 239 1056104349308 宇宙星国际商业管理（北京）有限公司
 240 240 1063104424956 北京恒誉新能源汽车租赁有限公司
 241 241 1066104425740 北京一嗨汽车租赁有限公司
 242 242 1067104424841 北京恒誉新能源汽车租赁有限公司
 243 243 1067104425834 北京瑞驰合众汽车租赁服务股份有限公
司
 244 244 1073104426172 北京兴顺利通汽车租赁有限公司
 245 245 1074104356378 北京明园大学
 246 246 1076104426347 北京冀东鸿物流有限公司
 247 247 1084104425111 北京恒誉新能源汽车租赁有限公司
 248 248 1086104424726 北京恒誉新能源汽车租赁有限公司
 249 249 1089104426623 北京市兴顺达客运有限责任公司
 250 250 1090104425818 北京瑞驰合众汽车租赁服务股份有限公
司
 251 251 1098104425126 北京恒誉新能源汽车租赁有限公司
 252 252 1099104424556 有车（北京）新能源汽车租赁有限公司
 253 253 1100104357859 北京蓝色光标公关顾问有限公司
 254 254 1102104424979 北京恒誉新能源汽车租赁有限公司
 255 255 1104104425520 北京庞大梦飞新能源汽车租赁有限公司
 256 256 1116104425306 北京绿行通达新能源汽车租赁有限公司
 257 257 1120104425705 北京经开投资开发股份有限公司
 258 258 1123104361983 北京巴黎之恋婚纱摄影中心
 259 259 1130104367960 北京普华基业科技发展有限公司
 260 260 1137104426442 北京政联合物流有限公司
 261 261 1139104425326 北京绿行通达新能源汽车租赁有限公司
 262 262 1145104424522 有车（北京）新能源汽车租赁有限公司
 263 263 1148104424514 有车（北京）新能源汽车租赁有限公司
 264 264 1155104425940 北京富电科技有限公司
 265 265 1157104425845 北京瑞驰合众汽车租赁服务股份有限公
司
 266 266 1158104401991 中国研究型医院学会
 267 267 1164104425051 北京恒誉新能源汽车租赁有限公司
 268 268 1168104426013 北京富电科技有限公司
 269 269 1177104426984 北京银企联国际物流有限公司
 270 270 1178104424820 北京恒誉新能源汽车租赁有限公司
-9-
 271 271 1182104424730 北京恒誉新能源汽车租赁有限公司
 272 272 1184104426465 北京政联合物流有限公司
 273 273 1189104426286 北京冀东广龙物流有限责任公司
 274 274 1191104426554 北京市兴顺达客运有限责任公司
 275 275 1192104426671 北京市兴顺达客运有限责任公司
 276 276 1195104425964 北京诚信达汽车销售有限公司
 277 277 1196104424508 有车（北京）新能源汽车租赁有限公司
 278 278 1200104371780 北京市通州区马驹桥镇神驹村村民委员
会
 279 279 1207104424769 北京恒誉新能源汽车租赁有限公司
 280 280 1219104425331 北京绿行通达新能源汽车租赁有限公司
 281 281 1223104426283 北京冀东广龙物流有限责任公司
 282 282 1225104372200 北京市房山区京良计算机培训中心
 283 283 1235104426037 北京富电科技有限公司
 284 284 1236104426404 北京冀东鸿物流有限公司
 285 285 1237104342890 北京腾达市政工程有限公司
 286 286 1241104357851 北京蓝色光标公关顾问有限公司
 287 287 1243104359728 北京例外房地产经纪有限公司
 288 288 1246104357848 北京蓝色光标公关顾问有限公司
 289 289 1246104426390 北京冀东鸿物流有限公司
 290 290 1254104354816 中益老龄事业发展中心
 291 291 1254104425160 北京恒誉新能源汽车租赁有限公司
 292 292 1254104425900 北京诚信达汽车销售有限公司
 293 293 1265104426315 北京冀东广龙物流有限责任公司
 294 294 1269104425113 北京恒誉新能源汽车租赁有限公司
 295 295 1271104426499 北京政联合物流有限公司
 296 296 1271104426894 北京瑞征汽车贸易有限公司
 297 297 1274104426976 北京银企联国际物流有限公司
 298 298 1280104372217 北京神导科讯科技发展有限公司
 299 299 1282104424707 北京恒誉新能源汽车租赁有限公司
 300 300 1287104425739 北京一嗨汽车租赁有限公司
 301 301 1289104425013 北京恒誉新能源汽车租赁有限公司
 302 302 1290104348368 北京市博安律师事务所
 303 303 1297104346739 中国华戎控股有限公司
 304 304 1299104425377 北京绿行通达新能源汽车租赁有限公司
 305 305 1303104426376 北京冀东鸿物流有限公司
 306 306 1304104415971 北京惠海兴电子科技发展中心
 307 307 1309104426191 北京兴顺利通汽车租赁有限公司
-10-
 308 308 1310104425344 北京绿行通达新能源汽车租赁有限公司
 309 309 1311104425197 北京恒誉新能源汽车租赁有限公司
 310 310 1320104424505 有车（北京）新能源汽车租赁有限公司
 311 311 1322104426184 北京兴顺利通汽车租赁有限公司
 312 312 1330104425301 北京绿行通达新能源汽车租赁有限公司
 313 313 1332104425814 北京瑞驰合众汽车租赁服务股份有限公
司
 314 314 1335104426497 北京政联合物流有限公司
 315 315 1341104424853 北京恒誉新能源汽车租赁有限公司
 316 316 1341104426448 北京政联合物流有限公司
 317 317 1352104425104 北京恒誉新能源汽车租赁有限公司
 318 318 1364104424740 北京恒誉新能源汽车租赁有限公司
 319 319 1364104426316 北京冀东广龙物流有限责任公司
 320 320 1367104424901 北京恒誉新能源汽车租赁有限公司
 321 321 1368104426622 北京市兴顺达客运有限责任公司
 322 322 1370104424894 北京恒誉新能源汽车租赁有限公司
 323 323 1378104425749 北京一嗨汽车租赁有限公司
 324 324 1379104425032 北京恒誉新能源汽车租赁有限公司
 325 325 1380104425297 北京绿行通达新能源汽车租赁有限公司
 326 326 1382104425757 北京一嗨汽车租赁有限公司
 327 327 1387104414651 北京市国路安信息技术有限公司
 328 328 1387104424452 有车（北京）新能源汽车租赁有限公司
 329 329 1388104425724 北京经开投资开发股份有限公司
 330 330 1411104424981 北京恒誉新能源汽车租赁有限公司
 331 331 1424104426937 北京银企联国际物流有限公司
 332 332 1433104425068 北京恒誉新能源汽车租赁有限公司
 333 333 1433104425295 北京绿行通达新能源汽车租赁有限公司
 334 334 1434104425093 北京恒誉新能源汽车租赁有限公司
 335 335 1435104426756 北京理工绿通新能源汽车租赁有限公司
 336 336 1449104426469 北京政联合物流有限公司
 337 337 1450104398997 中国农业科技国际交流协会
 338 338 1464104426802 北京瑞征汽车贸易有限公司
 339 339 1466104425329 北京绿行通达新能源汽车租赁有限公司
 340 340 1471104425505 北京庞大梦飞新能源汽车租赁有限公司
 341 341 1471104425751 北京一嗨汽车租赁有限公司
 342 342 1476104425423 北京绿行通达新能源汽车租赁有限公司
 343 343 1478104336665 北京冀丰源商贸有限公司
 344 344 1480104423468 北京基业达电气有限公司
-11 -
 345 345 1486104394505 北京中油房山燕宾油料销售有限公司
 346 346 1486104424595 有车（北京）新能源汽车租赁有限公司
 347 347 1497104426608 北京市兴顺达客运有限责任公司
 348 348 1499104426887 北京瑞征汽车贸易有限公司
 349 349 1501104425054 北京恒誉新能源汽车租赁有限公司
 350 350 1502104425510 北京庞大梦飞新能源汽车租赁有限公司
 351 351 1506104338714 华扬联众数字技术股份有限公司
 352 352 1507104426405 北京冀东鸿物流有限公司
 353 353 1512104424756 北京恒誉新能源汽车租赁有限公司
 354 354 1518104396592 北京优创金卡科技有限公司
 355 355 1527104426427 北京冀东鸿物流有限公司
 356 356 1528104424746 北京恒誉新能源汽车租赁有限公司
 357 357 1531104426767 北京理工绿通新能源汽车租赁有限公司
 358 358 1537104424773 北京恒誉新能源汽车租赁有限公司
 359 359 1539104424922 北京恒誉新能源汽车租赁有限公司
 360 360 1545104424525 有车（北京）新能源汽车租赁有限公司
 361 361 1547104425746 北京一嗨汽车租赁有限公司
 362 362 1549104424744 北京恒誉新能源汽车租赁有限公司
 363 363 1558104424905 北京恒誉新能源汽车租赁有限公司
 364 364 1561104424915 北京恒誉新能源汽车租赁有限公司
 365 365 1564104425970 北京诚信达汽车销售有限公司
 366 366 1578104426216 北京冀东鸿物流有限公司
 367 367 1580104357025 北京开闻信通科技有限公司
 368 368 1591104396608 北京京航世纪商贸有限公司
 369 369 1591104426391 北京冀东鸿物流有限公司
 370 370 1592104426306 北京冀东广龙物流有限责任公司
 371 371 1595104426518 北京政联合物流有限公司
 372 372 1596104424751 北京恒誉新能源汽车租赁有限公司
 373 373 1597104424997 北京恒誉新能源汽车租赁有限公司
 374 374 1598104424865 北京恒誉新能源汽车租赁有限公司
 375 375 1601104426089 中润通新能源汽车租赁（北京）有限公
司
 376 376 1610104426987 北京银企联国际物流有限公司
 377 377 1612104426605 北京市兴顺达客运有限责任公司
 378 378 1613104424689 北京恒誉新能源汽车租赁有限公司
 379 379 1613104426589 北京市兴顺达客运有限责任公司
 380 380 1623104426196 北京兴顺利通汽车租赁有限公司
 381 381 1629104424821 北京恒誉新能源汽车租赁有限公司
-12-
 382 382 1640104424540 有车（北京）新能源汽车租赁有限公司
 383 383 1658104426336 北京市兴顺达客运有限责任公司
 384 384 1661104426462 北京政联合物流有限公司
 385 385 1663104424549 有车（北京）新能源汽车租赁有限公司
 386 386 1666104425545 北京庞大梦飞新能源汽车租赁有限公司
 387 387 1668104423345 北京中联天盛建材有限公司
 388 388 1671104425435 北京绿行通达新能源汽车租赁有限公司
 389 389 1675104425221 北京中孚视通科技有限公司
 390 390 1680104426666 北京市兴顺达客运有限责任公司
 391 391 1682104426279 北京冀东广龙物流有限责任公司
 392 392 1685104426800 北京瑞征汽车贸易有限公司
 393 393 1688104426367 北京冀东鸿物流有限公司
 394 394 1689104385348 北京华泰昌汽车贸易有限公司
 395 395 1700104425346 北京绿行通达新能源汽车租赁有限公司
 396 396 1700104426221 北京冀东鸿物流有限公司
 397 397 1704104425421 北京绿行通达新能源汽车租赁有限公司
 398 398 1708104426183 北京兴顺利通汽车租赁有限公司
 399 399 1710104424462 有车（北京）新能源汽车租赁有限公司
 400 400 1710104424965 北京恒誉新能源汽车租赁有限公司
 401 401 1713104424838 北京恒誉新能源汽车租赁有限公司
 402 402 1717104426266 北京冀东广龙物流有限责任公司
 403 403 1722104425087 北京恒誉新能源汽车租赁有限公司
 404 404 1733104426028 北京富电科技有限公司
 405 405 1733104426424 北京冀东鸿物流有限公司
 406 406 1734104425381 北京绿行通达新能源汽车租赁有限公司
 407 407 1747104425686 北京经开投资开发股份有限公司
 408 408 1751104425289 北京绿行通达新能源汽车租赁有限公司
 409 409 1764104426864 北京瑞征汽车贸易有限公司
 410 410 1768104426387 北京冀东鸿物流有限公司
 411 411 1775104426092 中润通新能源汽车租赁（北京）有限公
司
 412 412 1776104426609 北京市兴顺达客运有限责任公司
 413 413 1779104425005 北京恒誉新能源汽车租赁有限公司
 414 414 1781104425106 北京恒誉新能源汽车租赁有限公司
 415 415 1783104425365 北京绿行通达新能源汽车租赁有限公司
 416 416 1784104424453 有车（北京）新能源汽车租赁有限公司
 417 417 1785104425533 北京庞大梦飞新能源汽车租赁有限公司
 418 418 1792104425436 北京绿行通达新能源汽车租赁有限公司
-13-
 419 419 1796104424813 北京恒誉新能源汽车租赁有限公司
 420 420 1797104425947 北京诚信达汽车销售有限公司
 421 421 1801104425210 北京恒誉新能源汽车租赁有限公司
 422 422 1809104426431 北京冀东鸿物流有限公司
 423 423 1813104424680 北京恒誉新能源汽车租赁有限公司
 424 424 1814104426612 北京市兴顺达客运有限责任公司
 425 425 1817104341893 北京沁诺展览有限公司
 426 426 1819104424795 北京恒誉新能源汽车租赁有限公司
 427 427 1821104425809 北京瑞驰合众汽车租赁服务股份有限公
司
 428 428 1824104425562 北京经开投资开发股份有限公司
 429 429 1826104425069 北京恒誉新能源汽车租赁有限公司
 430 430 1833104424823 北京恒誉新能源汽车租赁有限公司
 431 431 1834104338756 北京金风科创风电设备有限公司
 432 432 1837104424548 有车（北京）新能源汽车租赁有限公司
 433 433 1837104425020 北京恒誉新能源汽车租赁有限公司
 434 434 1839104425530 北京庞大梦飞新能源汽车租赁有限公司
 435 435 1841104424463 有车（北京）新能源汽车租赁有限公司
 436 436 1846104424639 有车（北京）新能源汽车租赁有限公司
 437 437 1847104424923 北京恒誉新能源汽车租赁有限公司
 438 438 1852104426850 北京瑞征汽车贸易有限公司
 439 439 1853104424585 有车（北京）新能源汽车租赁有限公司
 440 440 1856104426215 北京冀东鸿物流有限公司
 441 441 1857104425422 北京绿行通达新能源汽车租赁有限公司
 442 442 1859104425285 北京绿行通达新能源汽车租赁有限公司
 443 443 1861104357857 北京蓝色光标公关顾问有限公司
 444 444 1866104426418 北京冀东鸿物流有限公司
 445 445 1871104425309 北京绿行通达新能源汽车租赁有限公司
 446 446 1875104424998 北京恒誉新能源汽车租赁有限公司
 447 447 1877104426356 北京冀东鸿物流有限公司
 448 448 1881104424713 北京恒誉新能源汽车租赁有限公司
 449 449 1882104424907 北京恒誉新能源汽车租赁有限公司
 450 450 1890104424828 北京恒誉新能源汽车租赁有限公司
 451 451 1890104425212 北京恒誉新能源汽车租赁有限公司
 452 452 1890104426069 中润通新能源汽车租赁（北京）有限公
司
 453 453 1890104426857 北京瑞征汽车贸易有限公司
 454 454 1890104427003 北京银企联国际物流有限公司
-14-
 455 455 1892104425066 北京恒誉新能源汽车租赁有限公司
 456 456 1912104351605 苏普曼（北京）商贸有限公司
 457 457 1923104314489 北京嘉世俪人广告有限责任公司
 458 458 1929104424800 北京恒誉新能源汽车租赁有限公司
 459 459 1939104425147 北京恒誉新能源汽车租赁有限公司
 460 460 1952104426413 北京冀东鸿物流有限公司
 461 461 1952104426958 北京银企联国际物流有限公司
 462 462 1957104426938 北京银企联国际物流有限公司
 463 463 1959104426973 北京银企联国际物流有限公司
 464 464 1970104426986 北京银企联国际物流有限公司
 465 465 1971104426375 北京冀东鸿物流有限公司
 466 466 1974104426372 北京冀东鸿物流有限公司
 467 467 1982104425141 北京恒誉新能源汽车租赁有限公司
 468 468 1985104424851 北京恒誉新能源汽车租赁有限公司
 469 469 1990104425768 北京一嗨汽车租赁有限公司
 470 470 1993104426579 北京市兴顺达客运有限责任公司
 471 471 1995104426573 北京市兴顺达客运有限责任公司
 472 472 1996104425198 北京恒誉新能源汽车租赁有限公司
 473 473 1997104425325 北京绿行通达新能源汽车租赁有限公司
 474 474 1999104426934 北京银企联国际物流有限公司
 475 475 2002104425544 北京庞大梦飞新能源汽车租赁有限公司
 476 476 2003104374417 北京现代汽车有限公司
 477 477 2007104426290 北京冀东广龙物流有限责任公司
 478 478 2010104426262 北京冀东广龙物流有限责任公司
 479 479 2025104425035 北京恒誉新能源汽车租赁有限公司
 480 480 2027104426550 北京市兴顺达客运有限责任公司
 481 481 2036104424766 北京恒誉新能源汽车租赁有限公司
 482 482 2037104425079 北京恒誉新能源汽车租赁有限公司
 483 483 2039104426942 北京银企联国际物流有限公司
 484 484 2043104425901 北京诚信达汽车销售有限公司
 485 485 2048104426198 北京兴顺利通汽车租赁有限公司
 486 486 2053104424629 有车（北京）新能源汽车租赁有限公司
 487 487 2054104426454 北京政联合物流有限公司
 488 488 2057104425196 北京恒誉新能源汽车租赁有限公司
 489 489 2061104424633 有车（北京）新能源汽车租赁有限公司
 490 490 2061104424645 有车（北京）新能源汽车租赁有限公司
 491 491 2065104425151 北京恒誉新能源汽车租赁有限公司
 492 492 2066104424958 北京恒誉新能源汽车租赁有限公司
-15-
 493 493 2068104425161 北京恒誉新能源汽车租赁有限公司
 494 494 2068104426770 北京理工绿通新能源汽车租赁有限公司
 495 495 2074104336570 北京市同一源律师事务所
 496 496 2081104426108 中润通新能源汽车租赁（北京）有限公
司
 497 497 2083104424867 北京恒誉新能源汽车租赁有限公司
 498 498 2089104424716 北京恒誉新能源汽车租赁有限公司
 499 499 2091104363305 北京柏豪置业有限公司
 500 500 2097104425194 北京恒誉新能源汽车租赁有限公司
 501 501 2098104425685 北京经开投资开发股份有限公司
 502 502 2099104426625 北京市兴顺达客运有限责任公司
 503 503 2104104426521 北京政联合物流有限公司
 504 504 2105104426566 北京市兴顺达客运有限责任公司
 505 505 2107104425277 北京绿行通达新能源汽车租赁有限公司
 506 506 2122104426745 北京理工绿通新能源汽车租赁有限公司
 507 507 2125104355584 北京雪润广告有限公司
 508 508 2147104425039 北京恒誉新能源汽车租赁有限公司
 509 509 2162104426561 北京市兴顺达客运有限责任公司
 510 510 2165104426450 北京政联合物流有限公司
 511 511 2166104425028 北京恒誉新能源汽车租赁有限公司
 512 512 2170104411167 文泰格科技（北京）有限公司
 513 513 2170104412578 北京市高朋律师事务所
 514 514 2177104426021 北京富电科技有限公司
 515 515 2180104422081 北京红视野数字科技有限公司
 516 516 2183104372216 北京神导科讯科技发展有限公司
 517 517 2183104426653 北京市兴顺达客运有限责任公司
 518 518 2186104425943 北京富电科技有限公司
 519 519 2189104425700 北京经开投资开发股份有限公司
 520 520 2190104342306 北京速迈医疗科技有限公司
 521 521 2207104424976 北京恒誉新能源汽车租赁有限公司
 522 522 2214104331052 北京久安正华消防科技有限公司
 523 523 2217104425317 北京绿行通达新能源汽车租赁有限公司
 524 524 2218104425088 北京恒誉新能源汽车租赁有限公司
 525 525 2221104424874 北京恒誉新能源汽车租赁有限公司
 526 526 2232104424896 北京恒誉新能源汽车租赁有限公司
 527 527 2233104426122 北京兴顺利通汽车租赁有限公司
 528 528 2233104426762 北京理工绿通新能源汽车租赁有限公司
 529 529 2234104427007 北京银企联国际物流有限公司
-16-
 530 530 2237104425701 北京经开投资开发股份有限公司
 531 531 2241104424510 有车（北京）新能源汽车租赁有限公司
 532 532 2252104425319 北京绿行通达新能源汽车租赁有限公司
 533 533 2253104424531 有车（北京）新能源汽车租赁有限公司
 534 534 2260104424784 北京恒誉新能源汽车租赁有限公司
 535 535 2260104424787 北京恒誉新能源汽车租赁有限公司
 536 536 2260104425971 北京诚信达汽车销售有限公司
 537 537 2265104424748 北京恒誉新能源汽车租赁有限公司
 538 538 2268104426793 北京瑞征汽车贸易有限公司
 539 539 2276104425760 北京一嗨汽车租赁有限公司
 540 540 2284104425418 北京绿行通达新能源汽车租赁有限公司
 541 541 2295104424877 北京恒誉新能源汽车租赁有限公司
 542 542 2298104425400 北京绿行通达新能源汽车租赁有限公司
 543 543 2300104424502 有车（北京）新能源汽车租赁有限公司
 544 544 2300104424928 北京恒誉新能源汽车租赁有限公司
 545 545 2301104424778 北京恒誉新能源汽车租赁有限公司
 546 546 2306104425837 北京瑞驰合众汽车租赁服务股份有限公
司
 547 547 2309104426928 北京银企联国际物流有限公司
 548 548 2311104425366 北京绿行通达新能源汽车租赁有限公司
 549 549 2314104426074 中润通新能源汽车租赁（北京）有限公
司
 550 550 2318104425107 北京恒誉新能源汽车租赁有限公司
 551 551 2319104426083 中润通新能源汽车租赁（北京）有限公
司
 552 552 2321104344451 北京弘业天宝建筑装饰工程有限公司
 553 553 2322104425987 北京诚信达汽车销售有限公司
 554 554 2322104426332 北京市兴顺达客运有限责任公司
 555 555 2323104424924 北京恒誉新能源汽车租赁有限公司
 556 556 2331104424560 有车（北京）新能源汽车租赁有限公司
 557 557 2334104357852 北京蓝色光标公关顾问有限公司
 558 558 2335104424702 北京恒誉新能源汽车租赁有限公司
 559 559 2345104425523 北京庞大梦飞新能源汽车租赁有限公司
 560 560 2355104424843 北京恒誉新能源汽车租赁有限公司
 561 561 2360104425022 北京恒誉新能源汽车租赁有限公司
 562 562 2362104426619 北京市兴顺达客运有限责任公司
 563 563 2363104425499 北京庞大梦飞新能源汽车租赁有限公司
 564 564 2366104338718 华扬联众数字技术股份有限公司
-17-
 565 565 2368104374422 北京现代汽车有限公司
 566 566 2369104424683 北京恒誉新能源汽车租赁有限公司
 567 567 2370104424480 北京恒誉新能源汽车租赁有限公司
 568 568 2373104425549 北京庞大梦飞新能源汽车租赁有限公司
 569 569 2380104426977 北京银企联国际物流有限公司
 570 570 2387104424794 北京恒誉新能源汽车租赁有限公司
 571 571 2392104424882 北京恒誉新能源汽车租赁有限公司
 572 572 2398104425360 北京绿行通达新能源汽车租赁有限公司
 573 573 2404104426185 北京兴顺利通汽车租赁有限公司
 574 574 2409104425340 北京绿行通达新能源汽车租赁有限公司
 575 575 2411104424541 有车（北京）新能源汽车租赁有限公司
 576 576 2413104425025 北京恒誉新能源汽车租赁有限公司
 577 577 2413104425427 北京绿行通达新能源汽车租赁有限公司
 578 578 2413104426261 北京冀东广龙物流有限责任公司
 579 579 2415104417668 北京市西城区文瑞源培训学校
 580 580 2415104426677 北京市兴顺达客运有限责任公司
 581 581 2419104426282 北京冀东广龙物流有限责任公司
 582 582 2423104424539 有车（北京）新能源汽车租赁有限公司
 583 583 2425104336756 北京农业产业化龙头企业协会
 584 584 2425104425061 北京恒誉新能源汽车租赁有限公司
 585 585 2436104394482 北京中油房山燕宾油料销售有限公司
 586 586 2445104426852 北京瑞征汽车贸易有限公司
 587 587 2446104426769 北京理工绿通新能源汽车租赁有限公司
 588 588 2450104410289 北京三十度空间传媒广告有限公司
 589 589 2460104425404 北京绿行通达新能源汽车租赁有限公司
 590 590 2470104426275 北京冀东广龙物流有限责任公司
 591 591 2472104426921 北京银企联国际物流有限公司
 592 592 2489104425496 北京庞大梦飞新能源汽车租赁有限公司
 593 593 2490104425053 北京恒誉新能源汽车租赁有限公司
 594 594 2490104426568 北京市兴顺达客运有限责任公司
 595 595 2492104426188 北京兴顺利通汽车租赁有限公司
 596 596 2496104385350 北京华泰昌汽车贸易有限公司
 597 597 2508104381689 北京鑫盛祥发商贸有限公司
 598 598 2508104425420 北京绿行通达新能源汽车租赁有限公司
 599 599 2508104426750 北京理工绿通新能源汽车租赁有限公司
 600 600 2517104426997 北京银企联国际物流有限公司
 601 601 2518104426396 北京冀东鸿物流有限公司
 602 602 2520104426461 北京政联合物流有限公司
-18-
 603 603 2532104425156 北京恒誉新能源汽车租赁有限公司
 604 604 2536104425211 北京恒誉新能源汽车租赁有限公司
 605 605 2543104425716 北京经开投资开发股份有限公司
 606 606 2545104424863 北京恒誉新能源汽车租赁有限公司
 607 607 2547104424856 北京恒誉新能源汽车租赁有限公司
 608 608 2552104425939 北京富电科技有限公司
 609 609 2558104425699 北京经开投资开发股份有限公司
 610 610 2561104425534 北京庞大梦飞新能源汽车租赁有限公司
 611 611 2570104424515 有车（北京）新能源汽车租赁有限公司
 612 612 2581104425433 北京绿行通达新能源汽车租赁有限公司
 613 613 2584104342365 北京溯云科技有限公司
 614 614 2587104424792 北京恒誉新能源汽车租赁有限公司
 615 615 2591104424491 有车（北京）新能源汽车租赁有限公司
 616 616 2593104425729 北京经开投资开发股份有限公司
 617 617 2603104426005 北京富电科技有限公司
 618 618 2604104424963 北京恒誉新能源汽车租赁有限公司
 619 619 2610104426254 北京冀东广龙物流有限责任公司
 620 620 2610104426535 北京政联合物流有限公司
 621 621 2615104426523 北京政联合物流有限公司
 622 622 2616104424847 北京恒誉新能源汽车租赁有限公司
 623 623 2618104424718 北京恒誉新能源汽车租赁有限公司
 624 624 2626104425271 北京绿行通达新能源汽车租赁有限公司
 625 625 2629104426886 北京瑞征汽车贸易有限公司
 626 626 2630104425961 北京诚信达汽车销售有限公司
 627 627 2639104426861 北京瑞征汽车贸易有限公司
 628 628 2644104425100 北京恒誉新能源汽车租赁有限公司
 629 629 2649104425302 北京绿行通达新能源汽车租赁有限公司
 630 630 2656104349307 宇宙星国际商业管理（北京）有限公司
 631 631 2660104424682 北京恒誉新能源汽车租赁有限公司
 632 632 2660104424806 北京恒誉新能源汽车租赁有限公司
 633 633 2662104426337 北京市兴顺达客运有限责任公司
 634 634 2664104426885 北京瑞征汽车贸易有限公司
 635 635 2669104424720 北京恒誉新能源汽车租赁有限公司
 636 636 2673104357850 北京蓝色光标公关顾问有限公司
 637 637 2678104426556 北京市兴顺达客运有限责任公司
 638 638 2680104426439 北京政联合物流有限公司
 639 639 2682104424815 北京恒誉新能源汽车租赁有限公司
 640 640 2687104425275 北京绿行通达新能源汽车租赁有限公司
-19-
 641 641 2687104426231 北京冀东广龙物流有限责任公司
 642 642 2688104425511 北京庞大梦飞新能源汽车租赁有限公司
 643 643 2691104425182 北京恒誉新能源汽车租赁有限公司
 644 644 2693104425388 北京绿行通达新能源汽车租赁有限公司
 645 645 2693104425494 北京庞大梦飞新能源汽车租赁有限公司
 646 646 2709104425966 北京诚信达汽车销售有限公司
 647 647 2710104424712 北京恒誉新能源汽车租赁有限公司
 648 648 2714104425296 北京绿行通达新能源汽车租赁有限公司
 649 649 2719104425492 北京庞大梦飞新能源汽车租赁有限公司
 650 650 2722104381077 北京银鹰铜业有限责任公司
 651 651 2724104426503 北京政联合物流有限公司
 652 652 2725104426747 北京理工绿通新能源汽车租赁有限公司
 653 653 2727104424925 北京恒誉新能源汽车租赁有限公司
 654 654 2728104349468 北京中亚空调安装有限公司
 655 655 2729104424938 北京恒誉新能源汽车租赁有限公司
 656 656 2742104310817 北京海卓利机电设备有限公司
 657 657 2753104338616 中电华东（北京）电力科技有限公司
 658 658 2753104425011 北京恒誉新能源汽车租赁有限公司
 659 659 2764104426093 中润通新能源汽车租赁（北京）有限公
司
 660 660 2768104426168 北京兴顺利通汽车租赁有限公司
 661 661 2785104425330 北京绿行通达新能源汽车租赁有限公司
 662 662 2787104426452 北京政联合物流有限公司
 663 663 2793104425003 北京恒誉新能源汽车租赁有限公司
 664 664 2795104425268 北京绿行通达新能源汽车租赁有限公司
 665 665 2799104425537 北京庞大梦飞新能源汽车租赁有限公司
 666 666 2813104426621 北京市兴顺达客运有限责任公司
 667 667 2822104426301 北京冀东广龙物流有限责任公司
 668 668 2827104372215 北京神导科讯科技发展有限公司
 669 669 2827104426180 北京兴顺利通汽车租赁有限公司
 670 670 2836104425213 北京恒誉新能源汽车租赁有限公司
 671 671 2838104425257 北京绿行通达新能源汽车租赁有限公司
 672 672 2842104425217 北京恒誉新能源汽车租赁有限公司
 673 673 2844104425380 北京绿行通达新能源汽车租赁有限公司
 674 674 2846104425121 北京恒誉新能源汽车租赁有限公司
 675 675 2855104425042 北京恒誉新能源汽车租赁有限公司
 676 676 2855104426331 北京市兴顺达客运有限责任公司
 677 677 2865104310665 北京东方富恒钢结构工程技术有限公司
-20-
 678 678 2880104412052 航天天绘科技有限公司
 679 679 2882104424862 北京恒誉新能源汽车租赁有限公司
 680 680 2884104364781 北京中戟神创科技发展有限公司
 681 681 2885104352193 北京随锐科技有限公司
 682 682 2888104425702 北京经开投资开发股份有限公司
 683 683 2888104426575 北京市兴顺达客运有限责任公司
 684 684 2890104426310 北京冀东广龙物流有限责任公司
 685 685 2894104424990 北京恒誉新能源汽车租赁有限公司
 686 686 2894104425001 北京恒誉新能源汽车租赁有限公司
 687 687 2895104394506 北京中油房山燕宾油料销售有限公司
 688 688 2898104424692 北京恒誉新能源汽车租赁有限公司
 689 689 2901104426848 北京瑞征汽车贸易有限公司
 690 690 2912104426856 北京瑞征汽车贸易有限公司
 691 691 2912104426996 北京银企联国际物流有限公司
 692 692 2914104424507 有车（北京）新能源汽车租赁有限公司
 693 693 2920104426569 北京市兴顺达客运有限责任公司
 694 694 2929104426919 北京银企联国际物流有限公司
 695 695 2931104426318 北京冀东广龙物流有限责任公司
 696 696 2935104426635 北京市兴顺达客运有限责任公司
 697 697 2941104425084 北京恒誉新能源汽车租赁有限公司
 698 698 2945104424672 北京恒誉新能源汽车租赁有限公司
 699 699 2977104425333 北京绿行通达新能源汽车租赁有限公司
 700 700 2991104424681 北京恒誉新能源汽车租赁有限公司
 701 701 2992104425734 北京一嗨汽车租赁有限公司
 702 702 2998104426477 北京政联合物流有限公司
 703 703 3001104426757 北京理工绿通新能源汽车租赁有限公司
 704 704 3008104424870 北京恒誉新能源汽车租赁有限公司
 705 705 3010104343345 北京森瑞斯达会展服务有限公司
 706 706 3012104424753 北京恒誉新能源汽车租赁有限公司
 707 707 3013104425272 北京绿行通达新能源汽车租赁有限公司
 708 708 3022104425165 北京恒誉新能源汽车租赁有限公司
 709 709 3037104357886 北京中金华圣建设工程有限公司
 710 710 3043104424610 有车（北京）新能源汽车租赁有限公司
 711 711 3051104426752 北京理工绿通新能源汽车租赁有限公司
 712 712 3052104426868 北京瑞征汽车贸易有限公司
 713 713 3057104424929 北京恒誉新能源汽车租赁有限公司
 714 714 3058104424696 北京恒誉新能源汽车租赁有限公司
 715 715 3061104426285 北京冀东广龙物流有限责任公司
-21 -
 716 716 3062104425282 北京绿行通达新能源汽车租赁有限公司
 717 717 3063104426171 北京兴顺利通汽车租赁有限公司
 718 718 3064104425056 北京恒誉新能源汽车租赁有限公司
 719 719 3064104425280 北京绿行通达新能源汽车租赁有限公司
 720 720 3071104426920 北京银企联国际物流有限公司
 721 721 3079104424839 北京恒誉新能源汽车租赁有限公司
 722 722 3081104426863 北京瑞征汽车贸易有限公司
 723 723 3085104426991 北京银企联国际物流有限公司
 724 724 3092104425076 北京恒誉新能源汽车租赁有限公司
 725 725 3093104425727 北京经开投资开发股份有限公司
 726 726 3097104424638 有车（北京）新能源汽车租赁有限公司
 727 727 3097104426888 北京瑞征汽车贸易有限公司
 728 728 3104104424888 北京恒誉新能源汽车租赁有限公司
 729 729 3110104424980 北京恒誉新能源汽车租赁有限公司
 730 730 3127104426571 北京市兴顺达客运有限责任公司
 731 731 3133104426362 北京冀东鸿物流有限公司
 732 732 3147104355563 北京雪润广告有限公司
 733 733 3153104400072 北京市平谷区煤炭协会
 734 734 3157104425124 北京恒誉新能源汽车租赁有限公司
 735 735 3162104426652 北京市兴顺达客运有限责任公司
 736 736 3164104424704 北京恒誉新能源汽车租赁有限公司
 737 737 3164104425162 北京恒誉新能源汽车租赁有限公司
 738 738 3168104359960 北京华恩时代科技发展有限公司
 739 739 3170104426766 北京理工绿通新能源汽车租赁有限公司
 740 740 3172104338720 华扬联众数字技术股份有限公司
 741 741 3174104425131 北京恒誉新能源汽车租赁有限公司
 742 742 3178104342852 北京市科岩图书有限公司
 743 743 3185104424506 有车（北京）新能源汽车租赁有限公司
 744 744 3190104426959 北京银企联国际物流有限公司
 745 745 3196104381798 北京巡宇国际货运代理有限公司
 746 746 3204104426394 北京冀东鸿物流有限公司
 747 747 3209104357855 北京蓝色光标公关顾问有限公司
 748 748 3211104424735 北京恒誉新能源汽车租赁有限公司
 749 749 3215104424949 北京恒誉新能源汽车租赁有限公司
 750 750 3215104426417 北京冀东鸿物流有限公司
 751 751 3215104426828 北京瑞征汽车贸易有限公司
 752 752 3221104425038 北京恒誉新能源汽车租赁有限公司
 753 753 3221104426182 北京兴顺利通汽车租赁有限公司
-22-
 754 754 3224104385351 北京华泰昌汽车贸易有限公司
 755 755 3224104425944 北京诚信达汽车销售有限公司
 756 756 3225104424912 北京恒誉新能源汽车租赁有限公司
 757 757 3228104355562 北京雪润广告有限公司
 758 758 3230104425017 北京恒誉新能源汽车租赁有限公司
 759 759 3237104424637 有车（北京）新能源汽车租赁有限公司
 760 760 3243104425348 北京绿行通达新能源汽车租赁有限公司
 761 761 3245104353895 北京惠诚隆达科贸有限公司
 762 762 3248104426944 北京银企联国际物流有限公司
 763 763 3257104424927 北京恒誉新能源汽车租赁有限公司
 764 764 3260104322834 北京盛唐鸿运科技有限公司
 765 765 3267104424767 北京恒誉新能源汽车租赁有限公司
 766 766 3269104424733 北京恒誉新能源汽车租赁有限公司
 767 767 3278104426839 北京瑞征汽车贸易有限公司
 768 768 3282104424563 有车（北京）新能源汽车租赁有限公司
 769 769 3282104424781 北京恒誉新能源汽车租赁有限公司
 770 770 3283104424632 有车（北京）新能源汽车租赁有限公司
 771 771 3286104415723 SK（北京）汽车租赁有限公司
 772 772 3293104426849 北京瑞征汽车贸易有限公司
 773 773 3296104426428 北京冀东鸿物流有限公司
 774 774 3301104392655 北京明弘科贸有限责任公司
 775 775 3306104425982 北京诚信达汽车销售有限公司
 776 776 3307104426233 北京冀东广龙物流有限责任公司
 777 777 3308104426223 北京冀东鸿物流有限公司
 778 778 3315104424831 北京恒誉新能源汽车租赁有限公司
 779 779 3320104426259 北京冀东广龙物流有限责任公司
 780 780 3329104424936 北京恒誉新能源汽车租赁有限公司
 781 781 3330104425936 北京富电科技有限公司
 782 782 3333104425950 北京诚信达汽车销售有限公司
 783 783 3334104426422 北京冀东鸿物流有限公司
 784 784 3335104426829 北京瑞征汽车贸易有限公司
 785 785 3339104426410 北京冀东鸿物流有限公司
 786 786 3341104426586 北京市兴顺达客运有限责任公司
 787 787 3342104413032 北京聚思信息咨询有限公司
 788 788 3344104425821 北京瑞驰合众汽车租赁服务股份有限公
司
 789 789 3345104424763 北京恒誉新能源汽车租赁有限公司
 790 790 3359104424481 北京恒誉新能源汽车租赁有限公司
-23-
 791 791 3366104426956 北京银企联国际物流有限公司
 792 792 3367104425062 北京恒誉新能源汽车租赁有限公司
 793 793 3370104374419 北京现代汽车有限公司
 794 794 3378104426006 北京富电科技有限公司
 795 795 3378104426656 北京市兴顺达客运有限责任公司
 796 796 3383104426933 北京银企联国际物流有限公司
 797 797 3384104426965 北京银企联国际物流有限公司
 798 798 3391104426240 北京冀东广龙物流有限责任公司
 799 799 3394104336462 北京零网联合平面设计有限公司
 800 800 3394104425168 北京恒誉新能源汽车租赁有限公司
 801 801 3398104424614 有车（北京）新能源汽车租赁有限公司
 802 802 3398104426214 北京冀东鸿物流有限公司
 803 803 3400104424954 北京恒誉新能源汽车租赁有限公司
 804 804 3405104425343 北京绿行通达新能源汽车租赁有限公司
 805 805 3405104426304 北京冀东广龙物流有限责任公司
 806 806 3406104424603 有车（北京）新能源汽车租赁有限公司
 807 807 3408104426169 北京兴顺利通汽车租赁有限公司
 808 808 3409104328844 中国国际贸易促进委员会（中国国际商
会）培训中心
 809 809 3412104344665 北京声驰律师事务所
 810 810 3413104392503 北京博海红翼科技有限公司
 811 811 3415104380077 北京市东城区长青养老院
 812 812 3415104424855 北京恒誉新能源汽车租赁有限公司
 813 813 3417104424910 北京恒誉新能源汽车租赁有限公司
 814 814 3419104424940 北京恒誉新能源汽车租赁有限公司
 815 815 3424104425092 北京恒誉新能源汽车租赁有限公司
 816 816 3428104426350 北京冀东鸿物流有限公司
 817 817 3430104426186 北京兴顺利通汽车租赁有限公司
 818 818 3433104394483 北京中油房山燕宾油料销售有限公司
 819 819 3435104425429 北京绿行通达新能源汽车租赁有限公司
 820 820 3441104424486 有车（北京）新能源汽车租赁有限公司
 821 821 3447104425101 北京恒誉新能源汽车租赁有限公司
 822 822 3454104425324 北京绿行通达新能源汽车租赁有限公司
 823 823 3467104425384 北京绿行通达新能源汽车租赁有限公司
 824 824 3471104425188 北京恒誉新能源汽车租赁有限公司
 825 825 3472104426205 北京兴顺利通汽车租赁有限公司
 826 826 3474104426249 北京冀东广龙物流有限责任公司
 827 827 3474104426426 北京冀东鸿物流有限公司
-24-
 828 828 3487104425703 北京经开投资开发股份有限公司
 829 829 3498104425263 北京绿行通达新能源汽车租赁有限公司
 830 830 3503104426563 北京市兴顺达客运有限责任公司
 831 831 3505104425742 北京一嗨汽车租赁有限公司
 832 832 3507104355793 英特沃斯（北京）科技有限公司
 833 833 3512104425071 北京恒誉新能源汽车租赁有限公司
 834 834 3517104426642 北京市兴顺达客运有限责任公司
 835 835 3518104391910 北京康健伦医药有限公司
 836 836 3519104427009 北京银企联国际物流有限公司
 837 837 3521104426479 北京政联合物流有限公司
 838 838 3532104426902 北京瑞征汽车贸易有限公司
 839 839 3538104424931 北京恒誉新能源汽车租赁有限公司
 840 840 3541104424830 北京恒誉新能源汽车租赁有限公司
 841 841 3543104424544 有车（北京）新能源汽车租赁有限公司
 842 842 3548104425173 北京恒誉新能源汽车租赁有限公司
 843 843 3548104425491 北京庞大梦飞新能源汽车租赁有限公司
 844 844 3554104374446 北京现代汽车有限公司
 845 845 3566104425132 北京恒誉新能源汽车租赁有限公司
 846 846 3571104424832 北京恒誉新能源汽车租赁有限公司
 847 847 3579104426875 北京瑞征汽车贸易有限公司
 848 848 3581104329669 国药前景口腔科技（北京）有限公司
 849 849 3584104426066 中润通新能源汽车租赁（北京）有限公
司
 850 850 3584104426486 北京政联合物流有限公司
 851 851 3600104424909 北京恒誉新能源汽车租赁有限公司
 852 852 3600104425209 北京恒誉新能源汽车租赁有限公司
 853 853 3601104424762 北京恒誉新能源汽车租赁有限公司
 854 854 3615104426482 北京政联合物流有限公司
 855 855 3615104426522 北京政联合物流有限公司
 856 856 3617104424566 有车（北京）新能源汽车租赁有限公司
 857 857 3617104426458 北京政联合物流有限公司
 858 858 3619104421302 北京四维博通科技有限公司
 859 859 3620104425395 北京绿行通达新能源汽车租赁有限公司
 860 860 3630104426968 北京银企联国际物流有限公司
 861 861 3639104426402 北京冀东鸿物流有限公司
 862 862 3644104425973 北京诚信达汽车销售有限公司
 863 863 3652104425975 北京诚信达汽车销售有限公司
 864 864 3653104426645 北京市兴顺达客运有限责任公司
-25-
 865 865 3654104426344 北京冀东鸿物流有限公司
 866 866 3657104425154 北京恒誉新能源汽车租赁有限公司
 867 867 3659104424451 有车（北京）新能源汽车租赁有限公司
 868 868 3665104426796 北京瑞征汽车贸易有限公司
 869 869 3671104424749 北京恒誉新能源汽车租赁有限公司
 870 870 3675104424836 北京恒誉新能源汽车租赁有限公司
 871 871 3675104425980 北京诚信达汽车销售有限公司
 872 872 3683104426348 北京冀东鸿物流有限公司
 873 873 3684104371944 航天恒星科技有限公司
 874 874 3686104425981 北京诚信达汽车销售有限公司
 875 875 3700104425553 北京庞大梦飞新能源汽车租赁有限公司
 876 876 3701104358907 北京市中关律师事务所
 877 877 3704104426824 北京瑞征汽车贸易有限公司
 878 878 3710104426916 北京银企联国际物流有限公司
 879 879 3713104426341 北京市兴顺达客运有限责任公司
 880 880 3716104426416 北京冀东鸿物流有限公司
 881 881 3717104426668 北京市兴顺达客运有限责任公司
 882 882 3727104424772 北京恒誉新能源汽车租赁有限公司
 883 883 3728104416054 北京英德美科技有限责任公司
 884 884 3728104424886 北京恒誉新能源汽车租赁有限公司
 885 885 3737104425972 北京诚信达汽车销售有限公司
 886 886 3741104393848 北京东风南方亮马汽车销售服务有限公
司
 887 887 3741104424537 有车（北京）新能源汽车租赁有限公司
 888 888 3746104424608 有车（北京）新能源汽车租赁有限公司
 889 889 3755104392448 北京市丰台区恩瑞社会组织发展咨询研
究中心
 890 890 3764104332692 北京宏源南门涮肉城有限责任公司
 891 891 3766104425812 北京瑞驰合众汽车租赁服务股份有限公
司
 892 892 3770104338717 华扬联众数字技术股份有限公司
 893 893 3770104348727 北京冠华东方玻璃科技有限公司
 894 894 3770104426485 北京政联合物流有限公司
 895 895 3773104425540 北京庞大梦飞新能源汽车租赁有限公司
 896 896 3790104425529 北京庞大梦飞新能源汽车租赁有限公司
 897 897 3791104424578 有车（北京）新能源汽车租赁有限公司
 898 898 3799104426927 北京银企联国际物流有限公司
 899 899 3803104419650 北京市北卫市政工程有限责任公司
-26-
 900 900 3808104425108 北京恒誉新能源汽车租赁有限公司
 901 901 3820104423474 华诚电影电视数字节目有限公司
 902 902 3820104425459 北京庞大梦飞新能源汽车租赁有限公司
 903 903 3820104425824 北京瑞驰合众汽车租赁服务股份有限公
司
 904 904 3821104424999 北京恒誉新能源汽车租赁有限公司
 905 905 3823104425401 北京绿行通达新能源汽车租赁有限公司
 906 906 3827104424571 有车（北京）新能源汽车租赁有限公司
 907 907 3827104425031 北京恒誉新能源汽车租赁有限公司
 908 908 3829104426272 北京冀东广龙物流有限责任公司
 909 909 3844104426948 北京银企联国际物流有限公司
 910 910 3848104426765 北京理工绿通新能源汽车租赁有限公司
 911 911 3851104417096 北京百特盛世科技有限公司
 912 912 3851104425207 北京恒誉新能源汽车租赁有限公司
 913 913 3854104381314 北京得贝兴车辆安全科技有限公司
 914 914 3854104424526 有车（北京）新能源汽车租赁有限公司
 915 915 3856104425816 北京瑞驰合众汽车租赁服务股份有限公
司
 916 916 3860104426095 中润通新能源汽车租赁（北京）有限公
司
 917 917 3861104425715 北京经开投资开发股份有限公司
 918 918 3864104425758 北京一嗨汽车租赁有限公司
 919 919 3866104424948 北京恒誉新能源汽车租赁有限公司
 920 920 3868104424991 北京恒誉新能源汽车租赁有限公司
 921 921 3877104424790 北京恒誉新能源汽车租赁有限公司
 922 922 3888104425102 北京恒誉新能源汽车租赁有限公司
 923 923 3889104413020 北京市大兴区林校路街道老年人服务中
心
 924 924 3889104424487 有车（北京）新能源汽车租赁有限公司
 925 925 3893104426115 中润通新能源汽车租赁（北京）有限公
司
 926 926 3893104426363 北京冀东鸿物流有限公司
 927 927 3896104376498 北京京宛宾馆
 928 928 3898104336838 北京市昌平区华成学校
 929 929 3906104425539 北京庞大梦飞新能源汽车租赁有限公司
 930 930 3910104426490 北京政联合物流有限公司
 931 931 3911104426604 北京市兴顺达客运有限责任公司
 932 932 3915104426872 北京瑞征汽车贸易有限公司
-27-
 933 933 3919104424890 北京恒誉新能源汽车租赁有限公司
 934 934 3927104426613 北京市兴顺达客运有限责任公司
 935 935 3936104425170 北京恒誉新能源汽车租赁有限公司
 936 936 3941104424636 有车（北京）新能源汽车租赁有限公司
 937 937 3943104426425 北京冀东鸿物流有限公司
 938 938 3947104426922 北京银企联国际物流有限公司
 939 939 3952104426094 中润通新能源汽车租赁（北京）有限公
司
 940 940 3959104426889 北京瑞征汽车贸易有限公司
 941 941 3963104424802 北京恒誉新能源汽车租赁有限公司
 942 942 3966104425434 北京绿行通达新能源汽车租赁有限公司
 943 943 3967104369783 美高卡兰光电科技（北京）有限公司
 944 944 3970104426106 中润通新能源汽车租赁（北京）有限公
司
 945 945 3973104426992 北京银企联国际物流有限公司
 946 946 3975104425835 北京瑞驰合众汽车租赁服务股份有限公
司
 947 947 3975104426488 北京政联合物流有限公司
 948 948 3979104425696 北京经开投资开发股份有限公司
 949 949 3981104426753 北京理工绿通新能源汽车租赁有限公司
 950 950 3986104338719 华扬联众数字技术股份有限公司
 951 951 3988104367890 北京任我行汽车租赁有限公司
 952 952 3994104426590 北京市兴顺达客运有限责任公司
 953 953 3997104424852 北京恒誉新能源汽车租赁有限公司
 954 954 3997104425764 北京一嗨汽车租赁有限公司
 955 955 4001104426661 北京市兴顺达客运有限责任公司
 956 956 4003104425176 北京恒誉新能源汽车租赁有限公司
 957 957 4007104424517 有车（北京）新能源汽车租赁有限公司
 958 958 4007104426423 北京冀东鸿物流有限公司
 959 959 4009104425114 北京恒誉新能源汽车租赁有限公司
 960 960 4022104426297 北京冀东广龙物流有限责任公司
 961 961 4030104425166 北京恒誉新能源汽车租赁有限公司
 962 962 4031104426264 北京冀东广龙物流有限责任公司
 963 963 4038104424520 有车（北京）新能源汽车租赁有限公司
 964 964 4039104426840 北京瑞征汽车贸易有限公司
 965 965 4040104424457 有车（北京）新能源汽车租赁有限公司
 966 966 4043104425519 北京庞大梦飞新能源汽车租赁有限公司
 967 967 4045104425988 北京诚信达汽车销售有限公司
-28-
 968 968 4052104424993 北京恒誉新能源汽车租赁有限公司
 969 969 4053104425528 北京庞大梦飞新能源汽车租赁有限公司
 970 970 4057104425004 北京恒誉新能源汽车租赁有限公司
 971 971 4058104424648 有车（北京）新能源汽车租赁有限公司
 972 972 4058104426493 北京政联合物流有限公司
 973 973 4062104424207 北京诚和龙盛工程技术有限公司
 974 974 4065104426453 北京政联合物流有限公司
 975 975 4074104425455 北京庞大梦飞新能源汽车租赁有限公司
 976 976 4076104426644 北京市兴顺达客运有限责任公司
 977 977 4077104426884 北京瑞征汽车贸易有限公司
 978 978 4081104426504 北京政联合物流有限公司
 979 979 4088104424868 北京恒誉新能源汽车租赁有限公司
 980 980 4103104426019 北京富电科技有限公司
 981 981 4110104425389 北京绿行通达新能源汽车租赁有限公司
 982 982 4116104425129 北京恒誉新能源汽车租赁有限公司
 983 983 4116104426433 北京冀东鸿物流有限公司
 984 984 4118104425541 北京庞大梦飞新能源汽车租赁有限公司
 985 985 4120104425270 北京绿行通达新能源汽车租赁有限公司
 986 986 4123104426592 北京市兴顺达客运有限责任公司
 987 987 4126104425146 北京恒誉新能源汽车租赁有限公司
 988 988 4135104425192 北京恒誉新能源汽车租赁有限公司
 989 989 4142104425099 北京恒誉新能源汽车租赁有限公司
 990 990 4143104342297 北京荣广盛工程管理有限公司
 991 991 4151104338710 华扬联众数字技术股份有限公司
 992 992 4152104426844 北京瑞征汽车贸易有限公司
 993 993 4159104349196 北京金贝加利科技有限公司
 994 994 4159104385544 北京天意新商城市场有限公司
 995 995 4164104426073 中润通新能源汽车租赁（北京）有限公
司
 996 996 4168104424717 北京恒誉新能源汽车租赁有限公司
 997 997 4168104424844 北京恒誉新能源汽车租赁有限公司
 998 998 4169104426280 北京冀东广龙物流有限责任公司
 999 999 4171104426606 北京市兴顺达客运有限责任公司
 1000 1000 4183104426496 北京政联合物流有限公司
 1001 1001 4187104357849 北京蓝色光标公关顾问有限公司
 1002 1002 4188104426371 北京冀东鸿物流有限公司
 1003 1003 4194104426768 北京理工绿通新能源汽车租赁有限公司
 1004 1004 4198104424859 北京恒誉新能源汽车租赁有限公司
-29-
 1005 1005 4200104401995 北京华景创智科技有限公司
 1006 1006 4203104424495 有车（北京）新能源汽车租赁有限公司
 1007 1007 4204104426481 北京政联合物流有限公司
 1008 1008 4215104425504 北京庞大梦飞新能源汽车租赁有限公司
 1009 1009 4225104363304 北京柏豪置业有限公司
 1010 1010 4225104398879 北京兴亦兴区域电动小客车出租有限公
司
 1011 1011 4226104424503 有车（北京）新能源汽车租赁有限公司
 1012 1012 4226104424812 北京恒誉新能源汽车租赁有限公司
 1013 1013 4229104392652 北京明弘科贸有限责任公司
 1014 1014 4230104426038 北京富电科技有限公司
 1015 1015 4242104426248 北京冀东广龙物流有限责任公司
 1016 1016 4245104426558 北京市兴顺达客运有限责任公司
 1017 1017 4250104424835 北京恒誉新能源汽车租赁有限公司
 1018 1018 4252104304369 北京伟力新世纪科技发展有限公司
 1019 1019 4257104425358 北京绿行通达新能源汽车租赁有限公司
 1020 1020 4265104426463 北京政联合物流有限公司
 1021 1021 4271104392651 北京明弘科贸有限责任公司
 1022 1022 4274104426574 北京市兴顺达客运有限责任公司
 1023 1023 4276104426243 北京冀东广龙物流有限责任公司
 1024 1024 4281104385349 北京华泰昌汽车贸易有限公司
 1025 1025 4285104426945 北京银企联国际物流有限公司
 1026 1026 4290104424677 北京恒誉新能源汽车租赁有限公司
 1027 1027 4290104424961 北京恒誉新能源汽车租赁有限公司
 1028 1028 4297104425810 北京瑞驰合众汽车租赁服务股份有限公
司
 1029 1029 4301104425419 北京绿行通达新能源汽车租赁有限公司
 1030 1030 4302104352190 北京随锐科技有限公司
 1031 1031 4303104426957 北京银企联国际物流有限公司
 1032 1032 4309104352191 北京随锐科技有限公司
 1033 1033 4315104424789 北京恒誉新能源汽车租赁有限公司
 1034 1034 4316104387053 北京文海阳工贸有限责任公司
 1035 1035 4317104370329 北京海鹰康云贸易有限公司
 1036 1036 4330104374444 北京现代汽车有限公司
 1037 1037 4330104424854 北京恒誉新能源汽车租赁有限公司
 1038 1038 4331104424665 北京恒誉新能源汽车租赁有限公司
 1039 1039 4337104425065 北京恒誉新能源汽车租赁有限公司
 1040 1040 4339104395866 北京市沧海金属管件有限公司
-30-
 1041 1041 4339104424695 北京恒誉新能源汽车租赁有限公司
 1042 1042 4340104425945 北京诚信达汽车销售有限公司
 1043 1043 4344104424918 北京恒誉新能源汽车租赁有限公司
 1044 1044 4352104425040 北京恒誉新能源汽车租赁有限公司
 1045 1045 4363104425773 北京一嗨汽车租赁有限公司
 1046 1046 4378104425140 北京恒誉新能源汽车租赁有限公司
 1047 1047 4387104426912 北京银企联国际物流有限公司
 1048 1048 4394104426874 北京瑞征汽车贸易有限公司
 1049 1049 4396104425180 北京恒誉新能源汽车租赁有限公司
 1050 1050 4400104426979 北京银企联国际物流有限公司
 1051 1051 4401104425261 北京绿行通达新能源汽车租赁有限公司
 1052 1052 4408104425191 北京恒誉新能源汽车租赁有限公司
 1053 1053 4414104424943 北京恒誉新能源汽车租赁有限公司
 1054 1054 4420104424761 北京恒誉新能源汽车租赁有限公司
 1055 1055 4422104311781 怡能绿色（北京）动力科技有限公司
 1056 1056 4424104426787 北京瑞征汽车贸易有限公司
 1057 1057 4425104425753 北京一嗨汽车租赁有限公司
 1058 1058 4434104426860 北京瑞征汽车贸易有限公司
 1059 1059 4438104426893 北京瑞征汽车贸易有限公司
 1060 1060 4447104425774 北京一嗨汽车租赁有限公司
 1061 1061 4448104426867 北京瑞征汽车贸易有限公司
 1062 1062 4453104424887 北京恒誉新能源汽车租赁有限公司
 1063 1063 4454104426209 北京兴顺利通汽车租赁有限公司
 1064 1064 4456104425074 北京恒誉新能源汽车租赁有限公司
 1065 1065 4458104424808 北京恒誉新能源汽车租赁有限公司
 1066 1066 4467104425518 北京庞大梦飞新能源汽车租赁有限公司
 1067 1067 4473104425351 北京绿行通达新能源汽车租赁有限公司
 1068 1068 4474104426258 北京冀东广龙物流有限责任公司
 1069 1069 4475104424974 北京恒誉新能源汽车租赁有限公司
 1070 1070 4480104425286 北京绿行通达新能源汽车租赁有限公司
 1071 1071 4491104425807 北京瑞驰合众汽车租赁服务股份有限公
司
 1072 1072 4502104425094 北京恒誉新能源汽车租赁有限公司
 1073 1073 4504104415388 北京中柏创业化工产品有限公司
 1074 1074 4507104341903 北京启程远航商务服务中心
 1075 1075 4519104425175 北京恒誉新能源汽车租赁有限公司
 1076 1076 4532104424666 北京恒誉新能源汽车租赁有限公司
 1077 1077 4533104425706 北京经开投资开发股份有限公司
-31 -
 1078 1078 4536104425695 北京经开投资开发股份有限公司
 1079 1079 4543104403282 北京镁联丰科技有限公司
 1080 1080 4544104426075 中润通新能源汽车租赁（北京）有限公
司
 1081 1081 4554104426519 北京政联合物流有限公司
 1082 1082 4554104426583 北京市兴顺达客运有限责任公司
 1083 1083 4560104424891 北京恒誉新能源汽车租赁有限公司
 1084 1084 4561104426570 北京市兴顺达客运有限责任公司
 1085 1085 4561104426947 北京银企联国际物流有限公司
 1086 1086 4570104386600 北京鑫文翰商贸有限公司
 1087 1087 4576104425684 北京经开投资开发股份有限公司
 1088 1088 4580104384378 北京华泰深建建筑装饰工程有限公司
 1089 1089 4583104364024 北京百汇川景观设计有限公司
 1090 1090 4587104425396 北京绿行通达新能源汽车租赁有限公司
 1091 1091 4588104424528 有车（北京）新能源汽车租赁有限公司
 1092 1092 4591104425316 北京绿行通达新能源汽车租赁有限公司
 1093 1093 4597104426620 北京市兴顺达客运有限责任公司
 1094 1094 4607104424497 有车（北京）新能源汽车租赁有限公司
 1095 1095 4614104402221 北京中科启元教育科技投资有限公司
 1096 1096 4631104424842 北京恒誉新能源汽车租赁有限公司
 1097 1097 4634104425206 北京恒誉新能源汽车租赁有限公司
 1098 1098 4635104426218 北京冀东鸿物流有限公司
 1099 1099 4644104339689 北京奥信建筑工程设备安装有限公司
 1100 1100 4648104425958 北京诚信达汽车销售有限公司
 1101 1101 4656104424845 北京恒誉新能源汽车租赁有限公司
 1102 1102 4663104425109 北京恒誉新能源汽车租赁有限公司
 1103 1103 4665104424817 北京恒誉新能源汽车租赁有限公司
 1104 1104 4666104381554 北京博仓物流有限公司
 1105 1105 4668104425077 北京恒誉新能源汽车租赁有限公司
 1106 1106 4677104425976 北京诚信达汽车销售有限公司
 1107 1107 4681104425934 北京富电科技有限公司
 1108 1108 4685104426896 北京瑞征汽车贸易有限公司
 1109 1109 4686104353311 北京奥尔环境艺术有限公司
 1110 1110 4686104423193 北京佳海成建材有限公司
 1111 1111 4688104426553 北京市兴顺达客运有限责任公司
 1112 1112 4690104425681 北京瑞驰合众汽车租赁服务股份有限公
司
 1113 1113 4704104426206 北京兴顺利通汽车租赁有限公司
-32-
 1114 1114 4708104412464 北京松昊科技有限公司
 1115 1115 4713104425960 北京诚信达汽车销售有限公司
 1116 1116 4717104426357 北京冀东鸿物流有限公司
 1117 1117 4726104426855 北京瑞征汽车贸易有限公司
 1118 1118 4728104426881 北京瑞征汽车贸易有限公司
 1119 1119 4745104426772 北京理工绿通新能源汽车租赁有限公司
 1120 1120 4746104425831 北京瑞驰合众汽车租赁服务股份有限公
司
 1121 1121 4750104425203 北京恒誉新能源汽车租赁有限公司
 1122 1122 4765104426222 北京冀东鸿物流有限公司
 1123 1123 4769104424715 北京恒誉新能源汽车租赁有限公司
 1124 1124 4771104425177 北京恒誉新能源汽车租赁有限公司
 1125 1125 4773104426517 北京政联合物流有限公司
 1126 1126 4774104426305 北京冀东广龙物流有限责任公司
 1127 1127 4776104424944 北京恒誉新能源汽车租赁有限公司
 1128 1128 4776104425157 北京恒誉新能源汽车租赁有限公司
 1129 1129 4781104425169 北京恒誉新能源汽车租赁有限公司
 1130 1130 4793104426359 北京冀东鸿物流有限公司
 1131 1131 4796104426993 北京银企联国际物流有限公司
 1132 1132 4800104424519 有车（北京）新能源汽车租赁有限公司
 1133 1133 4802104424723 北京恒誉新能源汽车租赁有限公司
 1134 1134 4802104426999 北京银企联国际物流有限公司
 1135 1135 4808104425512 北京庞大梦飞新能源汽车租赁有限公司
 1136 1136 4819104425183 北京恒誉新能源汽车租赁有限公司
 1137 1137 4825104375892 北京世涛基业房地产开发有限公司
 1138 1138 4827104341170 北京中融嘉信投资管理有限公司
 1139 1139 4831104424975 北京恒誉新能源汽车租赁有限公司
 1140 1140 4832104424966 北京恒誉新能源汽车租赁有限公司
 1141 1141 4846104426524 北京政联合物流有限公司
 1142 1142 4851104425019 北京恒誉新能源汽车租赁有限公司
 1143 1143 4852104426878 北京瑞征汽车贸易有限公司
 1144 1144 4853104425090 北京恒誉新能源汽车租赁有限公司
 1145 1145 4853104426975 北京银企联国际物流有限公司
 1146 1146 4859104424511 有车（北京）新能源汽车租赁有限公司
 1147 1147 4862104426744 北京理工绿通新能源汽车租赁有限公司
 1148 1148 4863104426388 北京冀东鸿物流有限公司
 1149 1149 4871104426759 北京理工绿通新能源汽车租赁有限公司
 1150 1150 4876104424837 北京恒誉新能源汽车租赁有限公司
-33-
 1151 1151 4886104424671 北京恒誉新能源汽车租赁有限公司
 1152 1152 4887104425690 北京经开投资开发股份有限公司
 1153 1153 4890104424737 北京恒誉新能源汽车租赁有限公司
 1154 1154 4895104424598 有车（北京）新能源汽车租赁有限公司
 1155 1155 4903104424699 北京恒誉新能源汽车租赁有限公司
 1156 1156 4910104391967 北京莆田企业商会
 1157 1157 4921104426634 北京市兴顺达客运有限责任公司
 1158 1158 4926104359448 北京泰拓科技发展有限公司
 1159 1159 4931104424849 北京恒誉新能源汽车租赁有限公司
 1160 1160 4943104426899 北京瑞征汽车贸易有限公司
 1161 1161 4945104426858 北京瑞征汽车贸易有限公司
 1162 1162 4948104425082 北京恒誉新能源汽车租赁有限公司
 1163 1163 4953104334869 北京玉海福利熟食加工有限公司
 1164 1164 4953104425744 北京一嗨汽车租赁有限公司
 1165 1165 4954104425150 北京恒誉新能源汽车租赁有限公司
 1166 1166 4955104425935 北京富电科技有限公司
 1167 1167 4957104425305 北京绿行通达新能源汽车租赁有限公司
 1168 1168 4958104426466 北京政联合物流有限公司
 1169 1169 4966104424594 有车（北京）新能源汽车租赁有限公司
 1170 1170 4966104425522 北京庞大梦飞新能源汽车租赁有限公司
 1171 1171 4967104424554 有车（北京）新能源汽车租赁有限公司
 1172 1172 4968104426892 北京瑞征汽车贸易有限公司
 1173 1173 4969104426662 北京市兴顺达客运有限责任公司
 1174 1174 4971104425098 北京恒誉新能源汽车租赁有限公司
 1175 1175 4982104424902 北京恒誉新能源汽车租赁有限公司
 1176 1176 4986104426670 北京市兴顺达客运有限责任公司
 1177 1177 4987104425208 北京恒誉新能源汽车租赁有限公司
 1178 1178 4989104425398 北京绿行通达新能源汽车租赁有限公司
 1179 1179 4993104426343 北京市兴顺达客运有限责任公司
 1180 1180 4996104426414 北京冀东鸿物流有限公司
 1181 1181 4998104424950 北京恒誉新能源汽车租赁有限公司
 1182 1182 5008104383067 北京新城热力有限公司
 1183 1183 5008104424791 北京恒誉新能源汽车租赁有限公司
 1184 1184 5008104425767 北京一嗨汽车租赁有限公司
 1185 1185 5011104426675 北京市兴顺达客运有限责任公司
 1186 1186 5016104424485 有车（北京）新能源汽车租赁有限公司
 1187 1187 5022104426219 北京冀东鸿物流有限公司
 1188 1188 5025104426801 北京瑞征汽车贸易有限公司
-34-
 1189 1189 5030104374418 北京现代汽车有限公司
 1190 1190 5030104426610 北京市兴顺达客运有限责任公司
 1191 1191 5052104426837 北京瑞征汽车贸易有限公司
 1192 1192 5055104424750 北京恒誉新能源汽车租赁有限公司
 1193 1193 5060104425335 北京绿行通达新能源汽车租赁有限公司
 1194 1194 5067104315942 北京豪力威科贸有限公司
 1195 1195 5067104424676 北京恒誉新能源汽车租赁有限公司
 1196 1196 5069104426830 北京瑞征汽车贸易有限公司
 1197 1197 5074104426598 北京市兴顺达客运有限责任公司
 1198 1198 5075104426354 北京冀东鸿物流有限公司
 1199 1199 5082104425713 北京经开投资开发股份有限公司
 1200 1200 5084104424489 有车（北京）新能源汽车租赁有限公司
 1201 1201 5094104424623 有车（北京）新能源汽车租赁有限公司
 1202 1202 5097104426834 北京瑞征汽车贸易有限公司
 1203 1203 5100104425561 北京经开投资开发股份有限公司
 1204 1204 5103104329670 国药前景口腔科技（北京）有限公司
 1205 1205 5107104425723 北京经开投资开发股份有限公司
 1206 1206 5111104426925 北京银企联国际物流有限公司
 1207 1207 5114104424612 有车（北京）新能源汽车租赁有限公司
 1208 1208 5127104426484 北京政联合物流有限公司
 1209 1209 5133104424553 有车（北京）新能源汽车租赁有限公司
 1210 1210 5135104424921 北京恒誉新能源汽车租赁有限公司
 1211 1211 5138104426836 北京瑞征汽车贸易有限公司
 1212 1212 5140104425413 北京绿行通达新能源汽车租赁有限公司
 1213 1213 5153104383002 恒泰企业管理有限公司北京分公司
 1214 1214 5155104425307 北京绿行通达新能源汽车租赁有限公司
 1215 1215 5158104425373 北京绿行通达新能源汽车租赁有限公司
 1216 1216 5162104425002 北京恒誉新能源汽车租赁有限公司
 1217 1217 5162104425276 北京绿行通达新能源汽车租赁有限公司
 1218 1218 5168104425938 北京富电科技有限公司
 1219 1219 5172104424736 北京恒誉新能源汽车租赁有限公司
 1220 1220 5179104424498 有车（北京）新能源汽车租赁有限公司
 1221 1221 5192104424930 北京恒誉新能源汽车租赁有限公司
 1222 1222 5192104425350 北京绿行通达新能源汽车租赁有限公司
 1223 1223 5198104425091 北京恒誉新能源汽车租赁有限公司
 1224 1224 5207104318095 北京中文在线数字出版股份有限公司
 1225 1225 5209104425308 北京绿行通达新能源汽车租赁有限公司
 1226 1226 5209104426277 北京冀东广龙物流有限责任公司
-35-
 1227 1227 5210104424893 北京恒誉新能源汽车租赁有限公司
 1228 1228 5214104332690 北京宏源南门涮肉城有限责任公司
 1229 1229 5214104426825 北京瑞征汽车贸易有限公司
 1230 1230 5215104426640 北京市兴顺达客运有限责任公司
 1231 1231 5216104426923 北京银企联国际物流有限公司
 1232 1232 5218104425033 北京恒誉新能源汽车租赁有限公司
 1233 1233 5235104425409 北京绿行通达新能源汽车租赁有限公司
 1234 1234 5235104426319 北京冀东广龙物流有限责任公司
 1235 1235 5239104424782 北京恒誉新能源汽车租赁有限公司
 1236 1236 5245104423301 北京牛街民族敬老院
 1237 1237 5245104426835 北京瑞征汽车贸易有限公司
 1238 1238 5254104427001 北京银企联国际物流有限公司
 1239 1239 5256104426827 北京瑞征汽车贸易有限公司
 1240 1240 5260104357174 北京江南怡景酒店管理有限公司
 1241 1241 5265104425507 北京庞大梦飞新能源汽车租赁有限公司
 1242 1242 5277104426017 北京富电科技有限公司
 1243 1243 5283104424765 北京恒誉新能源汽车租赁有限公司
 1244 1244 5286104424518 有车（北京）新能源汽车租赁有限公司
 1245 1245 5287104424982 北京恒誉新能源汽车租赁有限公司
 1246 1246 5294104374445 北京现代汽车有限公司
 1247 1247 5304104338712 华扬联众数字技术股份有限公司
 1248 1248 5308104426253 北京冀东广龙物流有限责任公司
 1249 1249 5311104426512 北京政联合物流有限公司
 1250 1250 5312104424527 有车（北京）新能源汽车租赁有限公司
 1251 1251 5321104426237 北京冀东广龙物流有限责任公司
 1252 1252 5328104424493 有车（北京）新能源汽车租赁有限公司
 1253 1253 5338104426313 北京冀东广龙物流有限责任公司
 1254 1254 5339104425825 北京瑞驰合众汽车租赁服务股份有限公
司
 1255 1255 5342104426242 北京冀东广龙物流有限责任公司
 1256 1256 5351104425264 北京绿行通达新能源汽车租赁有限公司
 1257 1257 5354104426895 北京瑞征汽车贸易有限公司
 1258 1258 5355104425332 北京绿行通达新能源汽车租赁有限公司
 1259 1259 5356104393891 北京博远祥德科学仪器有限公司
 1260 1260 5363104424643 有车（北京）新能源汽车租赁有限公司
 1261 1261 5364104424932 北京恒誉新能源汽车租赁有限公司
 1262 1262 5365104425149 北京恒誉新能源汽车租赁有限公司
 1263 1263 5368104338755 北京金风科创风电设备有限公司
-36-
 1264 1264 5368104426990 北京银企联国际物流有限公司
 1265 1265 5369104426195 北京兴顺利通汽车租赁有限公司
 1266 1266 5371104424953 北京恒誉新能源汽车租赁有限公司
 1267 1267 5372104385352 北京华泰昌汽车贸易有限公司
 1268 1268 5373104424621 有车（北京）新能源汽车租赁有限公司
 1269 1269 5373104425756 北京一嗨汽车租赁有限公司
 1270 1270 5379104426989 北京银企联国际物流有限公司
 1271 1271 5382104399469 北京歌华在线文化传媒有限公司
 1272 1272 5384104410526 北京凯旋龙新投资有限公司
 1273 1273 5384104425501 北京庞大梦飞新能源汽车租赁有限公司
 1274 1274 5386104424611 有车（北京）新能源汽车租赁有限公司
 1275 1275 5387104426930 北京银企联国际物流有限公司
 1276 1276 5396104424941 北京恒誉新能源汽车租赁有限公司
 1277 1277 5406104363340 北京市平谷区马坊镇老年协会
 1278 1278 5407104317847 意莎普（中国）暖通空调有限公司
 1279 1279 5416104399704 北京魔百创娱科技有限公司
 1280 1280 5421104424530 有车（北京）新能源汽车租赁有限公司
 1281 1281 5446104425179 北京恒誉新能源汽车租赁有限公司
 1282 1282 5450104426091 中润通新能源汽车租赁（北京）有限公
司
 1283 1283 5463104426293 北京冀东广龙物流有限责任公司
 1284 1284 5477104341239 北京纳百景弈生物科技有限公司
 1285 1285 5481104425765 北京一嗨汽车租赁有限公司
 1286 1286 5483104426798 北京瑞征汽车贸易有限公司
 1287 1287 5483104426915 北京银企联国际物流有限公司
 1288 1288 5487104425709 北京经开投资开发股份有限公司
 1289 1289 5488104425085 北京恒誉新能源汽车租赁有限公司
 1290 1290 5490104424892 北京恒誉新能源汽车租赁有限公司
 1291 1291 5491104399470 北京歌华在线文化传媒有限公司
 1292 1292 5497104425159 北京恒誉新能源汽车租赁有限公司
 1293 1293 5497104425273 北京绿行通达新能源汽车租赁有限公司
 1294 1294 5500104426941 北京银企联国际物流有限公司
 1295 1295 5502104426651 北京市兴顺达客运有限责任公司
 1296 1296 5509104425766 北京一嗨汽车租赁有限公司
 1297 1297 5510104426300 北京冀东广龙物流有限责任公司
 1298 1298 5523104424942 北京恒誉新能源汽车租赁有限公司
 1299 1299 5523104425745 北京一嗨汽车租赁有限公司
 1300 1300 5524104426081 中润通新能源汽车租赁（北京）有限公
司
-37-
 1301 1301 5528104426351 北京冀东鸿物流有限公司
 1302 1302 5531104367523 北京市通州区佑胜教寺
 1303 1303 5531104425526 北京庞大梦飞新能源汽车租赁有限公司
 1304 1304 5535104424768 北京恒誉新能源汽车租赁有限公司
 1305 1305 5537104425201 北京恒誉新能源汽车租赁有限公司
 1306 1306 5538104425720 北京经开投资开发股份有限公司
 1307 1307 5546104423250 东西仪（北京）科技有限公司
 1308 1308 5546104425178 北京恒誉新能源汽车租赁有限公司
 1309 1309 5550104426963 北京银企联国际物流有限公司
 1310 1310 5551104426918 北京银企联国际物流有限公司
 1311 1311 5554104425262 北京绿行通达新能源汽车租赁有限公司
 1312 1312 5559104426298 北京冀东广龙物流有限责任公司
 1313 1313 5564104338715 华扬联众数字技术股份有限公司
 1314 1314 5565104425959 北京诚信达汽车销售有限公司
 1315 1315 5565104426755 北京理工绿通新能源汽车租赁有限公司
 1316 1316 5565104426901 北京瑞征汽车贸易有限公司
 1317 1317 5568104425417 北京绿行通达新能源汽车租赁有限公司
 1318 1318 5572104425805 北京瑞驰合众汽车租赁服务股份有限公
司
 1319 1319 5594104424538 有车（北京）新能源汽车租赁有限公司
 1320 1320 5594104426457 北京政联合物流有限公司
 1321 1321 5598104424641 有车（北京）新能源汽车租赁有限公司
 1322 1322 5608104426545 北京市兴顺达客运有限责任公司
 1323 1323 5610104424583 有车（北京）新能源汽车租赁有限公司
 1324 1324 5620104426161 北京冀东广龙物流有限责任公司
 1325 1325 5622104425502 北京庞大梦飞新能源汽车租赁有限公司
 1326 1326 5623104424567 有车（北京）新能源汽车租赁有限公司
 1327 1327 5623104425072 北京恒誉新能源汽车租赁有限公司
 1328 1328 5625104345461 北京福航盛迪科技有限公司
 1329 1329 5625104349374 北京行政环境研究会
 1330 1330 5631104425274 北京绿行通达新能源汽车租赁有限公司
 1331 1331 5636104425193 北京恒誉新能源汽车租赁有限公司
 1332 1332 5636104426785 北京瑞征汽车贸易有限公司
 1333 1333 5639104426949 北京银企联国际物流有限公司
 1334 1334 5640104424803 北京恒誉新能源汽车租赁有限公司
 1335 1335 5654104424547 有车（北京）新能源汽车租赁有限公司
 1336 1336 5654104426373 北京冀东鸿物流有限公司
 1337 1337 5667104426903 北京瑞征汽车贸易有限公司
-38-
 1338 1338 5668104426952 北京银企联国际物流有限公司
 1339 1339 5672104426024 北京富电科技有限公司
 1340 1340 5681104426032 北京富电科技有限公司
 1341 1341 5684104425414 北京绿行通达新能源汽车租赁有限公司
 1342 1342 5689104425521 北京庞大梦飞新能源汽车租赁有限公司
 1343 1343 5694104425704 北京经开投资开发股份有限公司
 1344 1344 5697104426009 北京富电科技有限公司
 1345 1345 5700104361112 北京祥业装饰有限公司
 1346 1346 5702104424926 北京恒誉新能源汽车租赁有限公司
 1347 1347 5702104426251 北京冀东广龙物流有限责任公司
 1348 1348 5708104426584 北京市兴顺达客运有限责任公司
 1349 1349 5711104425933 北京富电科技有限公司
 1350 1350 5717104426953 北京银企联国际物流有限公司
 1351 1351 5720104426797 北京瑞征汽车贸易有限公司
 1352 1352 5723104423420 中民养老规划院
 1353 1353 5723104425719 北京经开投资开发股份有限公司
 1354 1354 5730104425153 北京恒誉新能源汽车租赁有限公司
 1355 1355 5733104424693 北京恒誉新能源汽车租赁有限公司
 1356 1356 5736104425204 北京恒誉新能源汽车租赁有限公司
 1357 1357 5739104424810 北京恒誉新能源汽车租赁有限公司
 1358 1358 5740104425693 北京经开投资开发股份有限公司
 1359 1359 5742104426411 北京冀东鸿物流有限公司
 1360 1360 5751104425531 北京庞大梦飞新能源汽车租赁有限公司
 1361 1361 5754104352192 北京随锐科技有限公司
 1362 1362 5755104425747 北京一嗨汽车租赁有限公司
 1363 1363 5764104308720 北京国交商社
 1364 1364 5764104363280 北京思拓永达科技发展有限公司
 1365 1365 5779104426646 北京市兴顺达客运有限责任公司
 1366 1366 5780104426601 北京市兴顺达客运有限责任公司
 1367 1367 5782104426287 北京冀东广龙物流有限责任公司
 1368 1368 5792104426761 北京理工绿通新能源汽车租赁有限公司
 1369 1369 5800104425139 北京恒誉新能源汽车租赁有限公司
 1370 1370 5806104425345 北京绿行通达新能源汽车租赁有限公司
 1371 1371 5810104424532 有车（北京）新能源汽车租赁有限公司
 1372 1372 5811104426232 北京冀东广龙物流有限责任公司
 1373 1373 5813104424833 北京恒誉新能源汽车租赁有限公司
 1374 1374 5819104424797 北京恒誉新能源汽车租赁有限公司
 1375 1375 5830104423467 北京基业达电气有限公司
-39-
 1376 1376 5833104424512 有车（北京）新能源汽车租赁有限公司
 1377 1377 5836104425843 北京瑞驰合众汽车租赁服务股份有限公
司
 1378 1378 5842104426090 中润通新能源汽车租赁（北京）有限公
司
 1379 1379 5845104425372 北京绿行通达新能源汽车租赁有限公司
 1380 1380 5857104426472 北京政联合物流有限公司
 1381 1381 5864104425278 北京绿行通达新能源汽车租赁有限公司
 1382 1382 5870104426255 北京冀东广龙物流有限责任公司
 1383 1383 5871104342364 北京溯云科技有限公司
 1384 1384 5880104356829 北京鹏源利德装饰有限公司
 1385 1385 5880104424569 有车（北京）新能源汽车租赁有限公司
 1386 1386 5883104426641 北京市兴顺达客运有限责任公司
 1387 1387 5886104426763 北京理工绿通新能源汽车租赁有限公司
 1388 1388 5888104426271 北京冀东广龙物流有限责任公司
 1389 1389 5889104425399 北京绿行通达新能源汽车租赁有限公司
 1390 1390 5891104426476 北京政联合物流有限公司
 1391 1391 5896104370609 北京星远福源电力设备安装有限公司
 1392 1392 5908104424694 北京恒誉新能源汽车租赁有限公司
 1393 1393 5913104426760 北京理工绿通新能源汽车租赁有限公司
 1394 1394 5920104425012 北京恒誉新能源汽车租赁有限公司
 1395 1395 5922104348524 北京科盛卓美科技有限公司
 1396 1396 5932104426234 北京冀东广龙物流有限责任公司
 1397 1397 5939104426557 北京市兴顺达客运有限责任公司
 1398 1398 5948104426162 北京冀东广龙物流有限责任公司
 1399 1399 5953104424904 北京恒誉新能源汽车租赁有限公司
 1400 1400 5953104426532 北京政联合物流有限公司
 1401 1401 5960104338976 北京碟之恋咖啡厅
 1402 1402 5961104426647 北京市兴顺达客运有限责任公司
 1403 1403 5964104424861 北京恒誉新能源汽车租赁有限公司
 1404 1404 5964104426533 北京政联合物流有限公司
 1405 1405 5970104425977 北京诚信达汽车销售有限公司
 1406 1406 5976104425775 北京一嗨汽车租赁有限公司
 1407 1407 5981104425932 北京富电科技有限公司
 1408 1408 5989104426940 北京银企联国际物流有限公司
 1409 1409 5990104424618 有车（北京）新能源汽车租赁有限公司
 1410 1410 5991104426960 北京银企联国际物流有限公司
 1411 1411 5997104425073 北京恒誉新能源汽车租赁有限公司
-40-
 1412 1412 5998104426120 北京兴顺利通汽车租赁有限公司
 1413 1413 6000104425120 北京恒誉新能源汽车租赁有限公司
 1414 1414 6005104425152 北京恒誉新能源汽车租赁有限公司
 1415 1415 6007104426854 北京瑞征汽车贸易有限公司
 1416 1416 6009104425300 北京绿行通达新能源汽车租赁有限公司
 1417 1417 6009104426260 北京冀东广龙物流有限责任公司
 1418 1418 6011104425485 北京庞大梦飞新能源汽车租赁有限公司
 1419 1419 6017104425119 北京恒誉新能源汽车租赁有限公司
 1420 1420 6019104346806 北京星光影美文化传媒有限公司
 1421 1421 6020104425018 北京恒誉新能源汽车租赁有限公司
 1422 1422 6037104425096 北京恒誉新能源汽车租赁有限公司
 1423 1423 6038104426167 北京兴顺利通汽车租赁有限公司
 1424 1424 6060104426660 北京市兴顺达客运有限责任公司
 1425 1425 6064104424857 北京恒誉新能源汽车租赁有限公司
 1426 1426 6065104426246 北京冀东广龙物流有限责任公司
 1427 1427 6066104426314 北京冀东广龙物流有限责任公司
 1428 1428 6077104424535 有车（北京）新能源汽车租赁有限公司
 1429 1429 6081104425134 北京恒誉新能源汽车租赁有限公司
 1430 1430 6088104424721 北京恒誉新能源汽车租赁有限公司
 1431 1431 6096104424994 北京恒誉新能源汽车租赁有限公司
 1432 1432 6096104426832 北京瑞征汽车贸易有限公司
 1433 1433 6100104424450 有车（北京）新能源汽车租赁有限公司
 1434 1434 6102104424458 有车（北京）新能源汽车租赁有限公司
 1435 1435 6106104425216 北京恒誉新能源汽车租赁有限公司
 1436 1436 6113104426516 北京政联合物流有限公司
 1437 1437 6114104426985 北京银企联国际物流有限公司
 1438 1438 6115104426581 北京市兴顺达客运有限责任公司
 1439 1439 6126104424542 有车（北京）新能源汽车租赁有限公司
 1440 1440 6126104426771 北京理工绿通新能源汽车租赁有限公司
 1441 1441 6128104425946 北京诚信达汽车销售有限公司
 1442 1442 6129104317043 北京市西城区华真培训学校
 1443 1443 6129104424973 北京恒誉新能源汽车租赁有限公司
 1444 1444 6129104425460 北京庞大梦飞新能源汽车租赁有限公司
 1445 1445 6134104426924 北京银企联国际物流有限公司
 1446 1446 6135104424971 北京恒誉新能源汽车租赁有限公司
 1447 1447 6139104318096 北京中文在线数字出版股份有限公司
 1448 1448 6142104425680 北京瑞驰合众汽车租赁服务股份有限公
司
-41 -
 1449 1449 6146104424575 有车（北京）新能源汽车租赁有限公司
 1450 1450 6150104426955 北京银企联国际物流有限公司
 1451 1451 6151104425347 北京绿行通达新能源汽车租赁有限公司
 1452 1452 6153104424775 北京恒誉新能源汽车租赁有限公司
 1453 1453 6160104424577 有车（北京）新能源汽车租赁有限公司
 1454 1454 6169104425323 北京绿行通达新能源汽车租赁有限公司
 1455 1455 6176104426382 北京冀东鸿物流有限公司
 1456 1456 6179104424774 北京恒誉新能源汽车租赁有限公司
 1457 1457 6181104424968 北京恒誉新能源汽车租赁有限公司
 1458 1458 6186104424499 有车（北京）新能源汽车租赁有限公司
 1459 1459 6186104426508 北京政联合物流有限公司
 1460 1460 6189104424804 北京恒誉新能源汽车租赁有限公司
 1461 1461 6194104344952 北京鄂尔多斯创展服装有限公司
 1462 1462 6202104426455 北京政联合物流有限公司
 1463 1463 6206104425026 北京恒誉新能源汽车租赁有限公司
 1464 1464 6208104426447 北京政联合物流有限公司
 1465 1465 6209104426748 北京理工绿通新能源汽车租赁有限公司
 1466 1466 6211104426758 北京理工绿通新能源汽车租赁有限公司
 1467 1467 6215104424703 北京恒誉新能源汽车租赁有限公司
 1468 1468 6216104425755 北京一嗨汽车租赁有限公司
 1469 1469 6218104425406 北京绿行通达新能源汽车租赁有限公司
 1470 1470 6219104424919 北京恒誉新能源汽车租赁有限公司
 1471 1471 6221104339273 北京安美佳保洁服务有限公司
 1472 1472 6236104425312 北京绿行通达新能源汽车租赁有限公司
 1473 1473 6243104426939 北京银企联国际物流有限公司
 1474 1474 6253104424731 北京恒誉新能源汽车租赁有限公司
 1475 1475 6254104426636 北京市兴顺达客运有限责任公司
 1476 1476 6255104425776 北京一嗨汽车租赁有限公司
 1477 1477 6257104425941 北京富电科技有限公司
 1478 1478 6260104424725 北京恒誉新能源汽车租赁有限公司
 1479 1479 6266104337280 北京盈信通酒店管理有限公司
 1480 1480 6274104425535 北京庞大梦飞新能源汽车租赁有限公司
 1481 1481 6276104426228 北京冀东广龙物流有限责任公司
 1482 1482 6281104424826 北京恒誉新能源汽车租赁有限公司
 1483 1483 6281104425732 北京一嗨汽车租赁有限公司
 1484 1484 6290104372313 北京首农希杰餐饮管理有限公司
 1485 1485 6300104425503 北京庞大梦飞新能源汽车租赁有限公司
 1486 1486 6301104425174 北京恒誉新能源汽车租赁有限公司
-42-
 1487 1487 6301104426614 北京市兴顺达客运有限责任公司
 1488 1488 6302104426998 北京银企联国际物流有限公司
 1489 1489 6311104425551 北京庞大梦飞新能源汽车租赁有限公司
 1490 1490 6313104424913 北京恒誉新能源汽车租赁有限公司
 1491 1491 6313104425137 北京恒誉新能源汽车租赁有限公司
 1492 1492 6316104424799 北京恒誉新能源汽车租赁有限公司
 1493 1493 6319104424626 有车（北京）新能源汽车租赁有限公司
 1494 1494 6323104424793 北京恒誉新能源汽车租赁有限公司
 1495 1495 6327104424559 有车（北京）新能源汽车租赁有限公司
 1496 1496 6328104425538 北京庞大梦飞新能源汽车租赁有限公司
 1497 1497 6328104426395 北京冀东鸿物流有限公司
 1498 1498 6333104426663 北京市兴顺达客运有限责任公司
 1499 1499 6334104349081 北京达州企业商会
 1500 1500 6336104426929 北京银企联国际物流有限公司
 1501 1501 6337104426229 北京冀东广龙物流有限责任公司
 1502 1502 6338104426358 北京冀东鸿物流有限公司
 1503 1503 6340104425338 北京绿行通达新能源汽车租赁有限公司
 1504 1504 6344104425083 北京恒誉新能源汽车租赁有限公司
 1505 1505 6344104426595 北京市兴顺达客运有限责任公司
 1506 1506 6346104426007 北京富电科技有限公司
 1507 1507 6348104425064 北京恒誉新能源汽车租赁有限公司
 1508 1508 6350104393847 北京东风南方亮马汽车销售服务有限公
司
 1509 1509 6353104425310 北京绿行通达新能源汽车租赁有限公司
 1510 1510 6365104426175 北京兴顺利通汽车租赁有限公司
 1511 1511 6366104424504 有车（北京）新能源汽车租赁有限公司
 1512 1512 6382104426039 北京富电科技有限公司
 1513 1513 6383104355573 北京比翼科技发展有限公司
 1514 1514 6397104426562 北京市兴顺达客运有限责任公司
 1515 1515 6399104426831 北京瑞征汽车贸易有限公司
 1516 1516 6402104425200 北京恒誉新能源汽车租赁有限公司
 1517 1517 6402104425687 北京经开投资开发股份有限公司
 1518 1518 6403104426207 北京兴顺利通汽车租赁有限公司
 1519 1519 6409104425320 北京绿行通达新能源汽车租赁有限公司
 1520 1520 6410104392653 北京明弘科贸有限责任公司
 1521 1521 6422104426369 北京冀东鸿物流有限公司
 1522 1522 6423104425678 北京瑞驰合众汽车租赁服务股份有限公
司
-43-
 1523 1523 6430104426596 北京市兴顺达客运有限责任公司
 1524 1524 6442104425532 北京庞大梦飞新能源汽车租赁有限公司
 1525 1525 6451104424534 有车（北京）新能源汽车租赁有限公司
 1526 1526 6454104425543 北京庞大梦飞新能源汽车租赁有限公司
 1527 1527 6457104426201 北京兴顺利通汽车租赁有限公司
 1528 1528 6458104424678 北京恒誉新能源汽车租赁有限公司
 1529 1529 6461104401748 北京房修一物业管理有限公司
 1530 1530 6465104426303 北京冀东广龙物流有限责任公司
 1531 1531 6475104426882 北京瑞征汽车贸易有限公司
 1532 1532 6478104425412 北京绿行通达新能源汽车租赁有限公司
 1533 1533 6480104426104 中润通新能源汽车租赁（北京）有限公
司
 1534 1534 6485104425498 北京庞大梦飞新能源汽车租赁有限公司
 1535 1535 6490104425759 北京一嗨汽车租赁有限公司
 1536 1536 6507104425717 北京经开投资开发股份有限公司
 1537 1537 6519104426430 北京冀东鸿物流有限公司
 1538 1538 6520104425952 北京诚信达汽车销售有限公司
 1539 1539 6520104426099 中润通新能源汽车租赁（北京）有限公
司
 1540 1540 6524104426018 北京富电科技有限公司
 1541 1541 6525104426507 北京政联合物流有限公司
 1542 1542 6528104425133 北京恒誉新能源汽车租赁有限公司
 1543 1543 6541104413236 北京宇信恒达科技有限公司
 1544 1544 6546104424846 北京恒誉新能源汽车租赁有限公司
 1545 1545 6547104424822 北京恒誉新能源汽车租赁有限公司
 1546 1546 6555104424908 北京恒誉新能源汽车租赁有限公司
 1547 1547 6565104427002 北京银企联国际物流有限公司
 1548 1548 6568104425942 北京富电科技有限公司
 1549 1549 6571104426401 北京冀东鸿物流有限公司
 1550 1550 6572104424714 北京恒誉新能源汽车租赁有限公司
 1551 1551 6577104407095 北京民望建筑设计咨询有限公司
 1552 1552 6579104392494 北京奔驰汽车有限公司
 1553 1553 6583104425411 北京绿行通达新能源汽车租赁有限公司
 1554 1554 6591104426025 北京富电科技有限公司
 1555 1555 6593104312389 天恒盛（北京）科技有限公司
 1556 1556 6593104426851 北京瑞征汽车贸易有限公司
 1557 1557 6596104425763 北京一嗨汽车租赁有限公司
 1558 1558 6599104424631 有车（北京）新能源汽车租赁有限公司
-44-
 1559 1559 6599104426200 北京兴顺利通汽车租赁有限公司
 1560 1560 6621104426100 中润通新能源汽车租赁（北京）有限公
司
 1561 1561 6629104424523 有车（北京）新能源汽车租赁有限公司
 1562 1562 6635104425463 北京庞大梦飞新能源汽车租赁有限公司
 1563 1563 6639104424642 有车（北京）新能源汽车租赁有限公司
 1564 1564 6658104424983 北京恒誉新能源汽车租赁有限公司
 1565 1565 6662104426897 北京瑞征汽车贸易有限公司
 1566 1566 6669104357297 中民防咨询中心有限公司
 1567 1567 6673104426599 北京市兴顺达客运有限责任公司
 1568 1568 6675104370419 北京厚诚则铭印刷科技有限公司
 1569 1569 6676104426190 北京兴顺利通汽车租赁有限公司
 1570 1570 6678104426269 北京冀东广龙物流有限责任公司
 1571 1571 6681104425989 北京诚信达汽车销售有限公司
 1572 1572 6687104425513 北京庞大梦飞新能源汽车租赁有限公司
 1573 1573 6688104424995 北京恒誉新能源汽车租赁有限公司
 1574 1574 6693104426335 北京市兴顺达客运有限责任公司
 1575 1575 6695104413508 北京易百得公关顾问有限公司
 1576 1576 6697104424899 北京恒誉新能源汽车租赁有限公司
 1577 1577 6697104426353 北京冀东鸿物流有限公司
 1578 1578 6699104425408 北京绿行通达新能源汽车租赁有限公司
 1579 1579 6700104426078 中润通新能源汽车租赁（北京）有限公
司
 1580 1580 6713104425368 北京绿行通达新能源汽车租赁有限公司
 1581 1581 6713104426160 北京冀东广龙物流有限责任公司
 1582 1582 6717104426510 北京政联合物流有限公司
 1583 1583 6718104371945 航天恒星科技有限公司
 1584 1584 6718104410873 北京凯恩斯科控制设备有限公司
 1585 1585 6718104425050 北京恒誉新能源汽车租赁有限公司
 1586 1586 6718104425390 北京绿行通达新能源汽车租赁有限公司
 1587 1587 6719104344869 北京泰宇科技发展公司
 1588 1588 6721104424860 北京恒誉新能源汽车租赁有限公司
 1589 1589 6722104426792 北京瑞征汽车贸易有限公司
 1590 1590 6725104394478 北京中油房山燕宾油料销售有限公司
 1591 1591 6726104426803 北京瑞征汽车贸易有限公司
 1592 1592 6734104424719 北京恒誉新能源汽车租赁有限公司
 1593 1593 6734104426629 北京市兴顺达客运有限责任公司
 1594 1594 6735104426384 北京冀东鸿物流有限公司
-45-
 1595 1595 6749104424570 有车（北京）新能源汽车租赁有限公司
 1596 1596 6755104424551 有车（北京）新能源汽车租赁有限公司
 1597 1597 6756104424729 北京恒誉新能源汽车租赁有限公司
 1598 1598 6760104425762 北京一嗨汽车租赁有限公司
 1599 1599 6763104426628 北京市兴顺达客运有限责任公司
 1600 1600 6777104426004 北京富电科技有限公司
 1601 1601 6778104425184 北京恒誉新能源汽车租赁有限公司
 1602 1602 6779104400285 北京东安恒新房地产开发有限公司
 1603 1603 6781104426008 北京富电科技有限公司
 1604 1604 6790104424521 有车（北京）新能源汽车租赁有限公司
 1605 1605 6802104426113 中润通新能源汽车租赁（北京）有限公
司
 1606 1606 6803104425954 北京诚信达汽车销售有限公司
 1607 1607 6805104426177 北京兴顺利通汽车租赁有限公司
 1608 1608 6807104425123 北京恒誉新能源汽车租赁有限公司
 1609 1609 6809104426236 北京冀东广龙物流有限责任公司
 1610 1610 6810104424879 北京恒誉新能源汽车租赁有限公司
 1611 1611 6810104426098 中润通新能源汽车租赁（北京）有限公
司
 1612 1612 6818104426588 北京市兴顺达客运有限责任公司
 1613 1613 6820104424494 有车（北京）新能源汽车租赁有限公司
 1614 1614 6820104426460 北京政联合物流有限公司
 1615 1615 6831104426639 北京市兴顺达客运有限责任公司
 1616 1616 6840104424780 北京恒誉新能源汽车租赁有限公司
 1617 1617 6843104424640 有车（北京）新能源汽车租赁有限公司
 1618 1618 6846104425299 北京绿行通达新能源汽车租赁有限公司
 1619 1619 6847104426295 北京冀东广龙物流有限责任公司
 1620 1620 6848104389279 北京运通博锐商贸有限公司
 1621 1621 6856104426415 北京冀东鸿物流有限公司
 1622 1622 6859104424647 有车（北京）新能源汽车租赁有限公司
 1623 1623 6860104425045 北京恒誉新能源汽车租赁有限公司
 1624 1624 6861104386796 北京华锂基业科技有限公司
 1625 1625 6863104424825 北京恒誉新能源汽车租赁有限公司
 1626 1626 6867104426370 北京冀东鸿物流有限公司
 1627 1627 6873104426471 北京政联合物流有限公司
 1628 1628 6882104426027 北京富电科技有限公司
 1629 1629 6883104402307 北京永清源清洗技术有限公司
 1630 1630 6890104425187 北京恒誉新能源汽车租赁有限公司
-46-
 1631 1631 6891104425283 北京绿行通达新能源汽车租赁有限公司
 1632 1632 6894104426311 北京冀东广龙物流有限责任公司
 1633 1633 6895104338716 华扬联众数字技术股份有限公司
 1634 1634 6904104338150 北京龙德安科技有限公司
 1635 1635 6910104426397 北京冀东鸿物流有限公司
 1636 1636 6911104426294 北京冀东广龙物流有限责任公司
 1637 1637 6911104426380 北京冀东鸿物流有限公司
 1638 1638 6913104425185 北京恒誉新能源汽车租赁有限公司
 1639 1639 6914104426020 北京富电科技有限公司
 1640 1640 6916104411170 北京地圆广商贸有限公司
 1641 1641 6920104425777 北京一嗨汽车租赁有限公司
 1642 1642 6921104426292 北京冀东广龙物流有限责任公司
 1643 1643 6928104426438 北京政联合物流有限公司
 1644 1644 6929104424591 有车（北京）新能源汽车租赁有限公司
 1645 1645 6929104425267 北京绿行通达新能源汽车租赁有限公司
 1646 1646 6930104426560 北京市兴顺达客运有限责任公司
 1647 1647 6938104426673 北京市兴顺达客运有限责任公司
 1648 1648 6943104424593 有车（北京）新能源汽车租赁有限公司
 1649 1649 6945104399319 北京凯隆迪科技有限责任公司
 1650 1650 6952104424484 有车（北京）新能源汽车租赁有限公司
 1651 1651 6957104426340 北京市兴顺达客运有限责任公司
 1652 1652 6964104425315 北京绿行通达新能源汽车租赁有限公司
 1653 1653 6971104425781 北京一嗨汽车租赁有限公司
 1654 1654 6972104425761 北京一嗨汽车租赁有限公司
 1655 1655 6975104426204 北京兴顺利通汽车租赁有限公司
 1656 1656 6982104424728 北京恒誉新能源汽车租赁有限公司
 1657 1657 6983104426862 北京瑞征汽车贸易有限公司
 1658 1658 6998104424667 北京恒誉新能源汽车租赁有限公司
 1659 1659 6998104425965 北京诚信达汽车销售有限公司
 1660 1660 6999104426603 北京市兴顺达客运有限责任公司
 1661 1661 7010104426913 北京银企联国际物流有限公司
 1662 1662 7024104426580 北京市兴顺达客运有限责任公司
 1663 1663 7027104426213 北京冀东鸿物流有限公司
 1664 1664 7034104426067 中润通新能源汽车租赁（北京）有限公
司
 1665 1665 7035104424895 北京恒誉新能源汽车租赁有限公司
 1666 1666 7038104425725 北京经开投资开发股份有限公司
 1667 1667 7038104426995 北京银企联国际物流有限公司
-47-
 1668 1668 7045104426208 北京兴顺利通汽车租赁有限公司
 1669 1669 7061104361001 河北京能中电电力工程有限公司北京分
公司
 1670 1670 7067104425105 北京恒誉新能源汽车租赁有限公司
 1671 1671 7069104355745 北京凯立丰电气技术有限责任公司
 1672 1672 7071104425487 北京庞大梦飞新能源汽车租赁有限公司
 1673 1673 7072104424916 北京恒誉新能源汽车租赁有限公司
 1674 1674 7073104426445 北京政联合物流有限公司
 1675 1675 7081104426109 中润通新能源汽车租赁（北京）有限公
司
 1676 1676 7083104424783 北京恒誉新能源汽车租赁有限公司
 1677 1677 7083104425748 北京一嗨汽车租赁有限公司
 1678 1678 7084104424546 有车（北京）新能源汽车租赁有限公司
 1679 1679 7090104424739 北京恒誉新能源汽车租赁有限公司
 1680 1680 7091104347606 北京冠和权律师事务所
 1681 1681 7093104426611 北京市兴顺达客运有限责任公司
 1682 1682 7097104426751 北京理工绿通新能源汽车租赁有限公司
 1683 1683 7112104424574 有车（北京）新能源汽车租赁有限公司
 1684 1684 7119104424604 有车（北京）新能源汽车租赁有限公司
 1685 1685 7121104424688 北京恒誉新能源汽车租赁有限公司
 1686 1686 7122104425314 北京绿行通达新能源汽车租赁有限公司
 1687 1687 7126104427005 北京银企联国际物流有限公司
 1688 1688 7128104425205 北京恒誉新能源汽车租赁有限公司
 1689 1689 7143104426070 中润通新能源汽车租赁（北京）有限公
司
 1690 1690 7145104424764 北京恒誉新能源汽车租赁有限公司
 1691 1691 7146104424644 有车（北京）新能源汽车租赁有限公司
 1692 1692 7146104425733 北京一嗨汽车租赁有限公司
 1693 1693 7150104425813 北京瑞驰合众汽车租赁服务股份有限公
司
 1694 1694 7153104376226 北京繁荣哈瓦洛机电设备有限公司
 1695 1695 7157104415065 北京祥尔泰信息技术有限公司
 1696 1696 7158104424978 北京恒誉新能源汽车租赁有限公司
 1697 1697 7159104425023 北京恒誉新能源汽车租赁有限公司
 1698 1698 7163104425369 北京绿行通达新能源汽车租赁有限公司
 1699 1699 7164104426980 北京银企联国际物流有限公司
 1700 1700 7165104336413 北京魅力点子文化传媒有限公司
 1701 1701 7169104385543 北京天意新商城市场有限公司
-48-
 1702 1702 7175104424992 北京恒誉新能源汽车租赁有限公司
 1703 1703 7180104426478 北京政联合物流有限公司
 1704 1704 7181104426403 北京冀东鸿物流有限公司
 1705 1705 7187104425336 北京绿行通达新能源汽车租赁有限公司
 1706 1706 7188104425363 北京绿行通达新能源汽车租赁有限公司
 1707 1707 7189104425707 北京经开投资开发股份有限公司
 1708 1708 7191104426674 北京市兴顺达客运有限责任公司
 1709 1709 7194104425392 北京绿行通达新能源汽车租赁有限公司
 1710 1710 7198104426833 北京瑞征汽车贸易有限公司
 1711 1711 7201104426010 北京富电科技有限公司
 1712 1712 7208104425016 北京恒誉新能源汽车租赁有限公司
 1713 1713 7214104424698 北京恒誉新能源汽车租赁有限公司
 1714 1714 7218104426346 北京冀东鸿物流有限公司
 1715 1715 7222104425677 北京瑞驰合众汽车租赁服务股份有限公
司
 1716 1716 7224104424900 北京恒誉新能源汽车租赁有限公司
 1717 1717 7238104425313 北京绿行通达新能源汽车租赁有限公司
 1718 1718 7240104312667 北京市东城区景山尚爱老年养护中心
 1719 1719 7247104425456 北京庞大梦飞新能源汽车租赁有限公司
 1720 1720 7250104425060 北京恒誉新能源汽车租赁有限公司
 1721 1721 7259104424985 北京恒誉新能源汽车租赁有限公司
 1722 1722 7259104426898 北京瑞征汽车贸易有限公司
 1723 1723 7260104425985 北京诚信达汽车销售有限公司
 1724 1724 7266104426468 北京政联合物流有限公司
 1725 1725 7267104426085 中润通新能源汽车租赁（北京）有限公
司
 1726 1726 7274104424819 北京恒誉新能源汽车租赁有限公司
 1727 1727 7282104426247 北京冀东广龙物流有限责任公司
 1728 1728 7296104425009 北京恒誉新能源汽车租赁有限公司
 1729 1729 7297104426278 北京冀东广龙物流有限责任公司
 1730 1730 7312104349874 上海笕尚服饰有限公司北京分公司
 1731 1731 7328104425461 北京庞大梦飞新能源汽车租赁有限公司
 1732 1732 7329104426464 北京政联合物流有限公司
 1733 1733 7331104425454 北京庞大梦飞新能源汽车租赁有限公司
 1734 1734 7336104424829 北京恒誉新能源汽车租赁有限公司
 1735 1735 7336104425260 北京绿行通达新能源汽车租赁有限公司
 1736 1736 7338104424885 北京恒誉新能源汽车租赁有限公司
 1737 1737 7343104425462 北京庞大梦飞新能源汽车租赁有限公司
-49-
 1738 1738 7350104426480 北京政联合物流有限公司
 1739 1739 7354104425128 北京恒誉新能源汽车租赁有限公司
 1740 1740 7358104362195 北京昀伟蓝翔科技发展有限公司
 1741 1741 7361104424996 北京恒誉新能源汽车租赁有限公司
 1742 1742 7361104426594 北京市兴顺达客运有限责任公司
 1743 1743 7373104426238 北京冀东广龙物流有限责任公司
 1744 1744 7379104425359 北京绿行通达新能源汽车租赁有限公司
 1745 1745 7383104424617 有车（北京）新能源汽车租赁有限公司
 1746 1746 7386104424777 北京恒誉新能源汽车租赁有限公司
 1747 1747 7391104424732 北京恒誉新能源汽车租赁有限公司
 1748 1748 7393104424869 北京恒誉新能源汽车租赁有限公司
 1749 1749 7398104425000 北京恒誉新能源汽车租赁有限公司
 1750 1750 7406104425509 北京庞大梦飞新能源汽车租赁有限公司
 1751 1751 7407104325125 北京昌兴顺达门窗有限公司
 1752 1752 7409104426631 北京市兴顺达客运有限责任公司
 1753 1753 7411104424848 北京恒誉新能源汽车租赁有限公司
 1754 1754 7434104425967 北京诚信达汽车销售有限公司
 1755 1755 7435104426880 北京瑞征汽车贸易有限公司
 1756 1756 7436104426022 北京富电科技有限公司
 1757 1757 7437104424700 北京恒誉新能源汽车租赁有限公司
 1758 1758 7438104425937 北京富电科技有限公司
 1759 1759 7441104426936 北京银企联国际物流有限公司
 1760 1760 7443104426951 北京银企联国际物流有限公司
 1761 1761 7450104405182 北京铱镭时代科技有限公司
 1762 1762 7451104338711 华扬联众数字技术股份有限公司
 1763 1763 7463104425269 北京绿行通达新能源汽车租赁有限公司
 1764 1764 7467104426393 北京冀东鸿物流有限公司
 1765 1765 7479104426299 北京冀东广龙物流有限责任公司
 1766 1766 7480104424572 有车（北京）新能源汽车租赁有限公司
 1767 1767 7486104424646 有车（北京）新能源汽车租赁有限公司
 1768 1768 7492104317846 意莎普（中国）暖通空调有限公司
 1769 1769 7494104424590 有车（北京）新能源汽车租赁有限公司
 1770 1770 7494104425052 北京恒誉新能源汽车租赁有限公司
 1771 1771 7495104426339 北京市兴顺达客运有限责任公司
 1772 1772 7497104357347 北京中鼎立天电子科技发展有限公司
 1773 1773 7497104424724 北京恒誉新能源汽车租赁有限公司
 1774 1774 7499104424565 有车（北京）新能源汽车租赁有限公司
 1775 1775 7505104312194 北京祥瑞驰通汽车销售有限公司
-50-
 1776 1776 7527104424600 有车（北京）新能源汽车租赁有限公司
 1777 1777 7539104425281 北京绿行通达新能源汽车租赁有限公司
 1778 1778 7539104426077 中润通新能源汽车租赁（北京）有限公
司
 1779 1779 7540104426368 北京冀东鸿物流有限公司
 1780 1780 7547104425771 北京一嗨汽车租赁有限公司
 1781 1781 7553104425525 北京庞大梦飞新能源汽车租赁有限公司
 1782 1782 7554104328797 给力（北京）造价咨询有限公司
 1783 1783 7559104424969 北京恒誉新能源汽车租赁有限公司
 1784 1784 7560104425370 北京绿行通达新能源汽车租赁有限公司
 1785 1785 7562104425486 北京庞大梦飞新能源汽车租赁有限公司
 1786 1786 7577104426192 北京兴顺利通汽车租赁有限公司
 1787 1787 7580104426296 北京冀东广龙物流有限责任公司
 1788 1788 7582104426970 北京银企联国际物流有限公司
 1789 1789 7587104424743 北京恒誉新能源汽车租赁有限公司
 1790 1790 7587104425820 北京瑞驰合众汽车租赁服务股份有限公
司
 1791 1791 7595104426983 北京银企联国际物流有限公司
 1792 1792 7597104346116 北京博胜经纬科技有限公司
 1793 1793 7597104357858 北京蓝色光标公关顾问有限公司
 1794 1794 7617104426972 北京银企联国际物流有限公司
 1795 1795 7618104425362 北京绿行通达新能源汽车租赁有限公司
 1796 1796 7636104426308 北京冀东广龙物流有限责任公司
 1797 1797 7640104367747 北京柏豪建筑装饰工程有限公司
 1798 1798 7641104424459 有车（北京）新能源汽车租赁有限公司
 1799 1799 7654104427008 北京银企联国际物流有限公司
 1800 1800 7664104425397 北京绿行通达新能源汽车租赁有限公司
 1801 1801 7674104424884 北京恒誉新能源汽车租赁有限公司
 1802 1802 7676104425769 北京一嗨汽车租赁有限公司
 1803 1803 7678104425199 北京恒誉新能源汽车租赁有限公司
 1804 1804 7680104425692 北京经开投资开发股份有限公司
 1805 1805 7690104426853 北京瑞征汽车贸易有限公司
 1806 1806 7692104425163 北京恒誉新能源汽车租赁有限公司
 1807 1807 7698104424461 有车（北京）新能源汽车租赁有限公司
 1808 1808 7698104425328 北京绿行通达新能源汽车租赁有限公司
 1809 1809 7701104425844 北京瑞驰合众汽车租赁服务股份有限公
司
 1810 1810 7708104425322 北京绿行通达新能源汽车租赁有限公司
-51 -
 1811 1811 7708104426084 中润通新能源汽车租赁（北京）有限公
司
 1812 1812 7709104346931 深圳市高力特实业有限公司北京照明工
程分公司
 1813 1813 7710104339331 北京祥源伟业商贸有限责任公司
 1814 1814 7712104424589 有车（北京）新能源汽车租赁有限公司
 1815 1815 7716104425110 北京恒誉新能源汽车租赁有限公司
 1816 1816 7722104424708 北京恒誉新能源汽车租赁有限公司
 1817 1817 7727104425291 北京绿行通达新能源汽车租赁有限公司
 1818 1818 7729104425195 北京恒誉新能源汽车租赁有限公司
 1819 1819 7729104425214 北京恒誉新能源汽车租赁有限公司
 1820 1820 7730104425563 北京经开投资开发股份有限公司
 1821 1821 7731104425127 北京恒誉新能源汽车租赁有限公司
 1822 1822 7733104351072 中国城市发展研究会城市艺术专业委员
会
 1823 1823 7733104426526 北京政联合物流有限公司
 1824 1824 7734104425047 北京恒誉新能源汽车租赁有限公司
 1825 1825 7760104425430 北京绿行通达新能源汽车租赁有限公司
 1826 1826 7761104426602 北京市兴顺达客运有限责任公司
 1827 1827 7765104425030 北京恒誉新能源汽车租赁有限公司
 1828 1828 7767104425953 北京诚信达汽车销售有限公司
 1829 1829 7772104426567 北京市兴顺达客运有限责任公司
 1830 1830 7774104426876 北京瑞征汽车贸易有限公司
 1831 1831 7778104425726 北京经开投资开发股份有限公司
 1832 1832 7779104424552 有车（北京）新能源汽车租赁有限公司
 1833 1833 7781104424779 北京恒誉新能源汽车租赁有限公司
 1834 1834 7781104426224 北京冀东广龙物流有限责任公司
 1835 1835 7784104394538 北京市昌平区天通苑新起点幼儿园
 1836 1836 7785104424757 北京恒誉新能源汽车租赁有限公司
 1837 1837 7797104424911 北京恒誉新能源汽车租赁有限公司
 1838 1838 7800104424691 北京恒誉新能源汽车租赁有限公司
 1839 1839 7801104425190 北京恒誉新能源汽车租赁有限公司
 1840 1840 7803104424584 有车（北京）新能源汽车租赁有限公司
 1841 1841 7804104425356 北京绿行通达新能源汽车租赁有限公司
 1842 1842 7823104424816 北京恒誉新能源汽车租赁有限公司
 1843 1843 7830104342328 北京坤达科技有限公司
 1844 1844 7830104425118 北京恒誉新能源汽车租赁有限公司
 1845 1845 7839104426871 北京瑞征汽车贸易有限公司
-52-
 1846 1846 7850104407705 北京金新兴医疗器械厂
 1847 1847 7869104426366 北京冀东鸿物流有限公司
 1848 1848 7871104426330 北京市兴顺达客运有限责任公司
 1849 1849 7876104363038 智胜名远（北京）商贸有限公司
 1850 1850 7878104426289 北京冀东广龙物流有限责任公司
 1851 1851 7881104424587 有车（北京）新能源汽车租赁有限公司
 1852 1852 7888104427006 北京银企联国际物流有限公司
 1853 1853 7896104426400 北京冀东鸿物流有限公司
 1854 1854 7902104425078 北京恒誉新能源汽车租赁有限公司
 1855 1855 7910104424500 有车（北京）新能源汽车租赁有限公司
 1856 1856 7916104426624 北京市兴顺达客运有限责任公司
 1857 1857 7917104426795 北京瑞征汽车贸易有限公司
 1858 1858 7926104424889 北京恒誉新能源汽车租赁有限公司
 1859 1859 7930104425969 北京诚信达汽车销售有限公司
 1860 1860 7933104425136 北京恒誉新能源汽车租赁有限公司
 1861 1861 7933104425682 北京瑞驰合众汽车租赁服务股份有限公
司
 1862 1862 7937104425407 北京绿行通达新能源汽车租赁有限公司
 1863 1863 7945104426658 北京市兴顺达客运有限责任公司
 1864 1864 7951104425683 北京瑞驰合众汽车租赁服务股份有限公
司
 1865 1865 7952104424490 有车（北京）新能源汽车租赁有限公司
 1866 1866 7959104425728 北京经开投资开发股份有限公司
 1867 1867 7960104425415 北京绿行通达新能源汽车租赁有限公司
 1868 1868 7963104424663 北京恒誉新能源汽车租赁有限公司
 1869 1869 7967104426333 北京市兴顺达客运有限责任公司
 1870 1870 7969104424935 北京恒誉新能源汽车租赁有限公司
 1871 1871 7982104426379 北京冀东鸿物流有限公司
 1872 1872 7983104425063 北京恒誉新能源汽车租赁有限公司
 1873 1873 7985104424675 北京恒誉新能源汽车租赁有限公司
 1874 1874 7985104425097 北京恒誉新能源汽车租赁有限公司
 1875 1875 7987104374472 北京市力行律师事务所
 1876 1876 7996104425349 北京绿行通达新能源汽车租赁有限公司
 1877 1877 8000104427000 北京银企联国际物流有限公司
 1878 1878 8008104425560 北京经开投资开发股份有限公司
 1879 1879 8008104426879 北京瑞征汽车贸易有限公司
 1880 1880 8009104426632 北京市兴顺达客运有限责任公司
 1881 1881 8010104427010 北京银企联国际物流有限公司
-53-
 1882 1882 8012104425550 北京庞大梦飞新能源汽车租赁有限公司
 1883 1883 8015104426033 北京富电科技有限公司
 1884 1884 8017104426577 北京市兴顺达客运有限责任公司
 1885 1885 8022104424596 有车（北京）新能源汽车租赁有限公司
 1886 1886 8030104425931 北京富电科技有限公司
 1887 1887 8031104332693 北京宏源南门涮肉城有限责任公司
 1888 1888 8031104425288 北京绿行通达新能源汽车租赁有限公司
 1889 1889 8033104425403 北京绿行通达新能源汽车租赁有限公司
 1890 1890 8037104426676 北京市兴顺达客运有限责任公司
 1891 1891 8038104426408 北京冀东鸿物流有限公司
 1892 1892 8039104425144 北京恒誉新能源汽车租赁有限公司
 1893 1893 8039104425458 北京庞大梦飞新能源汽车租赁有限公司
 1894 1894 8039104425500 北京庞大梦飞新能源汽车租赁有限公司
 1895 1895 8041104424668 北京恒誉新能源汽车租赁有限公司
 1896 1896 8046104424455 有车（北京）新能源汽车租赁有限公司
 1897 1897 8047104425542 北京庞大梦飞新能源汽车租赁有限公司
 1898 1898 8048104426926 北京银企联国际物流有限公司
 1899 1899 8054104425171 北京恒誉新能源汽车租赁有限公司
 1900 1900 8055104425058 北京恒誉新能源汽车租赁有限公司
 1901 1901 8057104312134 北京市东城区至诚残疾人服务中心
 1902 1902 8057104426847 北京瑞征汽车贸易有限公司
 1903 1903 8059104374420 北京现代汽车有限公司
 1904 1904 8060104424809 北京恒誉新能源汽车租赁有限公司
 1905 1905 8060104424955 北京恒誉新能源汽车租赁有限公司
 1906 1906 8065104425158 北京恒誉新能源汽车租赁有限公司
 1907 1907 8067104426276 北京冀东广龙物流有限责任公司
 1908 1908 8071104426633 北京市兴顺达客运有限责任公司
 1909 1909 8074104426749 北京理工绿通新能源汽车租赁有限公司
 1910 1910 8080104426102 中润通新能源汽车租赁（北京）有限公
司
 1911 1911 8090104425037 北京恒誉新能源汽车租赁有限公司
 1912 1912 8095104425517 北京庞大梦飞新能源汽车租赁有限公司
 1913 1913 8095104426087 中润通新能源汽车租赁（北京）有限公
司
 1914 1914 8097104355014 众力物流设备租赁（上海）有限公司北
京分公司
 1915 1915 8098104425508 北京庞大梦飞新能源汽车租赁有限公司
 1916 1916 8100104426789 北京瑞征汽车贸易有限公司
-54-
 1917 1917 8105104424607 有车（北京）新能源汽车租赁有限公司
 1918 1918 8105104426531 北京政联合物流有限公司
 1919 1919 8108104426931 北京银企联国际物流有限公司
 1920 1920 8110104425737 北京一嗨汽车租赁有限公司
 1921 1921 8113104424734 北京恒誉新能源汽车租赁有限公司
 1922 1922 8114104424482 北京恒誉新能源汽车租赁有限公司
 1923 1923 8114104425075 北京恒誉新能源汽车租赁有限公司
 1924 1924 8118104426630 北京市兴顺达客运有限责任公司
 1925 1925 8120104359929 北京叶氏企业集团有限公司
 1926 1926 8122104424897 北京恒誉新能源汽车租赁有限公司
 1927 1927 8124104423605 北京市朝阳区桓兴肿瘤医院
 1928 1928 8125104424602 有车（北京）新能源汽车租赁有限公司
 1929 1929 8132104426080 中润通新能源汽车租赁（北京）有限公
司
 1930 1930 8137104425382 北京绿行通达新能源汽车租赁有限公司
 1931 1931 8142104424741 北京恒誉新能源汽车租赁有限公司
 1932 1932 8148104425424 北京绿行通达新能源汽车租赁有限公司
 1933 1933 8152104424597 有车（北京）新能源汽车租赁有限公司
 1934 1934 8155104426194 北京兴顺利通汽车租赁有限公司
 1935 1935 8157104425279 北京绿行通达新能源汽车租赁有限公司
 1936 1936 8159104426544 北京市兴顺达客运有限责任公司
 1937 1937 8160104423561 中国石化销售有限公司北京石油分公司
 1938 1938 8169104425321 北京绿行通达新能源汽车租赁有限公司
 1939 1939 8178104426014 北京富电科技有限公司
 1940 1940 8178104426444 北京政联合物流有限公司
 1941 1941 8180104425679 北京瑞驰合众汽车租赁服务股份有限公
司
 1942 1942 8181104426291 北京冀东广龙物流有限责任公司
 1943 1943 8184104426502 北京政联合物流有限公司
 1944 1944 8186104381771 北京市金桥庆伟劳务服务中心
 1945 1945 8195104426974 北京银企联国际物流有限公司
 1946 1946 8198104424524 有车（北京）新能源汽车租赁有限公司
 1947 1947 8199104426547 北京市兴顺达客运有限责任公司
 1948 1948 8203104426506 北京政联合物流有限公司
 1949 1949 8208104343512 北京中鑫普华广告传媒有限公司
 1950 1950 8208104426355 北京冀东鸿物流有限公司
 1951 1951 8209104425546 北京庞大梦飞新能源汽车租赁有限公司
 1952 1952 8214104357860 北京蓝色光标公关顾问有限公司
-55-
 1953 1953 8218104341685 北京新华联伟业房地产有限公司
 1954 1954 8223104425293 北京绿行通达新能源汽车租赁有限公司
 1955 1955 8226104347456 北京电力经济技术研究院
 1956 1956 8227104426166 北京兴顺利通汽车租赁有限公司
 1957 1957 8231104425086 北京恒誉新能源汽车租赁有限公司
 1958 1958 8238104426288 北京冀东广龙物流有限责任公司
 1959 1959 8242104425416 北京绿行通达新能源汽车租赁有限公司
 1960 1960 8244104426672 北京市兴顺达客运有限责任公司
 1961 1961 8250104425290 北京绿行通达新能源汽车租赁有限公司
 1962 1962 8253104426250 北京冀东广龙物流有限责任公司
 1963 1963 8254104426988 北京银企联国际物流有限公司
 1964 1964 8255104399662 北京蔚蓝创新科技有限公司
 1965 1965 8259104424881 北京恒誉新能源汽车租赁有限公司
 1966 1966 8259104426076 中润通新能源汽车租赁（北京）有限公
司
 1967 1967 8263104424513 有车（北京）新能源汽车租赁有限公司
 1968 1968 8268104424701 北京恒誉新能源汽车租赁有限公司
 1969 1969 8272104288324 北京市晨光辰电气设备有限责任公司
 1970 1970 8283104426946 北京银企联国际物流有限公司
 1971 1971 8284104394507 北京中油房山燕宾油料销售有限公司
 1972 1972 8286104424613 有车（北京）新能源汽车租赁有限公司
 1973 1973 8291104426220 北京冀东鸿物流有限公司
 1974 1974 8291104426420 北京冀东鸿物流有限公司
 1975 1975 8295104426525 北京政联合物流有限公司
 1976 1976 8295104426883 北京瑞征汽车贸易有限公司
 1977 1977 8309104424630 有车（北京）新能源汽车租赁有限公司
 1978 1978 8312104426495 北京政联合物流有限公司
 1979 1979 8313104425691 北京经开投资开发股份有限公司
 1980 1980 8327104425371 北京绿行通达新能源汽车租赁有限公司
 1981 1981 8329104425842 北京瑞驰合众汽车租赁服务股份有限公
司
 1982 1982 8330104426441 北京政联合物流有限公司
 1983 1983 8358104425115 北京恒誉新能源汽车租赁有限公司
 1984 1984 8363104425902 北京诚信达汽车销售有限公司
 1985 1985 8368104425342 北京绿行通达新能源汽车租赁有限公司
 1986 1986 8373104424824 北京恒誉新能源汽车租赁有限公司
 1987 1987 8385104426648 北京市兴顺达客运有限责任公司
 1988 1988 8387104426498 北京政联合物流有限公司
-56-
 1989 1989 8392104424711 北京恒誉新能源汽车租赁有限公司
 1990 1990 8393104425488 北京庞大梦飞新能源汽车租赁有限公司
 1991 1991 8394104424840 北京恒誉新能源汽车租赁有限公司
 1992 1992 8398104426334 北京市兴顺达客运有限责任公司
 1993 1993 8406104424625 有车（北京）新能源汽车租赁有限公司
 1994 1994 8408104426389 北京冀东鸿物流有限公司
 1995 1995 8415104357853 北京蓝色光标公关顾问有限公司
 1996 1996 8422104424964 北京恒誉新能源汽车租赁有限公司
 1997 1997 8429104424564 有车（北京）新能源汽车租赁有限公司
 1998 1998 8433104354636 北京恒泰创新控制系统有限公司
 1999 1999 8434104424946 北京恒誉新能源汽车租赁有限公司
 2000 2000 8444104425829 北京瑞驰合众汽车租赁服务股份有限公
司
 2001 2001 8455104394480 北京中油房山燕宾油料销售有限公司
 2002 2002 8456104424878 北京恒誉新能源汽车租赁有限公司
 2003 2003 8460104426678 北京市兴顺达客运有限责任公司
 2004 2004 8465104425049 北京恒誉新能源汽车租赁有限公司
 2005 2005 8467104426309 北京冀东广龙物流有限责任公司
 2006 2006 8479104425334 北京绿行通达新能源汽车租赁有限公司
 2007 2007 8485104425951 北京诚信达汽车销售有限公司
 2008 2008 8488104425112 北京恒誉新能源汽车租赁有限公司
 2009 2009 8496104309288 北京唐荣昊华建筑安装工程有限公司
 2010 2010 8497104426023 北京富电科技有限公司
 2011 2011 8502104425836 北京瑞驰合众汽车租赁服务股份有限公
司
 2012 2012 8503104426432 北京冀东鸿物流有限公司
 2013 2013 8506104394481 北京中油房山燕宾油料销售有限公司
 2014 2014 8506104425048 北京恒誉新能源汽车租赁有限公司
 2015 2015 8506104426552 北京市兴顺达客运有限责任公司
 2016 2016 8509104412595 锦绣百成广告（北京）有限公司
 2017 2017 8514104424628 有车（北京）新能源汽车租赁有限公司
 2018 2018 8516104425979 北京诚信达汽车销售有限公司
 2019 2019 8517104369322 北京市三维测控技术有限公司
 2020 2020 8519104425155 北京恒誉新能源汽车租赁有限公司
 2021 2021 8526104391859 北京市惠之锦育农业科技有限公司
 2022 2022 8529104392654 北京明弘科贸有限责任公司
 2023 2023 8532104426790 北京瑞征汽车贸易有限公司
 2024 2024 8536104425284 北京绿行通达新能源汽车租赁有限公司
-57-
 2025 2025 8536104426616 北京市兴顺达客运有限责任公司
 2026 2026 8544104426317 北京冀东广龙物流有限责任公司
 2027 2027 8549104426866 北京瑞征汽车贸易有限公司
 2028 2028 8554104424627 有车（北京）新能源汽车租赁有限公司
 2029 2029 8558104424986 北京恒誉新能源汽车租赁有限公司
 2030 2030 8559104426932 北京银企联国际物流有限公司
 2031 2031 8563104425694 北京经开投资开发股份有限公司
 2032 2032 8568104423141 北京鸿福临酒店有限公司
 2033 2033 8570104288767 北京泰雅伊丽商贸有限公司
 2034 2034 8570104425057 北京恒誉新能源汽车租赁有限公司
 2035 2035 8573104426491 北京政联合物流有限公司
 2036 2036 8581104426178 北京兴顺利通汽车租赁有限公司
 2037 2037 8590104426068 中润通新能源汽车租赁（北京）有限公
司
 2038 2038 8592104425172 北京恒誉新能源汽车租赁有限公司
 2039 2039 8593104426399 北京冀东鸿物流有限公司
 2040 2040 8602104424858 北京恒誉新能源汽车租赁有限公司
 2041 2041 8604104426966 北京银企联国际物流有限公司
 2042 2042 8610104424906 北京恒誉新能源汽车租赁有限公司
 2043 2043 8620104426870 北京瑞征汽车贸易有限公司
 2044 2044 8623104425714 北京经开投资开发股份有限公司
 2045 2045 8623104426072 中润通新能源汽车租赁（北京）有限公
司
 2046 2046 8626104376313 北京市慈善基金会
 2047 2047 8626104424649 有车（北京）新能源汽车租赁有限公司
 2048 2048 8630104425968 北京诚信达汽车销售有限公司
 2049 2049 8638104309667 中国市场杂志社
 2050 2050 8638104425125 北京恒誉新能源汽车租赁有限公司
 2051 2051 8647104342804 北京紫檀文化基金会
 2052 2052 8647104424454 有车（北京）新能源汽车租赁有限公司
 2053 2053 8648104425493 北京庞大梦飞新能源汽车租赁有限公司
 2054 2054 8652104424576 有车（北京）新能源汽车租赁有限公司
 2055 2055 8653104398846 北京科迪通信息技术有限公司
 2056 2056 8653104425689 北京经开投资开发股份有限公司
 2057 2057 8657104426515 北京政联合物流有限公司
 2058 2058 8665104394479 北京中油房山燕宾油料销售有限公司
 2059 2059 8666104401540 北京金莱德制衣厂
 2060 2060 8668104425393 北京绿行通达新能源汽车租赁有限公司
-58-
 2061 2061 8669104426449 北京政联合物流有限公司
 2062 2062 8670104426274 北京冀东广龙物流有限责任公司
 2063 2063 8675104424727 北京恒誉新能源汽车租赁有限公司
 2064 2064 8676104425957 北京诚信达汽车销售有限公司
 2065 2065 8680104424818 北京恒誉新能源汽车租赁有限公司
 2066 2066 8680104426381 北京冀东鸿物流有限公司
 2067 2067 8680104426618 北京市兴顺达客运有限责任公司
 2068 2068 8682104424686 北京恒誉新能源汽车租赁有限公司
 2069 2069 8685104426239 北京冀东广龙物流有限责任公司
 2070 2070 8686104361000 河北京能中电电力工程有限公司北京分
公司
 2071 2071 8689104424933 北京恒誉新能源汽车租赁有限公司
 2072 2072 8692104425265 北京绿行通达新能源汽车租赁有限公司
 2073 2073 8696104424959 北京恒誉新能源汽车租赁有限公司
 2074 2074 8697104425426 北京绿行通达新能源汽车租赁有限公司
 2075 2075 8702104313922 北京金城智业科技发展有限公司
 2076 2076 8703104424456 有车（北京）新能源汽车租赁有限公司
 2077 2077 8707104424738 北京恒誉新能源汽车租赁有限公司
 2078 2078 8712104363229 同方知网数字出版技术股份有限公司
 2079 2079 8712104426643 北京市兴顺达客运有限责任公司
 2080 2080 8715104426189 北京兴顺利通汽车租赁有限公司
 2081 2081 8717104426627 北京市兴顺达客运有限责任公司
 2082 2082 8724104424536 有车（北京）新能源汽车租赁有限公司
 2083 2083 8727104426086 中润通新能源汽车租赁（北京）有限公
司
 2084 2084 8745104426412 北京冀东鸿物流有限公司
 2085 2085 8753104424745 北京恒誉新能源汽车租赁有限公司
 2086 2086 8754104424945 北京恒誉新能源汽车租赁有限公司
 2087 2087 8758104349775 北京诺思兰德生物技术股份有限公司
 2088 2088 8763104426877 北京瑞征汽车贸易有限公司
 2089 2089 8767104387218 北京宽捷网通信技术有限公司
 2090 2090 8770104425041 北京恒誉新能源汽车租赁有限公司
 2091 2091 8774104376297 首都公益慈善联合会
 2092 2092 8777104426530 北京政联合物流有限公司
 2093 2093 8790104425122 北京恒誉新能源汽车租赁有限公司
 2094 2094 8793104425378 北京绿行通达新能源汽车租赁有限公司
 2095 2095 8804104426270 北京冀东广龙物流有限责任公司
 2096 2096 8810104426865 北京瑞征汽车贸易有限公司
-59-
 2097 2097 8816104424914 北京恒誉新能源汽车租赁有限公司
 2098 2098 8818104425385 北京绿行通达新能源汽车租赁有限公司
 2099 2099 8819104424690 北京恒誉新能源汽车租赁有限公司
 2100 2100 8821104426079 中润通新能源汽车租赁（北京）有限公
司
 2101 2101 8830104426981 北京银企联国际物流有限公司
 2102 2102 8831104424601 有车（北京）新能源汽车租赁有限公司
 2103 2103 8836104424562 有车（北京）新能源汽车租赁有限公司
 2104 2104 8838104426257 北京冀东广龙物流有限责任公司
 2105 2105 8843104425405 北京绿行通达新能源汽车租赁有限公司
 2106 2106 8846104426964 北京银企联国际物流有限公司
 2107 2107 8850104424937 北京恒誉新能源汽车租赁有限公司
 2108 2108 8850104427022 北京思络公关顾问有限公司
 2109 2109 8851104426873 北京瑞征汽车贸易有限公司
 2110 2110 8851104426891 北京瑞征汽车贸易有限公司
 2111 2111 8854104337279 百伯人才（北京）人力资源顾问有限公
司
 2112 2112 8855104424616 有车（北京）新能源汽车租赁有限公司
 2113 2113 8855104425181 北京恒誉新能源汽车租赁有限公司
 2114 2114 8858104425202 北京恒誉新能源汽车租赁有限公司
 2115 2115 8858104426096 中润通新能源汽车租赁（北京）有限公
司
 2116 2116 8864104398701 北京国润经纬投资有限公司
 2117 2117 8864104425822 北京瑞驰合众汽车租赁服务股份有限公
司
 2118 2118 8872104424752 北京恒誉新能源汽车租赁有限公司
 2119 2119 8874104425817 北京瑞驰合众汽车租赁服务股份有限公
司
 2120 2120 8874104426501 北京政联合物流有限公司
 2121 2121 8875104424742 北京恒誉新能源汽车租赁有限公司
 2122 2122 8876104424619 有车（北京）新能源汽车租赁有限公司
 2123 2123 8876104425841 北京瑞驰合众汽车租赁服务股份有限公
司
 2124 2124 8881104336468 北京市成人按摩职业技能培训学校
 2125 2125 8887104424770 北京恒誉新能源汽车租赁有限公司
 2126 2126 8887104425547 北京庞大梦飞新能源汽车租赁有限公司
 2127 2127 8898104425034 北京恒誉新能源汽车租赁有限公司
 2128 2128 8903104426971 北京银企联国际物流有限公司
-60-
 2129 2129 8907104426245 北京冀东广龙物流有限责任公司
 2130 2130 8908104368447 关键科技（北京）有限公司
 2131 2131 8913104424875 北京恒誉新能源汽车租赁有限公司
 2132 2132 8914104426429 北京冀东鸿物流有限公司
 2133 2133 8916104425044 北京恒誉新能源汽车租赁有限公司
 2134 2134 8916104425949 北京诚信达汽车销售有限公司
 2135 2135 8919104425186 北京恒誉新能源汽车租赁有限公司
 2136 2136 8928104426764 北京理工绿通新能源汽车租赁有限公司
 2137 2137 8932104426904 北京瑞征汽车贸易有限公司
 2138 2138 8936104425059 北京恒誉新能源汽车租赁有限公司
 2139 2139 8939104395359 风尚服装（北京）有限公司
 2140 2140 8942104426746 北京理工绿通新能源汽车租赁有限公司
 2141 2141 8947104425428 北京绿行通达新能源汽车租赁有限公司
 2142 2142 8948104425495 北京庞大梦飞新能源汽车租赁有限公司
 2143 2143 8951104425811 北京瑞驰合众汽车租赁服务股份有限公
司
 2144 2144 8957104425303 北京绿行通达新能源汽车租赁有限公司
 2145 2145 8958104424543 有车（北京）新能源汽车租赁有限公司
 2146 2146 8960104360999 河北京能中电电力工程有限公司北京分
公司
 2147 2147 8961104353231 兆恒达（北京）国际贸易有限公司
 2148 2148 8965104426036 北京富电科技有限公司
 2149 2149 8976104426365 北京冀东鸿物流有限公司
 2150 2150 8977104424580 有车（北京）新能源汽车租赁有限公司
 2151 2151 8980104424492 有车（北京）新能源汽车租赁有限公司
 2152 2152 8983104425410 北京绿行通达新能源汽车租赁有限公司
 2153 2153 8983104426034 北京富电科技有限公司
 2154 2154 8984104385354 北京华泰昌汽车贸易有限公司
 2155 2155 8994104425978 北京诚信达汽车销售有限公司
 2156 2156 8995104426505 北京政联合物流有限公司
 2157 2157 9007104424588 有车（北京）新能源汽车租赁有限公司
 2158 2158 9010104425826 北京瑞驰合众汽车租赁服务股份有限公
司
 2159 2159 9013104426203 北京兴顺利通汽车租赁有限公司
 2160 2160 9018104424872 北京恒誉新能源汽车租赁有限公司
 2161 2161 9020104424876 北京恒誉新能源汽车租赁有限公司
 2162 2162 9020104425259 北京绿行通达新能源汽车租赁有限公司
 2163 2163 9021104425711 北京经开投资开发股份有限公司
-61 -
 2164 2164 9025104424939 北京恒誉新能源汽车租赁有限公司
 2165 2165 9027104415985 德才装饰股份有限公司北京分公司
 2166 2166 9037104425527 北京庞大梦飞新能源汽车租赁有限公司
 2167 2167 9045104426378 北京冀东鸿物流有限公司
 2168 2168 9047104425304 北京绿行通达新能源汽车租赁有限公司
 2169 2169 9050104426600 北京市兴顺达客运有限责任公司
 2170 2170 9054104426345 北京冀东鸿物流有限公司
 2171 2171 9058104426011 北京富电科技有限公司
 2172 2172 9059104426419 北京冀东鸿物流有限公司
 2173 2173 9061104374423 北京现代汽车有限公司
 2174 2174 9063104424814 北京恒誉新能源汽车租赁有限公司
 2175 2175 9066104309594 优科新能源科技有限公司
 2176 2176 9068104426548 北京市兴顺达客运有限责任公司
 2177 2177 9091104426165 北京兴顺利通汽车租赁有限公司
 2178 2178 9103104424635 有车（北京）新能源汽车租赁有限公司
 2179 2179 9104104426031 北京富电科技有限公司
 2180 2180 9104104426754 北京理工绿通新能源汽车租赁有限公司
 2181 2181 9110104426329 北京市兴顺达客运有限责任公司
 2182 2182 9116104426841 北京瑞征汽车贸易有限公司
 2183 2183 9117104426473 北京政联合物流有限公司
 2184 2184 9119104425394 北京绿行通达新能源汽车租赁有限公司
 2185 2185 9120104426421 北京冀东鸿物流有限公司
 2186 2186 9122104425367 北京绿行通达新能源汽车租赁有限公司
 2187 2187 9124104426659 北京市兴顺达客运有限责任公司
 2188 2188 9125104424705 北京恒誉新能源汽车租赁有限公司
 2189 2189 9127104424754 北京恒誉新能源汽车租赁有限公司
 2190 2190 9132104353310 北京奥尔环境艺术有限公司
 2191 2191 9135104425735 北京一嗨汽车租赁有限公司
 2192 2192 9145104426637 北京市兴顺达客运有限责任公司
 2193 2193 9147104424561 有车（北京）新能源汽车租赁有限公司
 2194 2194 9150104425808 北京瑞驰合众汽车租赁服务股份有限公
司
 2195 2195 9151104426112 中润通新能源汽车租赁（北京）有限公
司
 2196 2196 9161104426111 中润通新能源汽车租赁（北京）有限公
司
 2197 2197 9164104426181 北京兴顺利通汽车租赁有限公司
 2198 2198 9167104426576 北京市兴顺达客运有限责任公司
-62-
 2199 2199 9167104426900 北京瑞征汽车贸易有限公司
 2200 2200 9168104426446 北京政联合物流有限公司
 2201 2201 9171104426338 北京市兴顺达客运有限责任公司
 2202 2202 9179104347212 中国疏浚协会
 2203 2203 9179104425364 北京绿行通达新能源汽车租赁有限公司
 2204 2204 9185104426187 北京兴顺利通汽车租赁有限公司
 2205 2205 9185104426349 北京冀东鸿物流有限公司
 2206 2206 9197104425298 北京绿行通达新能源汽车租赁有限公司
 2207 2207 9207104425167 北京恒誉新能源汽车租赁有限公司
 2208 2208 9221104426475 北京政联合物流有限公司
 2209 2209 9221104426845 北京瑞征汽车贸易有限公司
 2210 2210 9223104425779 北京一嗨汽车租赁有限公司
 2211 2211 9224104426943 北京银企联国际物流有限公司
 2212 2212 9233104402222 北京中科启元教育科技投资有限公司
 2213 2213 9234104426786 北京瑞征汽车贸易有限公司
 2214 2214 9244104426838 北京瑞征汽车贸易有限公司
 2215 2215 9246104341312 北京华视伟创网络科技有限公司
 2216 2216 9247104426467 北京政联合物流有限公司
 2217 2217 9255104426179 北京兴顺利通汽车租赁有限公司
 2218 2218 9259104426788 北京瑞征汽车贸易有限公司
 2219 2219 9262104339690 北京奥信建筑工程设备安装有限公司
 2220 2220 9264104426088 中润通新能源汽车租赁（北京）有限公
司
 2221 2221 9272104425838 北京瑞驰合众汽车租赁服务股份有限公
司
 2222 2222 9276104424864 北京恒誉新能源汽车租赁有限公司
 2223 2223 9288104425081 北京恒誉新能源汽车租赁有限公司
 2224 2224 9294104426409 北京冀东鸿物流有限公司
 2225 2225 9314104425287 北京绿行通达新能源汽车租赁有限公司
 2226 2226 9316104346910 北京平月茶业企业管理有限公司
 2227 2227 9318104357856 北京蓝色光标公关顾问有限公司
 2228 2228 9321104425036 北京恒誉新能源汽车租赁有限公司
 2229 2229 9322104426537 北京政联合物流有限公司
 2230 2230 9330104344315 北京乐成一通市政工程有限公司
 2231 2231 9339104425804 北京瑞驰合众汽车租赁服务股份有限公
司
 2232 2232 9345104425164 北京恒誉新能源汽车租赁有限公司
 2233 2233 9348104424673 北京恒誉新能源汽车租赁有限公司
-63-
 2234 2234 9350104425215 北京恒誉新能源汽车租赁有限公司
 2235 2235 9356104425425 北京绿行通达新能源汽车租赁有限公司
 2236 2236 9366104426967 北京银企联国际物流有限公司
 2237 2237 9371104424866 北京恒誉新能源汽车租赁有限公司
 2238 2238 9387104424684 北京恒誉新能源汽车租赁有限公司
 2239 2239 9388104426555 北京市兴顺达客运有限责任公司
 2240 2240 9400104426489 北京政联合物流有限公司
 2241 2241 9402104425070 北京恒誉新能源汽车租赁有限公司
 2242 2242 9402104426657 北京市兴顺达客运有限责任公司
 2243 2243 9402104426846 北京瑞征汽车贸易有限公司
 2244 2244 9404104425089 北京恒誉新能源汽车租赁有限公司
 2245 2245 9407104426578 北京市兴顺达客运有限责任公司
 2246 2246 9409104426226 北京冀东广龙物流有限责任公司
 2247 2247 9410104385111 北京航天申宝餐饮管理有限公司
 2248 2248 9417104426451 北京政联合物流有限公司
 2249 2249 9418104426917 北京银企联国际物流有限公司
 2250 2250 9431104425736 北京一嗨汽车租赁有限公司
 2251 2251 9433104424947 北京恒誉新能源汽车租赁有限公司
 2252 2252 9433104426492 北京政联合物流有限公司
 2253 2253 9452104339418 北京海卓利通液压设备有限责任公司
 2254 2254 9453104426265 北京冀东广龙物流有限责任公司
 2255 2255 9455104424796 北京恒誉新能源汽车租赁有限公司
 2256 2256 9459104425489 北京庞大梦飞新能源汽车租赁有限公司
 2257 2257 9478104424989 北京恒誉新能源汽车租赁有限公司
 2258 2258 9490104424920 北京恒誉新能源汽车租赁有限公司
 2259 2259 9513104424449 有车（北京）新能源汽车租赁有限公司
 2260 2260 9515104426377 北京冀东鸿物流有限公司
 2261 2261 9517104426978 北京银企联国际物流有限公司
 2262 2262 9521104424555 有车（北京）新能源汽车租赁有限公司
 2263 2263 9525104426101 中润通新能源汽车租赁（北京）有限公
司
 2264 2264 9543104426163 北京冀东广龙物流有限责任公司
 2265 2265 9546104376130 北京市朝阳区易茗造型职业技能培训学
校
 2266 2266 9548104424801 北京恒誉新能源汽车租赁有限公司
 2267 2267 9551104426564 北京市兴顺达客运有限责任公司
 2268 2268 9558104355586 北京雪润广告有限公司
 2269 2269 9560104425698 北京经开投资开发股份有限公司
-64-
 2270 2270 9563104426528 北京政联合物流有限公司
 2271 2271 9568104425095 北京恒誉新能源汽车租赁有限公司
 2272 2272 9568104426235 北京冀东广龙物流有限责任公司
 2273 2273 9569104424697 北京恒誉新能源汽车租赁有限公司
 2274 2274 9572104424509 有车（北京）新能源汽车租赁有限公司
 2275 2275 9575104425327 北京绿行通达新能源汽车租赁有限公司
 2276 2276 9578104417103 北京泰格瑞祥科技有限公司
 2277 2277 9588104425536 北京庞大梦飞新能源汽车租赁有限公司
 2278 2278 9591104424880 北京恒誉新能源汽车租赁有限公司
 2279 2279 9593104424811 北京恒誉新能源汽车租赁有限公司
 2280 2280 9599104426267 北京冀东广龙物流有限责任公司
 2281 2281 9600104424620 有车（北京）新能源汽车租赁有限公司
 2282 2282 9601104424759 北京恒誉新能源汽车租赁有限公司
 2283 2283 9602104426398 北京冀东鸿物流有限公司
 2284 2284 9606104424827 北京恒誉新能源汽车租赁有限公司
 2285 2285 9612104425708 北京经开投资开发股份有限公司
 2286 2286 9619104426961 北京银企联国际物流有限公司
 2287 2287 9624104424669 北京恒誉新能源汽车租赁有限公司
 2288 2288 9627104394504 北京中油房山燕宾油料销售有限公司
 2289 2289 9628104425490 北京庞大梦飞新能源汽车租赁有限公司
 2290 2290 9628104425984 北京诚信达汽车销售有限公司
 2291 2291 9634104425688 北京经开投资开发股份有限公司
 2292 2292 9644104426890 北京瑞征汽车贸易有限公司
 2293 2293 9647104425024 北京恒誉新能源汽车租赁有限公司
 2294 2294 9648104426241 北京冀东广龙物流有限责任公司
 2295 2295 9650104426268 北京冀东广龙物流有限责任公司
 2296 2296 9654104426392 北京冀东鸿物流有限公司
 2297 2297 9660104424984 北京恒誉新能源汽车租赁有限公司
 2298 2298 9660104425010 北京恒誉新能源汽车租赁有限公司
 2299 2299 9661104341876 北京成业恒信印刷有限公司
 2300 2300 9662104425383 北京绿行通达新能源汽车租赁有限公司
 2301 2301 9663104383784 北京金地嘉业房地产经纪有限公司
 2302 2302 9663104424582 有车（北京）新能源汽车租赁有限公司
 2303 2303 9663104425823 北京瑞驰合众汽车租赁服务股份有限公
司
 2304 2304 9667104425311 北京绿行通达新能源汽车租赁有限公司
 2305 2305 9671104412097 北京中电弘科科技发展有限公司
 2306 2306 9676104424579 有车（北京）新能源汽车租赁有限公司
-65-
 2307 2307 9677104426263 北京冀东广龙物流有限责任公司
 2308 2308 9684104426459 北京政联合物流有限公司
 2309 2309 9686104425021 北京恒誉新能源汽车租赁有限公司
 2310 2310 9686104426511 北京政联合物流有限公司
 2311 2311 9689104401045 北京东方永达汽车销售有限公司
 2312 2312 9691104425402 北京绿行通达新能源汽车租赁有限公司
 2313 2313 9692104424581 有车（北京）新能源汽车租赁有限公司
 2314 2314 9693104426669 北京市兴顺达客运有限责任公司
 2315 2315 9703104425903 北京诚信达汽车销售有限公司
 2316 2316 9706104426869 北京瑞征汽车贸易有限公司
 2317 2317 9707104425266 北京绿行通达新能源汽车租赁有限公司
 2318 2318 9714104424496 有车（北京）新能源汽车租赁有限公司
 2319 2319 9714104426826 北京瑞征汽车贸易有限公司
 2320 2320 9717104424987 北京恒誉新能源汽车租赁有限公司
 2321 2321 9721104425337 北京绿行通达新能源汽车租赁有限公司
 2322 2322 9730104425770 北京一嗨汽车租赁有限公司
 2323 2323 9737104332943 北京博昭伟业文化传媒有限公司
 2324 2324 9738104426197 北京兴顺利通汽车租赁有限公司
 2325 2325 9742104426123 北京兴顺利通汽车租赁有限公司
 2326 2326 9754104425116 北京恒誉新能源汽车租赁有限公司
 2327 2327 9754104426494 北京政联合物流有限公司
 2328 2328 9755104424709 北京恒誉新能源汽车租赁有限公司
 2329 2329 9767104426962 北京银企联国际物流有限公司
 2330 2330 9773104424758 北京恒誉新能源汽车租赁有限公司
 2331 2331 9773104425386 北京绿行通达新能源汽车租赁有限公司
 2332 2332 9774104424599 有车（北京）新能源汽车租赁有限公司
 2333 2333 9777104424483 北京恒誉新能源汽车租赁有限公司
 2334 2334 9777104426842 北京瑞征汽车贸易有限公司
 2335 2335 9794104424776 北京恒誉新能源汽车租赁有限公司
 2336 2336 9804104426529 北京政联合物流有限公司
 2337 2337 9807104424573 有车（北京）新能源汽车租赁有限公司
 2338 2338 9813104426193 北京兴顺利通汽车租赁有限公司
 2339 2339 9818104426386 北京冀东鸿物流有限公司
 2340 2340 9821104426114 中润通新能源汽车租赁（北京）有限公
司
 2341 2341 9825104426035 北京富电科技有限公司
 2342 2342 9829104426016 北京富电科技有限公司
 2343 2343 9832104426443 北京政联合物流有限公司
-66-
 2344 2344 9837104425138 北京恒誉新能源汽车租赁有限公司
 2345 2345 9840104425828 北京瑞驰合众汽车租赁服务股份有限公
司
 2346 2346 9846104338713 华扬联众数字技术股份有限公司
 2347 2347 9852104426361 北京冀东鸿物流有限公司
 2348 2348 9853104425806 北京瑞驰合众汽车租赁服务股份有限公
司
 2349 2349 9854104416646 北京华风宾馆
 2350 2350 9855104424687 北京恒誉新能源汽车租赁有限公司
 2351 2351 9857104426549 北京市兴顺达客运有限责任公司
 2352 2352 9859104425006 北京恒誉新能源汽车租赁有限公司
 2353 2353 9872104426551 北京市兴顺达客运有限责任公司
 2354 2354 9880104426312 北京冀东广龙物流有限责任公司
 2355 2355 9884104426273 北京冀东广龙物流有限责任公司
 2356 2356 9887104424586 有车（北京）新能源汽车租赁有限公司
 2357 2357 9890104424592 有车（北京）新能源汽车租赁有限公司
 2358 2358 9907104426650 北京市兴顺达客运有限责任公司
 2359 2359 9911104424622 有车（北京）新能源汽车租赁有限公司
 2360 2360 9913104348901 北京至普律师事务所
 2361 2361 9916104426587 北京市兴顺达客运有限责任公司
 2362 2362 9921104426030 北京富电科技有限公司
 2363 2363 9925104424834 北京恒誉新能源汽车租赁有限公司
 2364 2364 9928104425189 北京恒誉新能源汽车租赁有限公司
 2365 2365 9936104426364 北京冀东鸿物流有限公司
 2366 2366 9945104425258 北京绿行通达新能源汽车租赁有限公司
 2367 2367 9946104426914 北京银企联国际物流有限公司
 2368 2368 9954104426406 北京冀东鸿物流有限公司
 2369 2369 9966104425721 北京经开投资开发股份有限公司
 2370 2370 9966104425832 北京瑞驰合众汽车租赁服务股份有限公
司
 2371 2371 9969104425043 北京恒誉新能源汽车租赁有限公司
 2372 2372 9969104425772 北京一嗨汽车租赁有限公司
 2373 2373 9972104424970 北京恒誉新能源汽车租赁有限公司
 2374 2374 9975104425355 北京绿行通达新能源汽车租赁有限公司
 2375 2375 9978104424710 北京恒誉新能源汽车租赁有限公司
 2376 2376 9983104425135 北京恒誉新能源汽车租赁有限公司
 2377 2377 9988104425948 北京诚信达汽车销售有限公司
 2378 2378 9989104426173 北京兴顺利通汽车租赁有限公司
-67-
 2379 2379 9991104425008 北京恒誉新能源汽车租赁有限公司
 2380 2380 9991104426103 中润通新能源汽车租赁（北京）有限公
司
 2381 2381 9992104424747 北京恒誉新能源汽车租赁有限公司
