1 6552 7513102684391
2 2553 2832102683593
3 3696 4149101501995
4 677 0755104028160
5 6535 7496104842127
6 2849 3177103124833
7 6838 7839104632272
8 2346 2616104552477
9 5195 5972104470748
10 1485 1662104311880
11 2956 3318102955040
12 120 0112104954466
13 7630 8754103934126
14 5601 6428104743137
15 1641 1830104652907
16 5251 6042104747903
17 1161 1278100521563
18 1055 1152102141888
19 3830 4308101698676
20 5487 6302103248915
21 3700 4151104058226
-2-
22 1845 2077103387980
23 3327 3737100512028
24 5148 5909100299401
25 559 0617101547992
26 6784 7786103147024
27 4376 4968104417921
28 3375 3783103393897
29 4571 5192102133518
30 4124 4678101567039
31 6356 7281101401758
32 7388 8459100524355
33 7573 8676101634958
34 3603 4040102778202
35 3919 4434104340955
36 3292 3694100927338
37 3492 3917103959190
38 5041 5772101968720
39 6752 7747101036829
40 3929 4454101211694
41 4851 5550100787872
42 7312 8371104130658
43 4713 5378100533466
44 3080 3459103937435
45 3486 3911104137364
46 8683 9942100754029
47 5738 6606103354920
48 6628 7602103574320
49 4932 5648104880430
50 4089 4641103390912
51 3089 3468103552492
52 5163 5925103294319
53 2978 3343105002380
54 4707 5368100555796
55 7962 9120104999662
56 7284 8334104056211
57 119 0112104059957
58 8487 9727103570552
59 7210 8253103266719
-3-
60 3463 3880104264697
61 6512 7470102108309
62 1071 1177104767073
63 3866 4366104990762
64 4304 4884100366122
65 1283 1424101267619
66 4028 4575102262337
67 1683 1889101709944
68 7085 8117104033179
69 1759 1961100763725
70 4857 5566104834763
71 3040 3413103265701
72 8638 9899104257225
73 636 0700103244387
74 5124 5877100109831
75 5869 6734101364227
76 247 0260100369536
77 1663 1857102361611
78 613 0679102604712
79 1047 1140102057241
80 6484 7437103336865
81 7179 8222102501761
82 482 0527104013931
83 1036 1130101480139
84 5680 6533103306928
85 2537 2804104408616
86 2411 2677103915635
87 625 0687104998018
88 7948 9106102788759
89 4066 4610102523479
90 4945 5666102669935
91 4923 5642101307020
92 7001 8011104461309
93 5456 6266104997981
94 1388 1542102468851
95 800 0879103823228
96 3643 4087103229065
97 7951 9107103446392
-4-
98 7918 9077102788161
99 7400 8474104232934
100 1711 1915103861857
101 4946 5667103304821
102 6583 7557101808571
103 2331 2600104243291
104 6968 7973102471437
105 6373 7305101864715
106 4950 5670104662000
107 4528 5145104764908
108 6590 7560102478838
109 7575 8678104964637
110 7716 8839104289869
111 5622 6463104984250
112 8242 9438104348265
113 7441 8525100959666
114 726 0798103420620
115 5021 5749103454261
116 6030 6904104290577
117 35 0033104423517
118 6923 7922101029297
119 1768 1977101008293
120 7609 8715102250763
121 3403 3819102196270
122 2471 2743102209581
123 3020 3395102631465
124 5551 6375102970543
125 8671 9932104977322
126 4776 5451101484778
127 3183 3566102006187
128 7985 9138104157104
129 4325 4905103550840
130 2227 2493100219545
131 1032 1128100531725
132 2481 2755101788661
133 1949 2183101157829
134 8072 9233103265789
135 1539 1721103377387
-5-
136 596 0656104991816
137 6888 7888100542294
138 2804 3114104947600
139 8043 9198102908266
140 6324 7246103030785
141 6619 7591104800698
142 2771 3073104577760
143 374 0397101521593
144 5086 5818100949985
145 8059 9220104798172
146 5417 6229102508699
147 8296 9505102415343
148 4730 5387102698444
149 5103 5838102143822
150 3507 3925102383622
151 3608 4047100041706
152 1029 1123102779619
153 6151 7034104980693
154 8528 9778104471146
155 7045 8067104017713
156 2475 2748103515988
157 3564 4001101699376
158 5516 6336101729781
159 7034 8050104767740
160 1598 1789103293144
161 1767 1975104310328
162 5280 6070104555946
163 2266 2551104774946
164 5349 6147104641540
165 6685 7666104800088
166 3142 3525104901969
167 6294 7207103642720
168 8106 9271101665079
169 7923 9083103037392
170 4425 5032101517173
171 7879 9031103079962
172 5968 6833103195342
173 7616 8731103098989
-6-
174 4181 4742103659863
175 990 1067103368408
176 632 0696104272817
177 2097 2345102680875
178 6670 7650103626271
179 6228 7121104298680
180 3255 3650103968269
181 5216 6000102998382
182 7189 8227103819765
183 2882 3216100843638
184 819 0894104661498
185 7355 8409104368291
186 3 0003103341100
187 5066 5800103401469
188 2158 2409104318982
189 1028 1119103529966
190 7800 8939103881147
191 5769 6637101559387
192 1372 1518104802327
193 4507 5126100006651
194 6446 7387100730946
195 4557 5175104463639
196 1340 1487101547507
197 505 0553103703981
198 3762 4222100910144
199 7138 8177103568687
200 4918 5637105007361
201 7859 9005104561357
202 191 0194104807929
203 5543 6367103032679
204 679 0761102722261
205 4364 4957103258309
206 6376 7307103634203
207 2150 2402101132950
208 1970 2198104340665
209 7538 8644103034069
210 6413 7351102526289
211 379 0407101175867
-7-
212 5631 6475104341190
213 8024 9177104136676
214 3780 4242100129460
215 5118 5869101114399
216 3314 3727104303562
217 2398 2661105015727
218 1448 1624100025862
219 6730 7722104916653
220 6682 7661103840645
221 6812 7811102468861
222 4136 4689102627992
223 7078 8106100497504
224 124 0118101620554
225 7393 8463103586348
226 6507 7463102820704
227 1462 1635104240357
228 1170 1283100725921
229 8360 9571103634626
230 8386 9602104833078
231 127 0120103059784
232 7072 8101102790701
233 8268 9477103160760
234 1311 1454104991525
235 4132 4686102103758
236 5025 5758102639295
237 1647 1838102145243
238 2204 2471104966205
239 5191 5966104183658
240 979 1059101107731
241 3097 3475103165843
242 3356 3771102197388
243 3351 3767103357942
244 7422 8506104916637
245 138 0130100223905
246 2085 2333100525942
247 728 0799104822120
248 1328 1475102003698
249 1243 1368104456637
-8-
250 7678 8803100219432
251 7794 8927104230161
252 457 0494104381542
253 6842 7844103519616
254 3723 4186100486047
255 1850 2082102089930
256 5420 6231104064313
257 2022 2261100924256
258 6594 7563101068193
259 4915 5637101412198
260 980 1060104801652
261 7889 9049101470219
262 6286 7195103215958
263 2044 2289101685624
264 6099 6976101030881
265 6714 7701101958011
266 8384 9600104798429
267 94 0090101221535
268 1668 1862104166073
269 195 0196104451695
270 4994 5718104557149
271 5751 6618101143669
272 92 0089104457004
273 3716 4182100029016
274 781 0853100183361
275 3727 4189101686323
276 1439 1614104822385
277 7255 8303105011327
278 4423 5031100637169
279 735 0803103696661
280 8578 9821104959536
281 7118 8156104405333
282 708 0786104883339
283 1070 1176103554056
284 1303 1449103028880
285 7811 8956104435147
286 3206 3594103091077
287 409 0447103578005
-9-
288 3176 3558103170821
289 4963 5684102416616
290 182 0182101519786
291 7333 8388101844141
292 4801 5480102640469
293 5610 6440103212035
294 751 0827104183331
295 4204 4771104980694
296 5802 6668103367243
297 5379 6196104125342
298 2776 3086103532802
299 4108 4656102726579
300 1080 1185101740447
301 1235 1361104178584
302 8312 9520100563346
303 7484 8578101443923
304 2801 3108104080861
305 18 0015103864005
306 365 0385104884191
307 3127 3509103274262
308 2943 3301104205132
309 6859 7864104544019
310 3981 4518103451222
311 3503 3923104577515
312 2172 2429101975008
313 1138 1255102472603
314 3965 4494103583694
315 7181 8223102091140
316 5217 6000104922027
317 741 0814102955551
318 7024 8038104701421
319 3508 3926101918400
320 7975 9134104936432
321 5655 6508102232705
322 5441 6255104051396
323 14 0013100728896
324 6397 7333105014415
325 951 1030101360703
-10-
326 3218 3607104931462
327 2966 3331104257200
328 5314 6106103301636
329 6662 7643104307387
330 4797 5477102525265
331 4480 5081102625332
332 315 0330103575969
333 8391 9606102874257
334 7344 8398100022154
335 7543 8651105006309
336 1961 2192102690618
337 7005 8017102253263
338 1286 1428104151208
339 7446 8530101954754
340 79 0081101056083
341 6203 7092103378032
342 5054 5790104650541
343 982 1062104429041
344 5415 6226102170535
345 5161 5924102616831
346 620 0686100292535
347 4472 5076104145668
348 5522 6342101211315
349 5759 6628102992691
350 586 0649101203701
351 4638 5280102301232
352 4488 5103102381193
353 600 0661101288468
354 1842 2070102685807
355 4317 4899101937984
356 2871 3207103215828
357 7471 8563103267344
358 5140 5899104721755
359 7804 8943101690561
360 5884 6748104519180
361 162 0160104774845
362 6365 7293100338278
363 197 0198100439848
-11-
364 7921 9082105009586
365 7760 8891100248767
366 1857 2088103814907
367 4526 5141101322480
368 2531 2799105031147
369 5159 5923100843705
370 5220 6002102735168
371 6948 7952104357555
372 8192 9374104266850
373 8314 9521102967258
374 3430 3849104947018
375 1772 1984101428109
376 601 0661103513268
377 4460 5060104979171
378 3335 3744103101106
379 1237 1361104985547
380 332 0355102813776
381 7482 8575103911158
382 6180 7063103029257
383 8291 9497103158229
384 6077 6955103941516
385 159 0159101407117
386 8729 9994104285795
387 8452 9680102346764
388 6550 7511100639469
389 3027 3399102653043
390 4672 5322100380673
391 3227 3620103208897
392 1866 2104102670991
393 2218 2483104363881
394 1563 1756100872121
395 8654 9915102484788
396 8575 9817104752780
397 1797 2015104259728
398 6392 7328104465254
399 3304 3709103557486
400 4830 5519100854554
401 1942 2177101869769
-12-
402 363 0384104765267
403 539 0592104027100
404 2374 2643101227283
405 5183 5951105030568
406 4910 5635103275497
407 5907 6768104313479
408 70 0070104816843
409 7148 8190103024921
410 3904 4421103011869
411 7473 8564100359165
412 2718 3018104267758
413 6810 7810101377299
414 2857 3190101279460
415 7763 8892104848565
416 7768 8896102611213
417 2142 2392104437738
418 6713 7700104115055
419 8241 9435102427240
420 487 0531101800166
421 1994 2233100702122
422 5083 5815102936029
423 5974 6838101554547
424 6751 7745103476378
425 3512 3927103299634
426 1934 2174101833333
427 4481 5082100665909
428 2663 2958101378367
429 5679 6533100418506
430 6669 7649104274624
431 4238 4823102838705
432 5541 6366104870778
433 5817 6683102721659
434 7753 8884102367165
435 3703 4154104808903
436 3712 4169102366593
437 3819 4296103610562
438 2546 2817100682808
439 6481 7433104767276
-13-
440 8047 9206102995410
441 6261 7162102930291
442 7827 8972104435171
443 6698 7681102446120
444 3482 3906102094051
445 3162 3539103222602
446 5936 6806101859175
447 1765 1969103184236
448 2001 2240100147126
449 7361 8419101660952
450 1163 1279104374518
451 6854 7856102984900
452 2437 2701101096526
453 8612 9870102244405
454 7282 8332104327221
455 6028 6903103999353
456 7946 9105104380112
457 6895 7893101820165
458 2395 2660101757494
459 6872 7876104780625
460 7971 9130102916923
461 4485 5093103371957
462 7194 8229103348460
463 5972 6837104965176
464 3235 3630102905703
465 1597 1788103805506
466 5637 6485102096967
467 7890 9049101857276
468 4052 4595104552515
469 3949 4478103693881
470 8332 9541104582348
471 232 0236104964345
472 194 0195102483106
473 2963 3327102181008
474 2903 3244105035991
475 7122 8159104470716
476 2492 2765101697131
477 3590 4020104231643
-14-
478 6312 7227103590121
479 169 0166103911124
480 8628 9891103842465
481 7054 8075104069241
482 5506 6325104372983
483 6120 6993104159691
484 3105 3484103864903
485 5942 6810103508856
486 471 0513105008731
487 6412 7349104001155
488 4502 5121103152019
489 5660 6510104849149
490 152 0146101827789
491 8345 9554101462763
492 76 0079100407050
493 1776 1987103518449
494 633 0697102625270
495 248 0262102051186
496 1566 1758104945750
497 299 0311104583303
498 2708 3007101840824
499 2847 3174104609843
500 7455 8542101620096
501 3413 3830101213606
502 1567 1759102979315
503 6622 7595101620906
504 2243 2513104845914
505 5650 6503103520572
506 4379 4974103086336
507 7643 8761105030908
508 5455 6261104311539
509 3306 3710104344805
510 4819 5506104374165
511 6704 7688102010716
512 5491 6307103457111
513 4594 5218103392442
514 141 0133101904224
515 466 0506104799927
-15-
516 5852 6720102450182
517 7228 8270104064479
518 8432 9657105015684
519 7323 8380104388652
520 1478 1651104886336
521 8286 9493103067718
522 7025 8040104954501
523 8181 9363102040984
524 624 0687104601946
525 118 0112102480892
526 1187 1305104382632
527 2270 2553102693215
528 6396 7332102660374
529 2245 2519100048834
530 2024 2262104425610
531 6014 6879101683734
532 6197 7087104933311
533 8371 9588103899543
534 1174 1289101334095
535 3642 4087102916848
536 3939 4461101857044
537 8234 9430104790024
538 862 0938102896308
539 292 0307105003632
540 4828 5518104858763
541 7506 8605104958585
542 7784 8906104248704
543 2355 2623102388695
544 4069 4612100799866
545 1642 1834104373682
546 3322 3734104274668
547 5919 6784100053681
548 493 0540100945314
549 261 0274102077008
550 3132 3511102479291
551 3074 3456102210232
552 604 0664100928659
553 4122 4676102421714
-16-
554 1369 1517103569915
555 7906 9064100197109
556 2123 2371104326230
557 5999 6864100239095
558 2125 2373104720815
559 4464 5066101084816
560 2110 2357102825167
561 1248 1375104886443
562 3210 3596103038646
563 7542 8650105027299
564 507 0555102873569
565 5857 6723103086716
566 3420 3841100069666
567 5235 6021100808492
568 5263 6055102598497
569 6354 7279103506322
570 6367 7296103662740
571 8140 9317103846216
572 2495 2770103690685
573 2709 3009102744714
574 503 0552104636780
575 4671 5320104423824
576 4113 4665104356126
577 7719 8847102354854
578 5533 6356103298908
579 4004 4546100750778
580 1777 1988101302512
581 6135 7010103867147
582 7849 8991100008314
583 7686 8810102666832
584 5410 6220103578461
585 2076 2323104583669
586 7002 8012104113125
587 2004 2244102437493
588 1817 2044103126172
589 2235 2503102528034
590 4565 5185100908406
591 2719 3021102601996
-17-
592 6259 7161101346291
593 4574 5196104315237
594 1073 1178104946386
595 1135 1250103077207
596 6202 7091104990237
597 2499 2778104668376
598 3994 4538102538058
599 3734 4198101970622
600 5515 6333101048576
601 5444 6256103847997
602 1200 1325101772398
603 1627 1818104909065
604 7397 8472104341845
605 7403 8478102718277
606 453 0492103155486
607 6747 7741101765147
608 7017 8029102654250
609 5329 6126103085250
610 460 0501103380456
611 333 0355103031884
612 3849 4343104219725
613 4098 4650103093560
614 2333 2602104837740
615 2132 2385103194190
616 7167 8208103223002
617 7591 8689102011504
618 1416 1583101805482
619 6717 7701104053034
620 3447 3866100626230
621 4119 4674102416195
622 3576 4007103989905
623 8513 9755104283397
624 5186 5953104428489
625 4665 5315104534172
626 3599 4035102816101
627 7586 8686102348824
628 6584 7557102295959
629 8068 9227101934858
-18-
630 1505 1681103619094
631 6519 7475104395220
632 2402 2665104708414
633 2334 2603104469846
634 2242 2511101845110
635 4210 4781104818971
636 450 0490102985300
637 8341 9547104979497
638 3338 3749101756115
639 6802 7802104845445
640 3807 4285103674453
641 3955 4483103651840
642 2144 2394102479971
643 4106 4655102313253
644 2386 2652101242342
645 2410 2676102305866
646 477 0521103490336
647 7476 8565103508591
648 3131 3510104149788
649 2705 3002101891674
650 7347 8401102931305
651 1083 1186104893346
652 288 0305102344697
653 1396 1557103311746
654 6361 7287100663260
655 2211 2478102075473
656 2739 3044102348672
657 5591 6416104550132
658 7897 9055103265324
659 434 0476104193845
660 5998 6863101299068
661 7691 8814102288779
662 2550 2826102720040
663 1764 1967101756520
664 6659 7638103565567
665 7987 9143100083619
666 6815 7817100576603
667 8652 9910104396892
-19-
668 8376 9592102082831
669 165 0162103981241
670 5486 6302101963212
671 8207 9389105000360
672 6127 6997104374219
673 2777 3087103070825
674 4189 4752101564340
675 4860 5569103006961
676 4455 5057102330323
677 3880 4386103716756
678 722 0794102779289
679 422 0463101079342
680 506 0554101025142
681 2114 2364100166893
682 938 1018104252404
683 4428 5034102297988
684 6586 7558101853293
685 7337 8391101670636
686 6131 7000103135100
687 599 0659103351211
688 1212 1337103375137
689 4646 5292104017037
690 3522 3936100768629
691 4883 5601102013841
692 5151 5911103166228
693 8573 9817102464631
694 963 1042102203372
695 7449 8534102972323
696 7385 8453105041339
697 5209 5988103435322
698 4724 5384102310000
699 8097 9254100826436
700 3005 3375102051216
701 6098 6974101780356
702 648 0721104954202
703 1232 1359103599687
704 1065 1168100927523
705 6891 7889100843263
-20-
706 8171 9349104953673
707 7287 8336103439675
708 731 0800103387723
709 3443 3860104957037
710 5290 6084104419892
711 5277 6066104395392
712 7270 8324105036213
713 8070 9230101797921
714 826 0903101943977
715 4400 5000104460857
716 73 0074102550468
717 8117 9286104135300
718 1856 2088102346219
719 6217 7107102352188
720 3731 4197102982509
721 5380 6198102928380
722 603 0662101987488
723 3057 3440100055025
724 6290 7203102148511
725 1814 2042102464737
726 5477 6294103995019
727 6211 7100102773636
728 7982 9138100527892
729 7893 9052100337411
730 1361 1509103893373
731 6154 7036101412944
732 3145 3527102789904
733 1467 1639100301937
734 8443 9666100409550
735 3364 3777100259158
736 2877 3211100486244
737 6697 7681102393673
738 2049 2297104967179
739 481 0525103033777
740 1204 1330103233766
741 8343 9549104432694
742 6618 7590104591881
743 6529 7486104950895
-21-
744 1630 1822102078550
745 6623 7596104899047
746 2986 3353101663247
747 5137 5896102129002
748 5343 6138100840475
749 6241 7144103758005
750 5524 6342104812828
751 7394 8467100109779
752 5654 6507104626280
753 4589 5213102807886
754 462 0502102726423
755 3835 4321104972303
756 6906 7904101549109
757 6358 7285102195617
758 1810 2035102270091
759 3256 3655104993142
760 4197 4765103137590
761 6134 7006101984313
762 3916 4433102110121
763 1116 1226102900465
764 7636 8757100688235
765 6604 7575102113120
766 1120 1229104970285
767 378 0405103870080
768 5240 6029104462446
769 3896 4406101129679
770 4168 4731101804536
771 6960 7965102265065
772 2528 2798100549322
773 997 1081102754712
774 5175 5941103286973
775 8498 9743103419658
776 185 0185104995895
777 7590 8687103250652
778 3226 3620102934816
779 2846 3173104727167
780 3857 4358102878079
781 631 0696101103145
-22-
782 4487 5100103875027
783 4549 5163102887167
784 3854 4353102007167
785 4597 5220104545039
786 4708 5373103114254
787 339 0360104974885
788 239 0248104545486
789 5961 6825101818778
790 5743 6614103189021
791 834 0910100399366
792 5502 6319104609556
793 5503 6322101096632
794 1950 2183104968608
795 4759 5430103031598
796 103 0095101953035
797 1356 1504101468907
798 435 0477104942110
799 6177 7061102694705
800 8202 9382104943007
801 7396 8469104982347
802 7145 8186104614772
803 6174 7057104775774
804 2957 3321102655444
805 31 0030103730724
806 1352 1501101553893
807 3585 4017102232669
808 59 0060102499989
809 486 0530104687790
810 3150 3531101662880
811 2055 2301104900217
812 6003 6868101497983
813 6870 7876102071507
814 4517 5131101969190
815 532 0585100832798
816 3557 3991104003558
817 3930 4454103062992
818 999 1087102397369
819 6315 7234104445586
-23-
820 5305 6100101693381
821 8410 9636101492789
822 868 0943101868588
823 2087 2334103324636
824 1277 1418101528155
825 6823 7822102783088
826 2447 2712100123264
827 1512 1688102418533
828 8011 9164104385282
829 4053 4596103577042
830 1423 1593102332220
831 3438 3855102232339
832 5938 6808104234722
833 6300 7215102234187
834 2902 3244100940270
835 6019 6887101665094
836 5931 6799101530688
837 4391 4990104340272
838 5985 6853101316485
839 4369 4959104417700
840 5017 5746103194783
841 1708 1912103221277
842 8237 9432102542432
843 3817 4294103973854
844 243 0252105000987
845 8308 9516104440850
846 7525 8627103734250
847 6163 7044102595680
848 8172 9352101701732
849 6342 7265102737032
850 8599 9856101917824
851 2897 3234103326034
852 7723 8851101296370
853 6277 7186102526832
854 1015 1107103814092
855 870 0947100888458
856 7490 8584104278342
857 3266 3667104015435
-24-
858 1139 1257100693568
859 7834 8982101438873
860 8326 9524104336760
861 3432 3850103578426
862 7316 8373105031253
863 2969 3334101665306
864 655 0726102806038
865 6647 7624102320775
866 3805 4284101050263
867 1131 1246101955280
868 330 0352103518685
869 936 1017101938626
870 3393 3812104114652
871 3451 3870104801393
872 2587 2866104670820
873 6580 7554104466740
874 2876 3210102301759
875 2723 3022104924496
876 1848 2079104992085
877 4617 5247104744146
878 3818 4295100984567
879 6551 7511101952698
880 541 0596101397457
881 6952 7955104170708
882 24 0024101279962
883 1887 2124102393740
884 5149 5909100820318
885 7178 8220102293278
886 1125 1234102376995
887 4847 5540103166141
888 5822 6690100813774
889 3806 4284103548108
890 5383 6200103036683
891 1076 1179104884331
892 8648 9908104211434
893 385 0412104656167
894 1664 1859104868429
895 5339 6137100821259
-25-
896 8252 9456105029177
897 4367 4959101281532
898 5211 5995102762651
899 8269 9477103379827
900 4330 4912104334402
901 1153 1271103301232
902 6301 7216104019807
903 7020 8032101559706
904 1294 1436102323476
905 5422 6233103264464
906 6999 8010104193555
907 4561 5178102930809
908 8100 9261101921062
909 3217 3607101887880
910 1775 1986104964550
911 2892 3229102643970
912 364 0385104808594
913 2946 3304104582551
914 7504 8600101960214
915 1499 1674103743523
916 5364 6178104752706
917 7 0008100211984
918 4219 4797101185717
919 3851 4344104847650
920 8324 9524103029854
921 8477 9715102730457
922 2376 2645102505444
923 2676 2967102941103
924 5812 6678104601014
925 4917 5637103339652
926 6273 7178104454372
927 4590 5215104449256
928 2332 2602100653628
929 250 0265100510012
930 7343 8397100141378
931 7019 8031101243914
932 2623 2909104994545
933 7607 8714101355333
-26-
934 4323 4904100948294
935 6866 7869101879596
936 4439 5047102451918
937 1261 1392101753024
938 4442 5050100195950
939 2167 2423102129772
940 4261 4844104125499
941 6873 7879104255500
942 6230 7128100987349
943 1300 1447102900189
944 2394 2659101553244
945 8102 9263102729971
946 6754 7750102083587
947 7740 8870103208187
948 5205 5985101579226
949 4050 4593102592242
950 6847 7849104328540
951 4743 5403103245977
952 1412 1577103378335
953 3925 4446104261000
954 4345 4935102682655
955 4218 4791102186683
956 727 0798104363590
957 8708 9970103148039
958 5768 6636101705279
959 2967 3331104966581
960 6944 7950100607249
961 3493 3918101389366
962 4312 4891102914743
963 6478 7432105013314
964 4075 4624103619910
965 3182 3565105026005
966 3369 3779102294591
967 8216 9408101916342
968 6371 7302103270437
969 2590 2870102086277
970 3882 4388104992739
971 6310 7223101966272
-27-
972 6851 7853104015317
973 4539 5155105003239
974 8319 9522103926528
975 3617 4057101119403
976 5225 6006102290022
977 4314 4896101996165
978 1247 1375102966196
979 2139 2390103687764
980 470 0511102396986
981 6617 7590104103545
982 6195 7087102673074
983 399 0430104344333
984 2522 2793104360490
985 1667 1862103422655
986 3934 4458103210491
987 5858 6723104329336
988 1290 1432104944843
989 7411 8491104985274
990 7937 9097104398634
991 6053 6933102819081
992 3380 3795100981562
993 1919 2158103405076
994 3559 3994102162080
995 7055 8077100794269
996 4921 5639102928486
997 3386 3798104712164
998 8261 9468101978055
999 902 0981101886003
1000 6415 7352102887974
1001 4257 4841105013234
1002 861 0938100460879
1003 3838 4328100631634
1004 5811 6677104459243
1005 8542 9789101698940
1006 4635 5274104984947
1007 5625 6464104008948
1008 5583 6412104962556
1009 3484 3910103964229
-28-
1010 1454 1630102419584
1011 1720 1923103035918
1012 4806 5489102785936
1013 525 0577103411831
1014 3842 4332101735985
1015 8598 9854103558521
1016 2784 3094103164730
1017 847 0924104376560
1018 370 0390101544847
1019 514 0562101400169
1020 1301 1448101278630
1021 5208 5988102371197
1022 7110 8146103546412
1023 798 0877103334975
1024 1160 1277104486427
1025 6401 7338100914321
1026 5561 6386104866531
1027 304 0316102721853
1028 929 1011101735569
1029 1723 1928103135431
1030 1238 1363104846252
1031 5756 6625100153546
1032 2357 2625100846716
1033 3324 3736101749293
1034 2717 3016103673252
1035 275 0286104867274
1036 6543 7501104602959
1037 5957 6822104959304
1038 2856 3190100901880
1039 6813 7811103847239
1040 3697 4150101274125
1041 439 0482103142073
1042 2138 2389102856900
1043 2539 2806100691396
1044 5902 6762104911880
1045 4390 4986105021669
1046 5465 6277104056919
1047 5013 5742100342267
-29-
1048 7382 8452100930311
1049 6970 7977104732132
1050 5567 6391101730823
1051 23 0024100728685
1052 3180 3561103155767
1053 526 0580101993780
1054 8734 9999103217939
1055 3569 4003101241656
1056 3971 4506102829991
1057 7629 8753104935488
1058 2843 3171104986395
1059 4260 4844103630707
1060 8196 9380100485515
1061 6867 7869102524988
1062 782 0855104358816
1063 2062 2307102997047
1064 3495 3918104542440
1065 893 0968103245470
1066 8287 9494103412898
1067 7041 8065104478496
1068 8325 9524103110570
1069 5098 5832104493563
1070 5123 5875104910265
1071 6903 7900101813204
1072 7127 8164104937047
1073 12 0010101139699
1074 706 0786102882480
1075 8125 9292102531009
1076 1366 1515101446826
1077 5628 6469101599002
1078 7048 8069101532521
1079 4071 4615104265539
1080 7534 8639104126789
1081 1479 1653102992609
1082 253 0268103388824
1083 5432 6241104924110
1084 6220 7114102830507
1085 7621 8739100522908
-30-
1086 855 0932101061076
1087 2678 2968100451963
1088 4408 5007102595310
1089 7207 8246100670411
1090 5664 6515104357137
1091 8198 9381102397105
1092 5139 5899103974604
1093 4573 5196101237385
1094 5462 6274103577218
1095 342 0364104906555
1096 469 0510101756101
1097 3636 4080101595069
1098 2136 2388103368668
1099 8722 9988103683498
1100 2863 3197104999953
1101 4583 5206103037652
1102 5635 6480104161499
1103 1477 1651102083034
1104 7369 8434101192399
1105 1148 1265103022322
1106 2797 3102103592495
1107 1985 2217102895591
1108 583 0647104898800
1109 132 0124102103494
1110 2556 2837100890410
1111 3410 3828102507598
1112 1872 2107100829613
1113 8156 9329100366388
1114 404 0435102863156
1115 4244 4831104188621
1116 209 0213102141398
1117 4225 4803104428523
1118 7820 8965103217913
1119 2236 2503103050987
1120 2462 2733102532765
1121 2533 2802100195973
1122 1056 1157101171699
1123 1587 1780100876783
-31-
1124 3730 4196101234197
1125 1010 1099101805853
1126 5354 6158102923237
1127 7087 8118103089049
1128 3296 3698103100390
1129 6234 7134104033034
1130 3552 3980103574471
1131 3039 3412101979460
1132 2286 2566101436261
1133 8114 9283101507860
1134 6282 7191102311678
1135 1531 1713103214679
1136 1612 1801104656411
1137 7681 8805103502931
1138 6624 7597102418788
1139 5678 6531102728399
1140 8067 9226103077793
1141 2584 2863103946131
1142 922 1008104621196
1143 6978 7984103310695
1144 4962 5683105010773
1145 3427 3848100094564
1146 788 0864102027909
1147 8153 9327102353977
1148 903 0981105039227
1149 628 0691102976384
1150 2122 2371104146531
1151 3103 3483104981135
1152 5250 6040101564096
1153 6313 7227104873603
1154 8298 9506101216723
1155 1833 2062104352666
1156 8309 9517104601231
1157 3368 3779100008487
1158 1781 1991100824279
1159 7996 9152104268867
1160 5912 6777105014761
1161 7057 8077103850909
-32-
1162 4866 5580103585922
1163 2695 2984100122405
1164 1107 1219103370324
1165 139 0130104190783
1166 4348 4939103951380
1167 5520 6340104994127
1168 3202 3587103557882
1169 2380 2647100507012
1170 8629 9893102881652
1171 6733 7724104398227
1172 2808 3118103208232
1173 1910 2151104829568
1174 4785 5465102450445
1175 1928 2168102052370
1176 5331 6127100832592
1177 2924 3279104421344
1178 917 1006100583827
1179 7920 9078102786717
1180 2865 3198104579215
1181 8706 9970102523518
1182 1969 2197103241547
1183 2545 2816104172752
1184 5848 6717101279334
1185 7051 8075101045493
1186 2310 2579104636929
1187 3988 4526101887056
1188 5270 6063103429562
1189 4540 5157101604220
1190 96 0091104686688
1191 764 0834103799270
1192 6829 7828103062358
1193 7047 8068104298862
1194 5338 6135102346620
1195 8637 9898105009095
1196 6420 7362102587998
1197 4996 5720103166264
1198 8659 9919104487495
1199 3525 3936103223827
-33-
1200 1441 1615104340661
1201 4117 4668102696564
1202 581 0646100736377
1203 4133 4686103116150
1204 4201 4767104171997
1205 7671 8791101126914
1206 2002 2242102848924
1207 2694 2982100924022
1208 7299 8357104396744
1209 3028 3400101152391
1210 6033 6908103728663
1211 5653 6505100913335
1212 7792 8925100172241
1213 4642 5286102522493
1214 1464 1638102789050
1215 7004 8016105000724
1216 1787 2005104056731
1217 4690 5349101967010
1218 1164 1280101580919
1219 5569 6392103006047
1220 4568 5187102199734
1221 6644 7621101624153
1222 4315 4896103189764
1223 8020 9175104889547
1224 8731 9996103538432
1225 6285 7192102116476
1226 5925 6791105029704
1227 3527 3941104682027
1228 2069 2316101575381
1229 7944 9103101468141
1230 3407 3825103117567
1231 1190 1311101873495
1232 6831 7829104070540
1233 6807 7806105014487
1234 6103 6981101884486
1235 8484 9725100217747
1236 6473 7425101681812
1237 7721 8849101668702
-34-
1238 2129 2378104870501
1239 2985 3352100768122
1240 3815 4294102042621
1241 1778 1989100044084
1242 6728 7721103321493
1243 7571 8673102916981
1244 278 0288102041391
1245 4748 5411103264399
1246 4750 5413104741458
1247 6226 7117104492668
1248 8622 9886105039491
1249 8388 9605101424708
1250 2008 2249100613888
1251 408 0442102288682
1252 323 0339104977383
1253 1014 1103100976928
1254 5839 6711101424711
1255 2506 2782102874753
1256 2340 2609105002683
1257 8585 9830102651700
1258 1236 1361104675998
1259 326 0350104023249
1260 6665 7647102371255
1261 597 0657102301164
1262 6596 7565104913755
1263 3093 3472104252571
1264 2104 2352105022123
1265 6832 7833104645421
1266 7660 8778103749227
1267 2187 2449103058321
1268 5035 5767102829384
1269 4916 5637102934269
1270 509 0556101880246
1271 302 0313100272522
1272 8293 9503102608434
1273 7789 8918102603158
1274 4693 5356100105983
1275 593 0653103006816
-35-
1276 6057 6935103599457
1277 660 0728104466183
1278 3649 4096104861653
1279 454 0492104959595
1280 4823 5515100799169
1281 6400 7336104375408
1282 5781 6652102482096
1283 634 0697104029964
1284 5215 6000102731561
1285 8525 9775100300381
1286 8137 9310103438266
1287 3967 4496102042700
1288 543 0596104072521
1289 64 0065103209965
1290 6276 7185102307016
1291 976 1056100152694
1292 5921 6787101642452
1293 2644 2939102765531
1294 1463 1637102268174
1295 6655 7630100222412
1296 7303 8363103432513
1297 6436 7379101080151
1298 3353 3768105013375
1299 5828 6700104687419
1300 8636 9897102608623
1301 21 0020100219531
1302 1457 1631102693174
1303 6786 7787103367586
1304 1748 1948102533652
1305 6264 7168101905458
1306 7925 9083104164896
1307 2579 2860104928044
1308 5414 6225104111734
1309 6212 7100103978412
1310 7795 8928100487325
1311 1773 1985100130919
1312 5430 6239102959205
1313 5060 5797103574511
-36-
1314 7088 8120101989674
1315 6198 7088101246177
1316 2445 2711102595836
1317 950 1030101327927
1318 8702 9965103341168
1319 8230 9428102682172
1320 1513 1689100764235
1321 3717 4182101717458
1322 3408 3825103963756
1323 3414 3833104683569
1324 7934 9094101979762
1325 739 0812103391646
1326 2754 3059102159069
1327 6922 7922100960177
1328 7732 8863103574078
1329 6501 7459104839057
1330 5760 6628103448665
1331 2585 2864102340382
1332 7402 8478101505680
1333 6777 7772100612154
1334 1873 2109100157558
1335 4778 5457101664019
1336 6701 7685103701455
1337 3099 3480102224342
1338 2588 2867103891301
1339 7218 8264102098551
1340 7940 9099101916338
1341 492 0538101085590
1342 6321 7242102842414
1343 3112 3494103720123
1344 458 0498104023692
1345 4858 5567103698547
1346 4038 4581104958956
1347 6454 7394100350108
1348 4879 5599103214792
1349 8670 9930100281645
1350 8232 9429102263918
1351 1963 2192104433572
-37-
1352 5274 6064104194906
1353 2834 3162101697977
1354 7077 8104104463665
1355 2851 3180103764131
1356 8728 9994103987219
1357 1841 2069103567195
1358 3459 3878103057481
1359 874 0951101493386
1360 7666 8786103026285
1361 8036 9188102405414
1362 1074 1179101089821
1363 3614 4053101041681
1364 3779 4240104754061
1365 4358 4953103215056
1366 4909 5633103900488
1367 6164 7045104968811
1368 5643 6496103703427
1369 3032 3402104278164
1370 4513 5129100937433
1371 2917 3267104720800
1372 5829 6702103917536
1373 4822 5514103301848
1374 282 0293104339999
1375 225 0229104920734
1376 7452 8535103668196
1377 468 0508104175232
1378 2854 3185102720602
1379 6567 7531101451908
1380 4051 4594100090876
1381 6047 6921100080767
1382 4569 5190103597604
1383 8437 9660104162567
1384 7759 8891100042077
1385 4786 5466101758705
1386 2767 3070104925553
1387 7866 9013100580500
1388 6344 7265104924498
1389 1562 1754103250093
-38-
1390 7022 8035104970991
1391 2038 2276104819943
1392 5581 6408100998524
1393 8417 9643104854200
1394 2692 2981104238541
1395 6668 7649103034135
1396 5057 5794100445436
1397 4160 4719100209113
1398 5758 6628101367728
1399 3906 4423102351194
1400 1559 1751101217294
1401 108 0097103132343
1402 406 0436104971710
1403 8660 9920100069344
1404 1099 1207100050315
1405 6303 7217104653665
1406 7947 9106100909898
1407 4657 5304104153093
1408 4740 5402104296755
1409 123 0114104245574
1410 5878 6740105038114
1411 3397 3814104939677
1412 6514 7473103709023
1413 5424 6235102002048
1414 8086 9244102577853
1415 1355 1503104578108
1416 7544 8652104943881
1417 2785 3095102867447
1418 3437 3855100899588
1419 7882 9034104224460
1420 7772 8899101956188
1421 6513 7472104015276
1422 2884 3216103291948
1423 8635 9897100038787
1424 4196 4762103296991
1425 7731 8862103546012
1426 6248 7150103894107
1427 4277 4860104774998
-39-
1428 880 0956102300573
1429 3302 3706104096052
1430 2659 2954100036546
1431 3123 3503102092706
1432 5939 6809101309488
1433 464 0503104315423
1434 5015 5742104576663
1435 8014 9170100427416
1436 1869 2105103551491
1437 3760 4220104793794
1438 6689 7675104108760
1439 8584 9826104758597
1440 791 0865101889487
1441 7408 8486101910516
1442 7279 8332101981357
1443 5555 6380104683409
1444 7707 8831102143299
1445 2806 3117104299618
1446 6951 7954102131608
1447 1122 1231100780925
1448 6858 7864101952235
1449 5708 6573103355033
1450 2630 2922102417886
1451 5777 6648101262805
1452 6765 7758100801987
1453 2498 2776100189576
1454 1699 1904103945144
1455 381 0408101973376
1456 7979 9136103031562
1457 2577 2859104183518
1458 738 0811104076666
1459 3391 3810100302069
1460 8221 9411104735180
1461 892 0967104863327
1462 2294 2571101963035
1463 6013 6878101768348
1464 4012 4552103813775
1465 8560 9805103569664
-40-
1466 3037 3405103363318
1467 7845 8988103020360
1468 452 0492103056420
1469 6987 8000101197602
1470 7278 8331102053863
1471 1472 1645100661204
1472 3787 4253101890679
1473 8495 9738102865419
1474 5180 5949104793366
1475 1697 1901101639320
1476 6152 7035103923984
1477 3310 3719104761719
1478 8200 9381103930846
1479 8000 9154103024829
1480 7674 8798100281941
1481 6986 7995104249549
1482 5517 6336104323160
1483 171 0168101091457
1484 3951 4482100128053
1485 605 0665102371696
1486 6950 7953104906732
1487 3888 4392102505737
1488 6070 6949104303722
1489 4861 5570101251893
1490 1914 2154103286968
1491 4658 5305100927753
1492 3352 3767103649451
1493 2699 2994102137250
1494 3686 4139100887995
1495 1696 1901101451178
1496 2740 3045101188003
1497 2092 2341102342500
1498 789 0864103949273
1499 4247 4833101148731
1500 3158 3536102274824
1501 7645 8762104340842
1502 7689 8810104240272
1503 7778 8904102551898
-41-
1504 5976 6838101951561
1505 4912 5635104852244
1506 3384 3797103633405
1507 1628 1820104370545
1508 8257 9462102296525
1509 7379 8447104434336
1510 5843 6713100294605
1511 4610 5236100951111
1512 2433 2698103709703
1513 895 0975102954580
1514 5300 6092102448434
1515 918 1006100753873
1516 2418 2687101013106
1517 8294 9504103511361
1518 7865 9012104456023
1519 5144 5902103102117
1520 4456 5058103088253
1521 504 0553101434489
1522 5460 6272101736156
1523 5909 6773100731666
1524 6886 7886104431345
1525 673 0749104928376
1526 1270 1407104185159
1527 5750 6616103613401
1528 4471 5076102853586
1529 4998 5722100963360
1530 817 0893101903467
1531 6649 7625102868062
1532 1158 1276102850870
1533 287 0304104441051
1534 1302 1448104997695
1535 3831 4308101957102
1536 4057 4603102108085
1537 1064 1167101677286
1538 6932 7941101628798
1539 308 0323104252205
1540 1197 1321104818760
1541 1935 2174103267818
-42-
1542 1013 1103100728630
1543 3330 3738105019295
1544 740 0813102800573
1545 8088 9247102996730
1546 3077 3458101920541
1547 3654 4100103243962
1548 1520 1700102450117
1549 6661 7641102067816
1550 5207 5987104971706
1551 7584 8681103536326
1552 6109 6985104986586
1553 4898 5621103836987
1554 8348 9557104147498
1555 1313 1455102800497
1556 8698 9960103127157
1557 8496 9738104233458
1558 941 1022104984171
1559 8008 9162100651855
1560 6564 7529102404259
1561 7161 8205101296694
1562 167 0163101387135
1563 2309 2579102358418
1564 5152 5912105014741
1565 4712 5377104628614
1566 4952 5672104155086
1567 8397 9616104732244
1568 6677 7656103351837
1569 5010 5734103832891
1570 5120 5870104316068
1571 6779 7773101989402
1572 5899 6759101427044
1573 6597 7565104953193
1574 5129 5886101749459
1575 3553 3981102762720
1576 4567 5186104047074
1577 4832 5523100720963
1578 4984 5713101082558
1579 6684 7666101006640
-43-
1580 6487 7443103110073
1581 4903 5628104951706
1582 7321 8380100199365
1583 1118 1228100316563
1584 1973 2202101679487
1585 2362 2627100950066
1586 3570 4003103657493
1587 8535 9787103916661
1588 80 0081101429572
1589 1996 2233101867689
1590 5230 6012103019094
1591 865 0941102139591
1592 6864 7867103943819
1593 2100 2348104631718
1594 1509 1687101660369
1595 8481 9721102777154
1596 256 0269104878089
1597 7924 9083103598543
1598 8169 9345102143774
1599 3820 4297101295513
1600 8515 9757102346719
1601 3173 3555104984068
1602 3270 3671103221246
1603 2916 3267100500347
1604 2101 2351101134885
1605 2260 2542102367538
1606 3010 3382101982091
1607 6125 6995104612203
1608 3442 3858103081170
1609 1733 1938103727496
1610 5065 5800100936780
1611 478 0521104447406
1612 2417 2686104124760
1613 7227 8269103661912
1614 3724 4186103121405
1615 6157 7037103247089
1616 3594 4027103025288
1617 2979 3346103279328
-44-
1618 6035 6910104887965
1619 3107 3486104853982
1620 5040 5771102729837
1621 3179 3561103060745
1622 670 0743102837922
1623 5733 6602103639732
1624 3387 3799103653830
1625 4576 5199101299536
1626 5797 6665105000926
1627 7251 8298105026406
1628 2667 2960103371278
1629 5125 5877103127443
1630 4148 4709104268291
1631 4462 5063103097676
1632 6939 7947104266816
1633 8608 9866103222801
1634 102 0095100035908
1635 561 0618104117927
1636 5375 6188104103291
1637 264 0277102973022
1638 5436 6248104309363
1639 4753 5417101551560
1640 7184 8224104919624
1641 8374 9590103803563
1642 7112 8147104445167
1643 4887 5611101716320
1644 1889 2125104271354
1645 5062 5798102732176
1646 7345 8399101870049
1647 3475 3899103308192
1648 8730 9996102176741
1649 6992 8004102954203
1650 2247 2520100839525
1651 5105 5844100792661
1652 3995 4538102976367
1653 8359 9571101426608
1654 4081 4632104167481
1655 7356 8410103774278
-45-
1656 5893 6755101275406
1657 8005 9161101474619
1658 2103 2352104694664
1659 8313 9521100461438
1660 1695 1900101204681
1661 5392 6208100836248
1662 3108 3490102870135
1663 5934 6803104167499
1664 2547 2817102871877
1665 8401 9625103446581
1666 8316 9522102791547
1667 4654 5301100567787
1668 7286 8335104968322
1669 7364 8425104334440
1670 5011 5736100673446
1671 6691 7677103229306
1672 8672 9933104314330
1673 7300 8360100605170
1674 3909 4427101233514
1675 2189 2453100463501
1676 4058 4604103379632
1677 1650 1839102594341
1678 4154 4713103064144
1679 6207 7097104966027
1680 4692 5353104085691
1681 3504 3924102391358
1682 4843 5536104927165
1683 7066 8093100911958
1684 6756 7750102918160
1685 6167 7047104319256
1686 2790 3099103236129
1687 7434 8514101645768
1688 6272 7176100859459
1689 7536 8641103412451
1690 2906 3250100892776
1691 4691 5352101687492
1692 2516 2787102935709
1693 4545 5161102985630
-46-
1694 3810 4288101942436
1695 5815 6682103598213
1696 7413 8495102149889
1697 6329 7253102861008
1698 6556 7519100256182
1699 5368 6182104873363
1700 3349 3759100102308
1701 6126 6996101823227
1702 7420 8502104027392
1703 7330 8386103270350
1704 4097 4650102152905
1705 8510 9753101594146
1706 4429 5034104401715
1707 700 0783103500155
1708 1091 1194100848305
1709 1610 1800101379032
1710 1646 1838101757818
1711 8544 9790103149581
1712 2149 2398101915654
1713 1864 2100101365407
1714 8589 9833103133544
1715 1092 1196104319881
1716 4298 4879104969183
1717 441 0485100370552
1718 4394 4994103891886
1719 7954 9110104786569
1720 8250 9455104996629
1721 6577 7540104623742
1722 7075 8102104259541
1723 7531 8634101024271
1724 7099 8134102268821
1725 5685 6539101506421
1726 8212 9401102497120
1727 6326 7250102424723
1728 940 1020104882498
1729 8073 9234102316053
1730 4515 5129102979041
1731 2071 2320101120027
-47-
1732 3017 3391100877879
1733 5819 6685102721813
1734 3376 3785102755939
1735 7532 8636102511789
1736 3600 4037103463643
1737 906 0984105014256
1738 74 0075105032589
1739 2165 2420102567431
1740 6007 6873103403002
1741 5265 6056103915478
1742 4466 5069104164574
1743 4276 4857103315942
1744 5873 6738101941989
1745 1829 2058104776469
1746 6979 7984103580551
1747 2936 3292102726655
1748 100 0093104969702
1749 2613 2903103512598
1750 5821 6687103701244
1751 2337 2606103366339
1752 2656 2951100649080
1753 1616 1808100520757
1754 4021 4570102551302
1755 3532 3948104979805
1756 4030 4575104342814
1757 78 0080104416598
1758 5584 6413102832062
1759 4009 4548104176591
1760 2836 3164101107352
1761 6128 6997104744811
1762 1093 1197102905320
1763 4354 4944104227131
1764 7505 8600103091248
1765 8177 9359104399308
1766 4412 5012104904828
1767 1068 1170102210757
1768 2267 2552100567143
1769 2634 2931104863608
-48-
1770 7718 8845100988318
1771 3936 4460100147236
1772 7847 8990101749301
1773 1094 1198101277843
1774 1580 1773104433392
1775 5928 6795103778838
1776 6826 7824105005780
1777 3207 3594104446898
1778 6291 7203102252069
1779 1476 1650103379081
1780 646 0714101155825
1781 5278 6067100247167
1782 8591 9837101106271
1783 1978 2203104309722
1784 5187 5954104120129
1785 5618 6462104269580
1786 267 0282100574215
1787 4438 5046104918270
1788 5334 6133102327024
1789 1844 2077102956909
1790 1332 1477103956524
1791 5476 6293103530271
1792 6937 7947102272818
1793 3164 3543101216314
1794 8439 9661104869915
1795 3675 4122102101605
1796 6417 7356102725450
1797 3568 4002103779109
1798 4421 5027104319133
1799 1217 1347102636958
1800 2451 2719100335853
1801 2886 3218104020674
1802 4667 5319101933347
1803 7494 8587104393559
1804 803 0883103446772
1805 5281 6071103879412
1806 4652 5299104344701
1807 447 0488102589373
-49-
1808 2370 2639104906122
1809 1883 2120101255616
1810 2899 3238101223092
1811 4558 5176105002768
1812 5816 6682104006206
1813 5753 6620101871361
1814 6598 7566104951156
1815 3669 4113101691644
1816 4496 5117100949765
1817 8472 9708104762861
1818 5403 6216103061901
1819 1586 1777103411864
1820 1351 1499104912089
1821 5007 5732100959430
1822 1538 1720104336202
1823 7049 8073101233137
1824 5492 6308105028607
1825 5707 6571102239013
1826 4305 4885102337238
1827 858 0934102867297
1828 7375 8438102733631
1829 8263 9470104903522
1830 2302 2574104910718
1831 8201 9381104873253
1832 6492 7453100630926
1833 8522 9768104416182
1834 147 0140104986996
1835 1397 1560102938994
1836 6893 7890104467246
1837 8186 9365104975198
1838 5663 6515104014041
1839 6085 6964104754032
1840 2687 2976103183771
1841 5814 6679104371875
1842 2748 3048104016600
1843 1012 1099104935679
1844 5458 6271101974902
1845 2715 3015102016698
-50-
1846 6219 7112102280958
1847 3082 3460103071124
1848 6144 7028101463292
1849 4533 5151103102457
1850 3743 4207103581893
1851 6340 7260104403102
1852 3477 3903103382322
1853 8565 9810100984888
1854 2042 2287100709093
1855 8300 9508101392045
1856 3515 3930104181190
1857 4802 5481101891617
1858 4236 4818101611513
1859 4205 4774102631123
1860 8396 9615103180685
1861 3624 4068104794034
1862 4349 4940101074101
1863 7076 8104101034899
1864 7247 8290104333052
1865 2137 2389102314308
1866 7510 8612104262419
1867 2627 2914104943711
1868 4612 5238100348935
1869 964 1042104869981
1870 8630 9893103499992
1871 1557 1747104814365
1872 4639 5281100012486
1873 8582 9825104044844
1874 1918 2156103453442
1875 5549 6372103771763
1876 6606 7577105035511
1877 4955 5677102175632
1878 2750 3056102113693
1879 2183 2446103735747
1880 6657 7631104216833
1881 91 0089103179091
1882 8358 9569104730899
1883 536 0589103941834
-51-
1884 5197 5975102714695
1885 2570 2853100063487
1886 1578 1767100161633
1887 7280 8332102314871
1888 6124 6995104338207
1889 1109 1221100400283
1890 4375 4967101605871
1891 7709 8832102755266
1892 946 1027102435442
1893 7370 8434102870689
1894 1906 2148104883623
1895 7868 9018103672357
1896 5376 6192104429688
1897 5627 6468100608291
1898 3583 4014102636078
1899 5245 6033103798645
1900 3926 4448102885058
1901 2196 2459101139054
1902 4002 4544104914347
1903 2752 3057105008804
1904 7433 8512101280131
1905 8017 9172102373256
1906 537 0591100265271
1907 5647 6500102943140
1908 1442 1618101959928
1909 3897 4410102399272
1910 420 0459103031058
1911 7156 8196102127562
1912 6974 7979103096548
1913 7249 8294102903538
1914 7131 8168102036229
1915 4920 5639100480840
1916 7052 8075103163798
1917 3014 3385103475187
1918 6883 7885101262963
1919 2459 2725104678974
1920 809 0887104281323
1921 5846 6715102632125
-52-
1922 5661 6511104259693
1923 6322 7242104048530
1924 1763 1965104935042
1925 3618 4057104278754
1926 3562 3998103664337
1927 4432 5038102917415
1928 1195 1316105010852
1929 3348 3757102719946
1930 3874 4380101230976
1931 8426 9651102332002
1932 2298 2572102825592
1933 6744 7736102915934
1934 846 0923100557681
1935 4683 5337103077926
1936 5949 6814103319055
1937 3956 4484100078131
1938 553 0610102295852
1939 7166 8208102242992
1940 396 0423103610968
1941 4475 5079103725322
1942 619 0684104721249
1943 6982 7989104788660
1944 707 0786103946995
1945 5268 6062104249838
1946 2232 2499103289553
1947 5779 6651101665747
1948 8473 9710101032366
1949 3193 3571104061602
1950 1272 1408102644231
1951 2029 2267104496253
1952 4636 5275100487460
1953 335 0355104320567
1954 6082 6959100380849
1955 3574 4007103236134
1956 6820 7819103440341
1957 8634 9896104802626
1958 4972 5696103379178
1959 3902 4415103515065
-53-
1960 3257 3658102115639
1961 5231 6012103271965
1962 4755 5419101400879
1963 6038 6914101934243
1964 3597 4031103917407
1965 5954 6820103395225
1966 5294 6088101270230
1967 7231 8272103188958
1968 5926 6792103896542
1969 6025 6893102518219
1970 3000 3369100278123
1971 7297 8355101026218
1972 7389 8462103381196
1973 7340 8394103391422
1974 6739 7731101470730
1975 1770 1982103956686
1976 2288 2567104320610
1977 7154 8194104187489
1978 602 0661104973262
1979 7553 8658101645558
1980 47 0050100373947
1981 5614 6451101049346
1982 6610 7586102187277
1983 5715 6581101479075
1984 347 0370104216722
1985 499 0547101282256
1986 8240 9433103840870
1987 5454 6260103993653
1988 3725 4188101355990
1989 4212 4783103746129
1990 5962 6827102426778
1991 8478 9716104526015
1992 8333 9542101992685
1993 4360 4955105034317
1994 5030 5766100921467
1995 4506 5125104408483
1996 7766 8896100194843
1997 6075 6953104486070
-54-
1998 6216 7103104246056
1999 8276 9485102762814
2000 2224 2490100307812
2001 8168 9345101730464
2002 970 1049102639885
2003 4153 4713102854737
2004 5773 6644103421958
2005 7221 8265103714791
2006 6466 7420101973810
2007 6719 7706101301255
2008 8081 9242102083455
2009 8315 9522100219400
2010 6885 7885104537874
2011 5428 6238101077747
2012 6521 7479100309471
2013 3573 4007102340861
2014 7380 8448101212579
2015 4126 4680101850950
2016 7647 8763101647570
2017 7142 8184103944858
2018 6146 7030102624932
2019 5995 6858102871663
2020 4378 4974101396915
2021 6486 7442104954780
2022 8523 9770101782193
2023 8135 9309102109384
2024 7071 8101102399969
2025 915 1001104150546
2026 7941 9100100972211
2027 1271 1408101936795
2028 3323 3735104802792
2029 2755 3059103759209
2030 5097 5829103527152
2031 190 0194102638724
2032 1257 1388104306398
2033 4232 4814104186613
2034 1614 1804103847090
2035 5016 5744104931789
-55-
2036 5451 6259104020798
2037 4629 5260101758817
2038 7814 8959102037734
2039 3701 4152103369692
2040 2503 2780104208912
2041 7572 8673103148963
2042 6834 7835103701706
2043 521 0574101500330
2044 8564 9809104142053
2045 4722 5383103524185
2046 2436 2700103515996
2047 8057 9218104557083
2048 7435 8514102819676
2049 3758 4218104299238
2050 5970 6835101708462
2051 6224 7117101030525
2052 2960 3322102444131
2053 818 0894104007964
2054 1246 1373100046999
2055 933 1013102876349
2056 3937 4460103119655
2057 6390 7326102036368
2058 5529 6348104970788
2059 544 0597102624179
2060 8486 9727103565067
2061 5754 6621100166011
2062 7039 8063104511700
2063 206 0209104844743
2064 564 0622100594960
2065 4825 5517103098830
2066 5394 6208102988033
2067 395 0422103131880
2068 3289 3692103531940
2069 1443 1618104999503
2070 7780 8904103635701
2071 5776 6647103214939
2072 2559 2839102331565
2073 475 0514103990013
-56-
2074 3030 3401104003728
2075 4006 4547104677334
2076 7395 8469103264662
2077 1591 1781105022072
2078 7186 8226103537879
2079 7261 8316102805328
2080 1686 1891104269353
2081 1314 1455104204994
2082 2898 3234104982415
2083 2867 3203104819882
2084 3036 3405103259768
2085 3592 4024102613582
2086 3169 3549102942764
2087 2303 2575103269299
2088 5239 6027102177951
2089 6758 7751101054451
2090 4922 5639104108506
2091 8165 9341100566790
2092 5576 6402104329676
2093 2935 3292100258099
2094 3809 4287104484483
2095 1774 1986104253313
2096 3894 4397103923052
2097 3035 3405102668849
2098 3832 4310100323891
2099 674 0750102984248
2100 5861 6725102200557
2101 4164 4724103137092
2102 4336 4926104235029
2103 8514 9756102819014
2104 7257 8304104464682
2105 2974 3336101727245
2106 3511 3927100787087
2107 2497 2772104991512
2108 6265 7168102674651
2109 7143 8186100908509
2110 3746 4209103991723
2111 3473 3895101720509
-57-
2112 2164 2419102348321
2113 5659 6510104845746
2114 5008 5732102877413
2115 1199 1325101568264
2116 1820 2046104559875
2117 7392 8463102389003
2118 3378 3786101738136
2119 45 0047101326091
2120 8600 9857100553197
2121 2831 3158104473600
2122 6467 7420104915091
2123 3253 3645104162437
2124 1596 1788103532907
2125 6876 7882104769935
2126 904 0982101678998
2127 618 0683102384843
2128 5031 5766102638472
2129 3784 4251103231433
2130 5669 6524103865019
2131 5402 6214104240834
2132 614 0679102705501
2133 421 0460103534961
2134 7371 8435101618043
2135 3751 4215103497132
2136 6227 7120104930606
2137 7453 8536104029132
2138 5508 6326103159279
2139 958 1036104384548
2140 5613 6451100279173
2141 7346 8400103611786
2142 2930 3285103798345
2143 6091 6970100805749
2144 2633 2928104616041
2145 7229 8270104272626
2146 5691 6549101273438
2147 6607 7579105005847
2148 6015 6883104246544
2149 1359 1507104408585
-58-
2150 8154 9327104477595
2151 3497 3919104203105
2152 1546 1731101515868
2153 629 0691104211102
2154 1225 1352103036838
2155 6409 7347104295409
2156 4266 4850101322894
2157 2509 2783102523293
2158 4243 4828101999435
2159 2749 3055101288355
2160 5736 6605101482713
2161 1230 1358101656418
2162 6104 6982104167478
2163 7816 8960103434538
2164 3046 3418104048595
2165 4537 5155103193059
2166 2324 2595102971136
2167 1368 1515104319132
2168 8682 9942100086230
2169 3742 4207102356481
2170 6422 7364104929623
2171 4541 5158103446610
2172 3823 4300103702900
2173 122 0114101318679
2174 5003 5730100326295
2175 368 0388100094837
2176 3187 3568103408427
2177 5500 6318100052041
2178 1266 1398102245058
2179 2982 3349104235761
2180 3325 3736102585098
2181 4598 5222103862252
2182 8155 9328105032533
2183 355 0374104249586
2184 1404 1568104638536
2185 1126 1236104027550
2186 6612 7588104638073
2187 3561 3997102807568
-59-
2188 5558 6383101168292
2189 5830 6705104995635
2190 6541 7501104204233
2191 2353 2623101034872
2192 1691 1895102857512
2193 7917 9077102735423
2194 7690 8812103998326
2195 6395 7330101607522
2196 6092 6971104677618
2197 5982 6850100497829
2198 8058 9219104417905
2199 1350 1499102139856
2200 5700 6562103527657
2201 417 0458103590614
2202 1825 2052103435144
2203 1437 1612103431430
2204 3702 4153103517718
2205 1634 1825102518587
2206 8429 9652103023836
2207 8320 9523102305603
2208 5746 6615101978945
2209 8593 9837102956005
2210 2318 2588104626293
2211 180 0179103642649
2212 4634 5271104111129
2213 1958 2191104724812
2214 3219 3609102655571
2215 3801 4280100981573
2216 4372 4961103350321
2217 1760 1962103808141
2218 4048 4592102762680
2219 5518 6339104549126
2220 4209 4778104296590
2221 270 0285100489361
2222 3865 4366102144980
2223 6588 7559104447987
2224 1119 1228102362909
2225 7670 8791100408521
-60-
2226 7387 8457102198282
2227 1998 2235102076240
2228 7201 8236102529388
2229 3947 4477104147905
2230 1944 2179102190769
2231 7961 9120103877544
2232 2057 2303102325827
2233 3665 4108104933227
2234 4514 5129102923512
2235 2146 2395103383309
2236 1307 1452101497372
2237 8129 9305101915507
2238 1751 1949103306926
2239 5620 6463103654576
2240 1900 2146100125858
2241 4782 5458103142341
2242 4171 4733104502923
2243 8413 9639105018683
2244 5260 6051103534828
2245 6323 7246102533467
2246 4550 5165101241467
2247 6402 7340100684455
2248 7479 8573104375601
2249 8490 9733102856705
2250 4728 5386101875133
2251 2472 2743102407973
2252 4930 5648100755174
2253 7797 8931104614429
2254 5701 6562103547884
2255 8101 9262101304049
2256 1813 2040102587745
2257 4754 5418102366402
2258 2428 2695101335652
2259 7165 8207103706527
2260 5121 5872102400820
2261 7015 8027101874852
2262 216 0221104807283
2263 6142 7023101085023
-61-
2264 3373 3782104076521
2265 5697 6559103689004
2266 4816 5502103458129
2267 4689 5348104032992
2268 1343 1488104353017
2269 7993 9150104167195
2270 2127 2374103851106
2271 2010 2251103910517
2272 6184 7069104935602
2273 5494 6309103657471
2274 3201 3585102840029
2275 4451 5054104306162
2276 6620 7593104813875
2277 6066 6948101041420
2278 3298 3700103440878
2279 5453 6260103579473
2280 5182 5951104568894
2281 8675 9935103224277
2282 866 0941104147584
2283 2045 2289103818435
2284 2354 2623101551279
2285 4290 4875103504442
2286 140 0132101513252
2287 8044 9199102409702
2288 4335 4926103070539
2289 260 0273105014706
2290 1782 1991101885315
2291 7432 8511104100445
2292 6482 7434102066098
2293 6520 7478102562694
2294 3588 4018102710364
2295 2113 2361100401652
2296 6444 7385102017450
2297 5975 6838101822769
2298 352 0372102934963
2299 4365 4958103363153
2300 7963 9123102805295
2301 1481 1657102341921
-62-
2302 690 0774102517633
2303 6928 7929103975368
2304 3756 4217100372950
2305 7785 8912101342942
2306 6116 6991101848745
2307 7725 8853104734509
2308 8679 9939104382539
2309 3704 4155103128100
2310 1988 2219103231256
2311 2703 2998104975537
2312 540 0592104951078
2313 1678 1883103640247
2314 1420 1589103388320
2315 5385 6203102554027
2316 3884 4390102359179
2317 3340 3753104854070
2318 7474 8564102321734
2319 4704 5365102350758
2320 5416 6228102130064
2321 4311 4890104301186
2322 7685 8809104723216
2323 1084 1187102319454
2324 4327 4908101049507
2325 2855 3187100893949
2326 8307 9515104924450
2327 6762 7754100848838
2328 8383 9600103032062
2329 367 0387104060065
2330 3877 4382104346862
2331 4599 5222104718491
2332 2171 2427100943450
2333 2741 3045102903459
2334 3987 4523104951117
2335 6386 7320104213166
2336 2515 2787100585912
2337 3416 3837104541253
2338 1419 1588100716673
2339 6544 7503103596737
-63-
2340 5696 6559102138387
2341 856 0932103773128
2342 8208 9390102601977
2343 6333 7256102552076
2344 6086 6966101823623
2345 8191 9372105001494
2346 2369 2632101954994
2347 5651 6504102262093
2348 969 1049100505643
2349 4790 5471101136660
2350 3394 3812104367383
2351 2729 3029104151065
2352 1638 1829100066237
2353 8022 9176105017423
2354 1169 1282103238826
2355 4733 5393103150738
2356 718 0791102980415
2357 1796 2015104042109
2358 6266 7170102328670
2359 5320 6114102407658
2360 6069 6949101076139
2361 5930 6798103680946
2362 1613 1804100357348
2363 5258 6049102311147
2364 2221 2487102626159
2365 6171 7050103865069
2366 7710 8833104152800
2367 8387 9603102028581
2368 8736 9999104262324
2369 5257 6045104957308
2370 5824 6693100582136
2371 3083 3462102219674
2372 3520 3934104626747
2373 2448 2715104983102
2374 5366 6181104779163
2375 3151 3532105009213
2376 8323 9524102979372
2377 6863 7866103156560
-64-
2378 255 0269101905182
2379 5302 6093101911112
2380 3458 3877102229058
2381 1210 1336104893295
2382 6975 7981103630433
2383 6166 7047102267261
2384 8016 9171104466410
2385 8318 9522103875529
2386 8460 9695101004070
2387 8028 9178104404537
2388 988 1067100519661
2389 2474 2745103591383
2390 4420 5023104259810
2391 95 0090104345393
2392 3079 3458103907879
2393 4649 5297102143519
2394 7646 8762104840543
2395 8492 9735103973775
2396 7013 8026103478162
2397 8520 9768101240745
2398 900 0978103681892
2399 2170 2426102189856
2400 7803 8943100501543
2401 1358 1505104132146
2402 823 0899102809920
2403 6947 7952103284653
2404 6040 6919101510064
2405 2713 3013100258728
2406 639 0702101249520
2407 2675 2966102023371
2408 1660 1852101227018
2409 721 0794101039722
2410 5676 6530102265749
2411 6100 6977100904470
2412 3791 4256103227168
2413 7023 8036103891043
2414 1046 1139103254831
2415 7467 8561100993906
-65-
2416 8229 9420102937528
2417 3785 4252101826758
2418 934 1016104155933
2419 3845 4338100396586
2420 7762 8892101922625
2421 269 0283103559523
2422 701 0784104332759
2423 3584 4017101598433
2424 2933 3289101549428
2425 7191 8228104260946
2426 5266 6056104989717
2427 5847 6717100324892
2428 1836 2066100027537
2429 658 0727101737563
2430 4263 4847100599494
2431 1444 1619100436350
2432 4643 5286102815679
2433 3782 4248103040345
2434 6156 7037102917635
2435 6398 7335102873042
2436 7442 8526100943357
2437 7302 8362100181580
2438 1547 1732101108427
2439 2580 2861101084170
2440 1469 1642104156331
2441 5967 6832103854764
2442 4821 5513102904206
2443 2890 3226105033141
2444 3439 3856104760819
2445 6990 8002101680777
2446 4019 4568102622318
2447 425 0467101861428
2448 7922 9082105041278
2449 5772 6644102274201
2450 6901 7898101695238
2451 8674 9935102655096
2452 4245 4831104384524
2453 3205 3593101799551
-66-
2454 6222 7115101493954
2455 3611 4050101985455
2456 3840 4331104198847
2457 5443 6256100687470
2458 5519 6340102567277
2459 2257 2536100995500
2460 2073 2320105024482
2461 7883 9038103021404
2462 3273 3673103560179
2463 1296 1439103530405
2464 3002 3369103385591
2465 6857 7863102430060
2466 2115 2366102370595
2467 5703 6566100614859
2468 2377 2645104520754
2469 2408 2673103523457
2470 3582 4013104469043
2471 6246 7148101666600
2472 5078 5812100839958
2473 4409 5009105018744
2474 3844 4337104324548
2475 7065 8090103999709
2476 394 0422102803795
2477 1221 1350103146996
2478 3692 4144104758141
2479 3870 4373103988627
2480 4840 5534102160264
2481 5459 6271103098246
2482 448 0490101273685
2483 2565 2845101409639
2484 786 0861100749223
2485 4872 5592104932383
2486 5888 6750103100714
2487 576 0635102056641
2488 7462 8550102130407
2489 4476 5079104976549
2490 3899 4412101924029
2491 5713 6579104638576
-67-
2492 836 0910103381225
2493 1203 1329101140977
2494 258 0270104751859
2495 68 0070104292229
2496 3672 4118102632579
2497 442 0485101581638
2498 4362 4956101617142
2499 3744 4207104006836
2500 5505 6323104807694
2501 6162 7044102170859
2502 6898 7894102883667
2503 1399 1561104096319
2504 5255 6045102818827
2505 1592 1782103770471
2506 2655 2950104927069
2507 7401 8476100591193
2508 358 0377101108207
2509 2611 2899102987059
2510 6352 7278100535628
2511 8669 9929104467563
2512 2027 2266100035322
2513 1353 1501103891958
2514 1852 2087100434054
2515 2358 2625101143253
2516 6112 6989101634240
2517 2489 2759104138198
2518 3612 4050104582597
2519 4773 5451100039382
2520 6 0006103348318
2521 4717 5379104630479
2522 5160 5923103745002
2523 1175 1292102729969
2524 6119 6993102000037
2525 5808 6673101319238
2526 5393 6208101936369
2527 7050 8073102937791
2528 5737 6606103319037
2529 419 0459100532578
-68-
2530 6946 7952102461994
2531 1030 1123103423976
2532 2254 2534101631576
2533 7285 8334104384609
2534 1594 1784100149506
2535 8302 9510102853336
2536 7990 9146100643707
2537 1061 1164104090998
2538 2827 3148105030679
2539 6652 7628101828162
2540 1783 1991104823024
2541 2391 2655103951058
2542 5639 6488102396168
2543 6459 7404102255958
2544 3016 3389103043694
2545 2551 2829103572861
2546 2126 2374102000576
2547 4287 4873103514970
2548 3826 4304102075292
2549 5168 5931101766126
2550 2743 3046104976073
2551 3121 3501104527273
2552 3287 3688102374936
2553 1619 1810102797511
2554 5579 6406104974372
2555 1608 1799101944186
2556 3144 3526104944183
2557 3858 4359102731189
2558 3941 4463104958644
2559 2019 2256104933129
2560 7353 8408104808919
2561 5916 6781102078216
2562 6801 7802102999631
2563 3377 3785104025906
2564 7520 8624101340811
2565 8085 9244101506209
2566 4500 5119104339831
2567 4869 5588104100074
-69-
2568 7855 8998104558374
2569 5511 6329102814862
2570 5941 6810102357849
2571 5823 6691104964065
2572 4543 5160104939383
2573 4104 4654102411924
2574 5181 5951103420645
2575 3843 4336102933640
2576 7169 8214101268587
2577 5033 5767100846628
2578 4941 5660102073443
2579 4944 5666101496245
2580 7984 9138102229250
2581 5132 5888104205798
2582 7812 8957105033669
2583 6429 7369103445728
2584 5761 6629102462417
2585 1791 2009100790788
2586 7443 8528103025739
2587 2641 2936104299516
2588 3938 4460104960464
2589 7105 8143101293723
2590 5856 6722104305673
2591 1968 2196102456206
2592 4026 4574103513608
2593 3055 3436103331148
2594 6772 7766104761749
2595 27 0027103860782
2596 1891 2129102451114
2597 3510 3926104435217
2598 1769 1982102188503
2599 7173 8217102853519
2600 5889 6751104346209
2601 8273 9479103254306
2602 3406 3820104991849
2603 2954 3313104120225
2604 4900 5624103744486
2605 8602 9858104984280
-70-
2606 3968 4497102359196
2607 6693 7679102699026
2608 7176 8219100192342
2609 4032 4576101388596
2610 5397 6209101687675
2611 2541 2807102446830
2612 767 0836102346298
2613 5474 6292103057531
2614 1717 1919102590203
2615 7914 9072102185751
2616 2973 3336101535438
2617 8205 9385104524963
2618 3958 4487102575289
2619 2757 3060104982161
2620 1008 1094102600548
2621 8414 9642101144269
2622 2617 2905100950389
2623 5629 6474102404405
2624 587 0649105018393
2625 3993 4529104959298
2626 3354 3769102550224
2627 3494 3918102263131
2628 7907 9068101278203
2629 984 1063100148465
2630 2206 2472104965206
2631 5587 6414103453199
2632 1888 2124103058024
2633 7036 8055101835449
2634 5382 6200101381665
2635 3944 4471100422031
2636 1255 1383102298385
2637 6223 7116104991407
2638 5767 6635103169525
2639 2592 2871100934537
2640 4200 4767103391443
2641 6421 7364102493152
2642 650 0723103627328
2643 1947 2181101484537
-71-
2644 249 0263104516464
2645 189 0193103999161
2646 2638 2935104157055
2647 1679 1883104116110
2648 5590 6416100652970
2649 4924 5642103816580
2650 678 0760104865345
2651 8519 9765100069101
2652 3269 3670105031947
2653 6026 6895103660605
2654 7698 8821104873996
2655 5879 6742103760060
2656 5800 6667103799658
2657 1912 2153100228901
2658 4176 4737104924977
2659 1363 1510103101236
2660 8143 9319100180132
2661 3556 3989104102135
2662 1401 1564104108221
2663 7891 9049104347615
2664 5809 6675100724534
2665 7774 8899103073823
2666 5398 6209102373095
2667 538 0592103190924
2668 2948 3307102354094
2669 4399 5000104056250
2670 7757 8887103531749
2671 3765 4225101976343
2672 1342 1487103121166
2673 901 0980104832115
2674 5303 6094104595873
2675 5252 6042104785036
2676 5739 6607103989402
2677 7073 8102101752308
2678 4749 5412103136281
2679 8725 9990104957611
2680 1658 1849101453131
2681 7960 9119105037937
-72-
2682 2035 2275103535863
2683 3523 3936101876008
2684 1524 1706103875157
2685 3331 3740103236765
2686 2635 2932103179767
2687 746 0822104933832
2688 1312 1455102148099
2689 5489 6304103250959
2690 4751 5414102855743
2691 3609 4049102218231
2692 5855 6721102274842
2693 6780 7775102029465
2694 8587 9831104758115
2695 6334 7258103070980
2696 5226 6006103865532
2697 2072 2320102798517
2698 4162 4723102490331
2699 4835 5526103387802
2700 2653 2948104102865
2701 557 0616102646799
2702 3814 4293104015655
2703 3621 4060104734955
2704 549 0601104846748
2705 954 1032104946915
2706 6726 7717100261981
2707 4234 4817102848373
2708 2192 2456101242239
2709 1433 1603102872502
2710 8550 9798104601795
2711 488 0531104944282
2712 8482 9722100109169
2713 2130 2379104208100
2714 6389 7325103625919
2715 6840 7843104984839
2716 7222 8267104806329
2717 7324 8380104980784
2718 8116 9285103666316
2719 7425 8508101677948
-73-
2720 7608 8714103503896
2721 2774 3083101238425
2722 4781 5458100082998
2723 908 0988104438847
2724 6591 7560103030941
2725 6427 7368104328358
2726 7555 8660101086906
2727 4940 5658104034062
2728 3461 3878104207260
2729 8049 9209102072536
2730 5204 5983104986281
2731 7031 8044104841390
2732 1971 2200100308213
2733 1223 1351103752997
2734 812 0889103472238
2735 4789 5470102071663
2736 5135 5891100927255
2737 4978 5698104701256
2738 8023 9177101269263
2739 2367 2631100477056
2740 5546 6371104350914
2741 1666 1862101090048
2742 6468 7422100088679
2743 6024 6893102208586
2744 4501 5120101061711
2745 2614 2904104581608
2746 5763 6629104148165
2747 8151 9327101173944
2748 8211 9398102033511
2749 7259 8310104292842
2750 4294 4877101109419
2751 7909 9069104966569
2752 5924 6790103284168
2753 6874 7881103698935
2754 4413 5015100957157
2755 2404 2667104846557
2756 322 0338104944277
2757 3483 3907104901630
-74-
2758 1803 2022104471573
2759 1292 1435102790012
2760 6782 7782102429709
2761 1045 1138105000713
2762 289 0307101559892
2763 520 0571103585392
2764 6384 7317103576604
2765 2106 2353104871777
2766 1007 1093105019982
2767 7469 8561102746869
2768 6206 7097104015706
2769 1411 1576104235634
2770 5138 5898103558364
2771 4985 5713103236488
2772 7639 8760101085124
2773 495 0542100570115
2774 5963 6828102711826
2775 407 0440103094713
2776 971 1050102885832
2777 6721 7711104241183
2778 4959 5681101209933
2779 4505 5123103859782
2780 4765 5438104047432
2781 2542 2813103275242
2782 3209 3596102427115
2783 37 0034103037666
2784 5565 6390102627037
2785 7160 8203104145304
2786 7107 8144103390603
2787 6740 7731104913955
2788 7294 8353101120978
2789 1526 1706104982166
2790 2466 2736101428090
2791 5806 6672102601415
2792 5867 6733104246816
2793 5681 6535102027379
2794 7884 9039103211660
2795 8285 9492103575638
-75-
2796 994 1079102971936
2797 306 0319103269537
2798 567 0625101302288
2799 4073 4619103065822
2800 4580 5203102624181
2801 1308 1452104317159
2802 3276 3675104977284
2803 67 0067104023280
2804 2595 2878101809380
2805 1425 1594102942892
2806 6337 7259104407832
2807 4090 4641104799263
2808 7202 8237104616197
2809 2997 3368100885616
2810 7308 8367104468233
2811 4582 5204104750037
2812 3026 3398104350867
2813 5799 6667102420070
2814 1938 2175103927077
2815 4437 5043100810589
2816 6678 7658104784529
2817 3901 4414102012560
2818 6666 7648101994487
2819 6602 7574100523512
2820 905 0983104765020
2821 2148 2397102111673
2822 4653 5300101326979
2823 692 0774104361187
2824 6699 7681102543763
2825 8369 9584103793247
2826 7880 9032103353907
2827 6603 7574102978863
2828 6542 7501104474942
2829 937 1018100813476
2830 4648 5296104138795
2831 6674 7654102849235
2832 4699 5360104125922
2833 4865 5575103164603
-76-
2834 977 1057103149854
2835 2329 2597104343639
2836 7011 8023104957507
2837 3681 4125102354237
2838 8107 9271103978323
2839 8366 9580102337795
2840 4229 4808102639672
2841 1911 2152103279658
2842 8501 9745101025400
2843 7898 9055104293232
2844 5509 6326105030508
2845 3398 3816103410571
2846 6896 7893104289578
2847 705 0786101219385
2848 173 0170100043777
2849 2089 2335104766546
2850 1151 1268104292975
2851 2962 3327101403491
2852 2185 2449101499128
2853 2190 2455101072909
2854 7514 8619103053656
2855 1716 1918100848996
2856 8664 9925102730909
2857 2325 2596104474845
2858 3018 3392102672727
2859 263 0275104331078
2860 2375 2643101483790
2861 6778 7773100095633
2862 1432 1603102840604
2863 7974 9134102875219
2864 7513 8618102401571
2865 4252 4838104358699
2866 2468 2739100487922
2867 1034 1128103536861
2868 273 0285103290292
2869 321 0337102377246
2870 2157 2407103864560
2871 4188 4751105039507
-77-
2872 719 0791103668498
2873 4031 4575104804861
2874 8462 9697104944842
2875 6311 7226104407715
2876 3694 4148102729142
2877 7970 9129105036329
2878 3448 3866103767581
2879 3184 3567102863389
2880 4736 5394104537579
2881 6633 7606102003003
2882 4340 4930103864083
2883 7067 8093102479909
2884 6984 7992103934341
2885 657 0727101706866
2886 1913 2154102385341
2887 4186 4750103134460
2888 1724 1929102344559
2889 1006 1091104265384
2890 8082 9242102206376
2891 683 0768100114696
2892 8392 9608101120668
2893 5293 6087103142646
2894 2300 2574101172934
2895 6868 7871104175653
2896 8694 9951103543199
2897 6855 7858100312578
2898 467 0508102997912
2899 4280 4863101498499
2900 8280 9489101624564
2901 804 0883104146323
2902 146 0139104061194
2903 6074 6950104669669
2904 26 0026103567138
2905 3531 3945104098173
2906 3948 4477104845685
2907 5269 6063100235612
2908 3071 3455104167073
2909 4596 5220103677165
-78-
2910 2283 2563101602746
2911 2944 3302100104228
2912 3012 3383104437338
2913 6769 7765101616376
2914 2526 2797104531742
2915 4426 5033101162271
2916 3923 4440100612239
2917 8502 9745102931256
2918 121 0113103199160
2919 7109 8145103989121
2920 130 0121104737313
2921 1665 1861102437963
2922 8689 9944104716089
2923 6369 7301104594780
2924 921 1008100506349
2925 1615 1805100844556
2926 3424 3845102991501
2927 3990 4528104673804
2928 6451 7389104757633
2929 3343 3755104346615
2930 143 0135101908018
2931 7416 8499102905866
2932 1346 1491100798060
2933 6461 7409104059903
2934 1194 1314103851875
2935 5624 6464103514409
2936 2259 2541103108519
2937 6920 7919104997463
2938 6498 7457103416175
2939 1269 1407102242456
2940 2772 3073104902978
2941 5866 6733103330974
2942 3942 4464102439570
2943 1649 1838104449131
2944 3332 3742105040458
2945 5309 6103104030952
2946 1943 2179100170350
2947 7097 8132103963775
-79-
2948 3579 4009103447416
2949 626 0690100820982
2950 8224 9413104629713
2951 2166 2423100250478
2952 6803 7803100007494
2953 7668 8789101421338
2954 1863 2099100114649
2955 3426 3847104695711
2956 2873 3207104211609
2957 3847 4342104128930
2958 6892 7890104249050
2959 2041 2284104197793
2960 7664 8780103869461
2961 1486 1663104132787
2962 6608 7580101250445
2963 3481 3906101870891
2964 5101 5837102163544
2965 4678 5332102361071
2966 6410 7348100409904
2967 4881 5600103891646
2968 7417 8500104436279
2969 1400 1563101375092
2970 3837 4325101730831
2971 3767 4226103767379
2972 5142 5900104354878
2973 7765 8894104407332
2974 4167 4730103250109
2975 4192 4756100074644
2976 7989 9145104021163
2977 6977 7983101932740
2978 2246 2519100260277
2979 6839 7843103419688
2980 2993 3365102617804
2981 7305 8366100883867
2982 7335 8390100188480
2983 1291 1434102987374
2984 6382 7316101050264
2985 2083 2329103050172
-80-
2986 4072 4618101924515
2987 3616 4055103015822
2988 1214 1337104330493
2989 4685 5341103338665
2990 1338 1485104770994
2991 7171 8216103563789
2992 1923 2162103316494
2993 2026 2265102026203
2994 10 0009103592944
2995 8050 9211101834266
2996 1750 1948104951290
2997 3804 4283103982395
2998 6056 6934104404525
2999 2416 2684103898959
3000 6575 7537102450739
3001 7540 8645100250051
3002 7999 9154101554078
3003 7537 8642102204077
3004 799 0878103907238
3005 6065 6948100122229
3006 2450 2718102328472
3007 2554 2833101999433
3008 5636 6484103789988
3009 595 0656103161666
3010 384 0412102882764
3011 6919 7918104346337
3012 7548 8655101187612
3013 1905 2148101785761
3014 7858 9004104201530
3015 1903 2147104467968
3016 85 0083104017054
3017 7992 9150101921545
3018 5585 6413103981622
3019 6483 7434103752781
3020 4764 5437103713533
3021 1657 1848101673523
3022 8124 9291104780423
3023 6173 7054101602470
-81-
3024 7096 8130101301401
3025 2535 2803103681496
3026 6433 7378102474411
3027 6205 7095101815715
3028 4346 4937103157747
3029 1808 2030102750633
3030 8042 9197101257660
3031 4698 5360102312863
3032 2925 3280102404549
3033 6297 7211102861500
3034 5496 6312100285365
3035 6905 7900103807741
3036 8041 9194103312349
3037 5672 6526104001960
3038 7058 8079101723538
3039 2414 2682100994864
3040 4772 5450100552827
3041 7516 8619104662703
3042 4195 4759103696420
3043 3101 3482100897914
3044 2915 3266101781726
3045 5112 5858103389743
3046 2599 2884103037139
3047 7714 8836101270336
3048 2525 2797104158872
3049 2496 2771103343222
3050 4292 4876102040038
3051 8055 9217102506131
3052 7828 8973103536607
3053 1511 1687104833547
3054 2078 2325104872309
3055 6145 7029103519097
3056 8131 9307103999973
3057 1050 1143103061175
3058 7597 8699100833765
3059 8712 9978104644693
3060 8130 9305102411390
3061 8051 9212100521772
-82-
3062 290 0307102057623
3063 4145 4701100898616
3064 1284 1427104783514
3065 7684 8809104377442
3066 5143 5901104467574
3067 2758 3061103848960
3068 2222 2488101243377
3069 935 1017100899129
3070 6956 7956103954446
3071 8595 9845102934245
3072 3706 4158100054830
3073 4563 5182102296122
3074 5438 6251102414967
3075 3979 4517101246674
3076 2952 3311102865987
3077 2052 2301101035738
3078 2940 3295104251973
3079 637 0700104046477
3080 5718 6585102970946
3081 7605 8708104125640
3082 6582 7556101251555
3083 7529 8632102005098
3084 1069 1172103433835
3085 1241 1366104073669
3086 5344 6139101742043
3087 2037 2275103840689
3088 5071 5803103544143
3089 8025 9177104347924
3090 1143 1259103932764
3091 2815 3126104866340
3092 1618 1810100715665
3093 924 1009104022552
3094 7739 8867104871404
3095 5006 5731103156543
3096 8643 9904105033837
3097 7444 8529103509740
3098 6041 6919103709718
3099 4732 5389103482088
-83-
3100 1753 1951104318295
3101 1105 1213101311972
3102 8554 9801104580508
3103 1585 1776104516981
3104 3954 4483102639312
3105 8087 9244104807316
3106 5026 5759101211163
3107 2465 2734104149005
3108 3370 3780101842448
3109 1515 1697104814434
3110 6480 7433104209481
3111 2810 3122104838703
3112 609 0671104937549
3113 3610 4049102892028
3114 4296 4879100216729
3115 1165 1280104149316
3116 7728 8860102244692
3117 1335 1483103341778
3118 1128 1239100402868
3119 5036 5768103790135
3120 7912 9071103148424
3121 4446 5051101136220
3122 1550 1732104192507
3123 6676 7656102511364
3124 3678 4124100881271
3125 4862 5571101997260
3126 612 0675100944419
3127 5253 6044103742959
3128 6441 7383104274798
3129 3465 3883103499016
3130 7288 8342101491097
3131 1867 2104102774661
3132 2714 3015102015219
3133 6828 7827103173738
3134 8494 9736104325556
3135 5834 6708104379186
3136 2518 2791102209839
3137 3148 3529104680355
-84-
3138 4877 5598102032494
3139 1885 2123102213686
3140 8245 9451100504810
3141 6537 7499102898602
3142 2567 2850100026905
3143 4116 4668101837835
3144 164 0161104143983
3145 7265 8321103895231
3146 5429 6238101197834
3147 3982 4518104978370
3148 1878 2117102212784
3149 4092 4645102302660
3150 5906 6768103868115
3151 7439 8521104283723
3152 7997 9153103484331
3153 2323 2592101930941
3154 4128 4684100834468
3155 1974 2202103615623
3156 843 0919101783787
3157 1714 1917103857356
3158 7796 8929100561810
3159 5951 6816105028380
3160 1874 2110103236049
3161 4864 5572102323592
3162 5973 6838100856442
3163 6488 7445104087810
3164 4014 4558102009245
3165 4331 4912104854727
3166 3821 4299102474081
3167 4695 5356102007998
3168 1365 1513100345792
3169 2483 2755103750984
3170 6493 7453101964797
3171 1326 1471103353917
3172 4564 5183103548048
3173 1725 1934100356844
3174 7667 8788104989398
3175 3689 4141103217832
-85-
3176 2109 2356105003309
3177 724 0797100317740
3178 1875 2110104852737
3179 772 0847104048121
3180 1510 1687103256244
3181 8509 9750102456548
3182 115 0107104263542
3183 8421 9649100669231
3184 6380 7311103147847
3185 5623 6464103164981
3186 4548 5163102112731
3187 5673 6527102753510
3188 7331 8387101427057
3189 1256 1385104607825
3190 510 0556103491202
3191 2381 2647101216854
3192 5612 6448101582516
3193 2861 3192101865676
3194 1101 1209102772839
3195 7042 8066103843622
3196 4101 4652102136457
3197 4546 5161103609799
3198 3903 4420101024103
3199 6942 7947104993594
3200 8516 9758104834092
3201 4088 4640103213554
3202 6406 7344104120979
3203 8103 9268101427801
3204 3229 3623103346426
3205 2711 3010103755222
3206 6379 7310104936451
3207 4839 5533104287224
3208 1705 1910100995188
3209 4419 5022103223937
3210 1600 1792102938701
3211 3371 3780104456474
3212 6566 7531100645900
3213 8407 9634101926141
-86-
3214 1458 1631103014663
3215 6715 7701103339157
3216 1931 2169104653557
3217 4158 4716103442850
3218 6183 7069101495251
3219 2950 3311101025229
3220 7965 9125102106922
3221 6764 7756103851016
3222 8406 9634101796460
3223 7969 9129104318260
3224 2918 3268102692422
3225 5337 6135100688510
3226 1471 1643104898606
3227 623 0687103696910
3228 3572 4007101612781
3229 4668 5320100053127
3230 6735 7726103582140
3231 6645 7621103274389
3232 1877 2115102904841
3233 2074 2322102268121
3234 2762 3066103682267
3235 6158 7038102804942
3236 4259 4844102251497
3237 6072 6950102243009
3238 4637 5275104923556
3239 4405 5006102923156
3240 945 1027101122903
3241 4616 5247102695046
3242 6843 7844104345527
3243 1428 1598104970435
3244 5490 6307101038821
3245 3300 3704102710520
3246 6561 7525103422863
3247 461 0502101240955
3248 3535 3951104741426
3249 4063 4608104447614
3250 4951 5671103061475
3251 1321 1463103261417
-87-
3252 7515 8619103754774
3253 1367 1515102426413
3254 5896 6756100524942
3255 611 0674102195796
3256 156 0156101536794
3257 737 0808104996220
3258 1079 1183104981772
3259 2661 2954104062073
3260 1059 1162100501235
3261 6249 7150104163829
3262 8415 9643101053082
3263 53 0055104300758
3264 3345 3755104941315
3265 286 0300101288780
3266 1745 1946102165755
3267 4068 4610103909136
3268 7964 9123103923589
3269 2313 2581102042711
3270 2744 3047100501556
3271 4601 5225102256750
3272 8423 9650100106583
3273 6445 7386101431890
3274 2335 2604103310644
3275 7457 8547100086579
3276 6122 6994102818145
3277 2563 2843103690766
3278 5483 6301100115468
3279 7896 9054103186329
3280 6287 7195104383379
3281 1085 1188104220643
3282 3395 3813100477192
3283 3974 4507105025530
3284 7968 9129103407199
3285 3705 4155103952145
3286 6712 7694101675255
3287 4454 5057101726778
3288 7230 8271103707705
3289 4884 5605103268098
-88-
3290 2431 2698102714611
3291 7713 8834102857340
3292 5279 6068104676197
3293 6796 7796102910277
3294 1373 1519102028858
3295 2379 2646104563124
3296 8094 9251102657620
3297 6274 7182104814723
3298 1333 1478100645905
3299 77 0079104795549
3300 4015 4561103516972
3301 5497 6312103535738
3302 6060 6936101190745
3303 5914 6779103530248
3304 4107 4655102707276
3305 1282 1423102374650
3306 5370 6185102151131
3307 4719 5382101784574
3308 5894 6755102948221
3309 1991 2226102787946
3310 3673 4118103432478
3311 6187 7072100215620
3312 4275 4856104930969
3313 4406 5006104947808
3314 4139 4690104265011
3315 7149 8190103170639
3316 1100 1207103117002
3317 6345 7266100714925
3318 6437 7380102907334
3319 7966 9125104516255
3320 3953 4482104725409
3321 7793 8925100910237
3322 7694 8817102161381
3323 747 0825102874620
3324 7560 8663103801275
3325 7053 8075103544721
3326 4606 5232103003867
3327 5789 6658101700685
-89-
3328 1427 1597101405035
3329 5390 6206104125756
3330 5221 6002103235956
3331 2576 2856104422930
3332 87 0086104280201
3333 5044 5777100513980

