1 387 1676102064297
2 920 4229100565880
3 1016 4727102370929
4 1546 7417100527518
5 794 3688102674907
6 605 2769101056023
7 537 2467102548899
8 973 4481100756197
9 1378 6490102903365
10 618 2814101593351
11 1134 5262103909306
12 549 2509103563701
13 669 2997102931826
14 886 4073101508990
15 1121 5192101338042
16 1873 9074103024090
17 619 2818102203701
18 193 0831102437739
19 717 3311102632502
20 1788 8721103164235
21 968 4466100040270
-2-22 1463 6948103120129
23 15 0054100834714
24 71 0313100410597
25 2042 9879102087767
26 1118 5170102434753
27 287 1202101751439
28 866 4012102484082
29 371 1613101866845
30 114 0533102613913
31 1435 6807101245534
32 633 2848102180868
33 639 2893102134736
34 1889 9181102538888
35 1617 7789103663266
36 741 3414103789632
37 649 2915103900113
38 699 3166102100485
39 88 0396103853653
40 1704 8217102136491
41 841 3884103030748
42 536 2464103331694
43 419 1821101954453
44 2044 9882103351124
45 814 3771101060370
46 991 4580103729261
47 1530 7308102861978
48 263 1116101705782
49 1706 8234102662187
50 578 2633103306915
51 1236 5840101111682
52 1167 5469103863489
53 713 3279101996974
54 538 2471101321831
55 787 3623102796473
56 986 4552101547530
57 905 4170101480040
58 946 4382102990277
59 1567 7566102838893
-3-60 1738 8463103781233
61 318 1339101514423
62 1734 8426103283178
63 603 2745102590021
64 1264 6001100171289
65 1246 5895101144679
66 501 2249101264908
67 1973 9605100154900
68 843 3892101493807
69 1332 6295100152199
70 381 1660101430179
71 1225 5793103825544
72 1982 9631103767150
73 106 0500101904277
74 1075 4986102088505
75 948 4385103008489
76 433 1894102854314
77 1044 4869100267318
78 34 0156101699750
79 1320 6225101846102
80 1052 4892103887078
81 1650 7973100781412
82 25 0096101548505
83 1222 5778101319336
84 1856 8998101020893
85 940 4345103747279
86 268 1132103793779
87 1983 9635100423141
88 101 0478102959482
89 1103 5110100426387
90 631 2847100862154
91 1898 9220101832512
92 1766 8616103756386
93 1195 5592102140472
94 412 1771101708019
95 1387 6534103846971
96 1169 5471103751956
97 1996 9721101704810
-4-98 1217 5731103119921
99 799 3694102499003
100 313 1316103435204
101 1081 5008102304596
102 688 3093103574218
103 994 4592102538812
104 1326 6254100810132
105 1415 6740102802515
106 1317 6214103010592
107 1062 4926101622296
108 1700 8188101020038
109 1653 7975102944479
110 354 1523101928754
111 2005 9753102462248
112 872 4024101724350
113 1688 8130101575436
114 516 2333103813738
115 294 1229101980789
116 513 2317103759831
117 809 3737102342146
118 325 1377103185180
119 978 4492100656967
120 580 2636101935671
121 1872 9071103471508
122 1803 8782103528577
123 701 3174101243877
124 545 2492103749757
125 1521 7235102419547
126 788 3623103800372
127 1756 8566103411444
128 1751 8546101733997
129 1841 8944100706837
130 500 2249100437555
131 1297 6154101738523
132 1007 4651102150206
133 2033 9837102760436
134 963 4439103338439
135 1093 5047103123146
-5-136 1959 9529103342405
137 441 1961102343468
138 1686 8115103771025
139 1269 6021102847128
140 284 1198101473506
141 511 2310103750716
142 749 3437102028799
143 689 3097102260806
144 1026 4756102618137
145 78 0332101469674
146 679 3047102771064
147 657 2942102563658
148 1188 5569100259133
149 893 4116103468964
150 1884 9145101655033
151 1795 8746103039020
152 1271 6040101558917
153 947 4385101961670
154 781 3596102782456
155 1956 9524101857104
156 529 2413102367102
157 1369 6459100929675
158 2011 9777103171247
159 1874 9077103122548
160 1917 9336100396690
161 116 0537102228999
162 1638 7923101710880
163 681 3059102187088
164 616 2803103734958
165 368 1592101956106
166 1771 8638101751388
167 297 1238100379228
168 1361 6419102902912
169 1055 4903103234867
170 12 0046101037528
171 1581 7615103011281
172 1444 6856103365172
173 109 0518100952990
-6-174 1432 6804103560333
175 659 2948101180823
176 1185 5563100893996
177 1374 6468102493858
178 997 4603101766892
179 1476 7013102386333
180 1274 6064103789482
181 763 3496102670113
182 16 0058102905406
183 800 3703103555253
184 1178 5523103047673
185 548 2501100059208
186 1158 5409100405093
187 1963 9570101533216
188 335 1432101172322
189 700 3171101570560
190 894 4117100542042
191 574 2611102025823
192 1451 6878102916271
193 1459 6927102720060
194 135 0607103778603
195 1199 5619102025799
196 1891 9184100825193
197 41 0183100375596
198 820 3781101478610
199 113 0532103817109
200 1499 7124102470010
201 1955 9511103663009
202 283 1195103814880
203 1263 6000102175116
204 421 1831103880983
205 1999 9732102347619
206 1352 6368101666492
207 543 2485102706791
208 1182 5542101714368
209 162 0699102745005
210 1469 6985102597552
211 1845 8957103826201
-7-212 1172 5493103622304
213 464 2068100633359
214 1501 7128102794114
215 1883 9143100156619
216 1606 7739101670107
217 1871 9071102615807
218 2024 9806103032049
219 661 2960102714881
220 161 0699101682105
221 1500 7127100692964
222 130 0583103374866
223 2047 9907102524862
224 2037 9855102411984
225 233 0994101267262
226 830 3830103829858
227 1145 5315103785093
228 555 2547102411475
229 804 3717102950725
230 1364 6431102874068
231 1838 8934102403816
232 853 3952101816519
233 123 0554103154332
234 518 2356100862209
235 1978 9625102092084
236 35 0158101746300
237 738 3407102253759
238 2026 9808102584929
239 1045 4869103834147
240 351 1507102654784
241 1455 6895103793610
242 1290 6105103734584
243 2053 9939102443248
244 352 1514101838928
245 27 0110103853031
246 1428 6786103054996
247 1000 4622103845662
248 650 2919102773605
249 305 1254103837386
-8-250 1537 7362103109558
251 1312 6196103114376
252 845 3910102938933
253 1133 5262102313617
254 528 2412102951306
255 446 1991100202165
256 1767 8620101563631
257 523 2377102556233
258 1607 7742100407324
259 2051 9920100296119
260 378 1650102157158
261 861 3986103049893
262 1694 8162102306908
263 993 4583103177035
264 1050 4886101786033
265 2009 9767103030154
266 1586 7631100796173
267 1848 8965101359143
268 869 4017101140336
269 1907 9290101139172
270 980 4511102964150
271 45 0203102488202
272 903 4155103234518
273 2057 9966102726004
274 1685 8115102319642
275 206 0888102903633
276 1465 6961103034984
277 155 0673103276313
278 1060 4913102350231
279 302 1252103381745
280 1603 7709102008935
281 391 1709103822037
282 1735 8457102846623
283 1569 7575101817263
284 292 1223102769446
285 259 1108101812209
286 468 2106102769917
287 363 1573103506704
-9-288 1077 4996103779759
289 430 1876102146308
290 360 1559102030457
291 1422 6767102243387
292 1040 4858102092234
293 1481 7050101846856
294 1080 5007100073421
295 1215 5726103050444
296 1844 8952103333020
297 460 2056101699745
298 558 2554100004173
299 662 2968100063346
300 1986 9645103857934
301 231 0967102649000
302 534 2458101955113
303 824 3799102343854
304 1561 7528103181459
305 1120 5191102455756
306 1065 4929102431321
307 434 1901103661110
308 224 0943103173588
309 1864 9035103507568
310 1392 6583100698509
311 1452 6879101132246
312 660 2952100973526
313 275 1157103255346
314 279 1175102159698
315 577 2622102167397
316 1648 7959103785245
317 457 2041103903786
318 183 0802102865941
319 1509 7167103176974
320 1031 4777100457159
321 473 2122101903128
322 1698 8181102464272
323 1229 5798100643188
324 1525 7254103236123
325 403 1753100969697
-10-326 373 1618102226575
327 600 2725100766283
328 1806 8788102876670
329 942 4363101301898
330 467 2097103746438
331 935 4304102635250
332 614 2797103848731
333 1036 4824100988038
334 761 3493103246937
335 1466 6972101939692
336 1991 9677102441511
337 854 3956102543167
338 628 2836102318778
339 1030 4773102460389
340 380 1656103853091
341 1206 5649102428394
342 339 1455101698948
343 937 4335100243524
344 1267 6018103135975
345 874 4032103386230
346 480 2156101065191
347 477 2137102623893
348 1832 8888100345579
349 1820 8832103411253
350 899 4136102788149
351 561 2574100602186
352 333 1415101980336
353 1136 5270103042079
354 1602 7706103841925
355 32 0136100622274
356 1913 9310100019279
357 1649 7972101596400
358 1402 6652101283855
359 128 0575103238267
360 1306 6172100637921
361 1110 5140102001287
362 888 4079101470251
363 1054 4902102201654
-11-364 780 3585103042164
365 177 0790103585310
366 1908 9296100983560
367 668 2997100737893
368 293 1227103351956
369 849 3934100192644
370 1187 5567103059651
371 1529 7277102377760
372 1705 8233102540644
373 462 2059103079856
374 1165 5451103772016
375 856 3962103015351
376 137 0616101510844
377 969 4468103870032
378 428 1871102837101
379 330 1402103001422
380 1926 9367103025298
381 1960 9533102180747
382 1003 4639103742765
383 1427 6782103823826
384 1443 6847102573969
385 1522 7237102841168
386 188 0812101806103
387 1866 9041103827184
388 212 0907103272163
389 1693 8160101852965
390 158 0690100744950
391 2048 9911103373129
392 1762 8595103054443
393 959 4428101619243
394 1656 7986101880943
395 1975 9615103095428
396 269 1135100724191
397 296 1235102894196
398 415 1793101112599
399 566 2591103829917
400 745 3426101755031
401 1538 7372101877251
-12-402 2006 9757101888086
403 49 0218103760633
404 202 0879102880876
405 238 1005103873029
406 1334 6300101404593
407 141 0632101399032
408 461 2057102915716
409 725 3332102924032
410 916 4223102631157
411 1684 8112103853843
412 1237 5841101257577
413 481 2156103181067
414 1288 6105101914206
415 833 3832101234633
416 1037 4837102833954
417 976 4484102271814
418 1012 4703101731279
419 1802 8781103851563
420 596 2715103081477
421 1095 5057101638683
422 1572 7589103756076
423 943 4365102155415
424 1968 9583103799755
425 944 4369103406196
426 1512 7184100052339
427 1394 6612101717748
428 1951 9493103826264
429 1473 6995100918004
430 1629 7853101845634
431 525 2400103791808
432 17 0068102424816
433 1588 7633102468519
434 385 1663103764391
435 847 3923101540348
436 1337 6305100454501
437 1494 7100100153034
438 1006 4646102790998
439 1498 7115101494459
-13-440 885 4072101907313
441 1321 6233101511663
442 1502 7130102225914
443 731 3367103353529
444 1798 8760102759844
445 1411 6698101340020
446 1349 6361103874762
447 1170 5474101146834
448 728 3343100695844
449 1579 7610100811260
450 691 3107103194644
451 1467 6978102645143
452 290 1222102136944
453 979 4503101891513
454 593 2701102356538
455 1851 8976103355756
456 1423 6769102447316
457 676 3026101314276
458 1471 6990102488973
459 36 0158102600043
460 995 4592103747581
461 215 0919100702516
462 1153 5353102032560
463 1511 7178101773653
464 1266 6017100468411
465 60 0275103845996
466 776 3572101290184
467 10 0040102381003
468 664 2979100357157
469 526 2408101221935
470 153 0669101666338
471 89 0414103476305
472 125 0564101058068
473 879 4051102369511
474 901 4150103439729
475 550 2513102305228
476 1324 6245102005325
477 1442 6847102086320
-14-478 1048 4883102481185
479 1503 7131103885364
480 902 4151101307646
481 76 0323102503454
482 209 0896100195548
483 1912 9309102899474
484 1420 6757100727225
485 801 3703103836458
486 1584 7621103401064
487 1433 6805102396101
488 1412 6701103336920
489 1637 7899102365173
490 301 1251101665404
491 237 1005102963563
492 1520 7232100787299
493 1458 6915101601812
494 1689 8136102444861
495 454 2034103508232
496 440 1952102327192
497 1298 6154103850980
498 1860 9006103559573
499 570 2598103109331
500 1548 7436101646875
501 50 0224103227208
502 418 1809103417734
503 205 0888101531778
504 519 2360103646022
505 773 3568101189796
506 1713 8272101301199
507 610 2780103143154
508 1808 8793102792729
509 1190 5576100614940
510 926 4277103285362
511 1307 6174102562147
512 1787 8719102282849
513 952 4405102816072
514 754 3471103145107
515 1670 8052101667606
-15-516 1024 4750103581663
517 341 1457102697219
518 552 2527102627909
519 1517 7222102821424
520 840 3872102261631
521 1343 6318102933348
522 1370 6460101922168
523 383 1662102182774
524 1379 6500101828387
525 897 4125101870931
526 640 2897102648993
527 1987 9650100633334
528 729 3359103459973
529 811 3754101822956
530 331 1402103007329
531 1940 9425100325554
532 1089 5030100693182
533 1716 8286102075599
534 740 3414101295334
535 1414 6724101368941
536 148 0646102164180
537 291 1222103862212
538 1646 7947100585716
539 686 3090100617074
540 1404 6665102764385
541 1314 6201100561971
542 271 1141101490742
543 1919 9347100934888
544 890 4088100988016
545 1338 6305100673738
546 469 2106103107671
547 1294 6127102265652
548 945 4374102591398
549 789 3629103468588
550 321 1367100052251
551 653 2923101100242
552 707 3222103906698
553 82 0348100579642
-16-554 37 0169103837143
555 42 0187102777988
556 281 1182103863232
557 306 1259101748165
558 1726 8362103460443
559 2003 9750101922914
560 346 1479101418824
561 1289 6105103296634
562 1323 6243102201872
563 185 0807100157248
564 265 1120102044891
565 759 3490102867686
566 169 0717103445370
567 1468 6983103376380
568 167 0715103380159
569 540 2472103133629
570 1967 9583102190975
571 621 2820102637301
572 771 3558101725673
573 2013 9783103772910
574 374 1624100453233
575 343 1464103774136
576 1558 7511103769438
577 1647 7949100199614
578 55 0250103764013
579 1610 7747102847727
580 645 2906103892251
581 1718 8295102263998
582 1099 5083103843694
583 1651 7973101644013
584 1574 7591103414661
585 1664 8032100913692
586 79 0338103885234
587 1154 5363102018195
588 535 2464100575721
589 1384 6520102429929
590 1028 4760102567025
591 594 2703100663614
-17-592 96 0473103826035
593 641 2897103378916
594 132 0588102522427
595 1723 8332100592292
596 956 4426100649228
597 2052 9936103832699
598 989 4565102349690
599 915 4222102083596
600 981 4511103874926
601 705 3213101515242
602 812 3754103828910
603 1920 9350102253753
604 1585 7624101598958
605 790 3643103808867
606 289 1220102490464
607 970 4470103758605
608 211 0900101280110
609 1176 5518102493382
610 1902 9261102372242
611 416 1797103903666
612 312 1307101529232
613 630 2845102315160
614 392 1711102215159
615 1843 8951102899719
616 1409 6682102419544
617 1480 7043103471378
618 447 1991102192013
619 779 3584101530693
620 1479 7032103887600
621 1639 7924100291660
622 695 3133101305612
623 340 1455102880153
624 586 2656103175270
625 750 3450102145881
626 1161 5424101803171
627 465 2071102666329
628 1587 7632102774395
629 1893 9190101242985
-18-630 2027 9811102469135
631 1526 7265101131267
632 1505 7139102581508
633 1867 9054102265842
634 708 3234101807637
635 2019 9800102258126
636 495 2225102286089
637 802 3707100368698
638 1308 6178103774546
639 1210 5678101857902
640 961 4431103201418
641 597 2718100131773
642 1135 5270102738022
643 1634 7890102285996
644 258 1105101325936
645 33 0139101795142
646 442 1973103086488
647 379 1650103737518
648 795 3689101524171
649 1933 9405102714150
650 591 2697103322522
651 1152 5350100952308
652 1047 4874100677643
653 892 4112103201740
654 482 2157101163498
655 31 0134101565188
656 1166 5461102775239
657 950 4400100603415
658 2038 9869103119382
659 1524 7250102129801
660 2015 9791102609077
661 2040 9873101586444
662 1174 5504101946043
663 1216 5730102508768
664 429 1872102771594
665 1797 8757101116627
666 1678 8096103208524
667 1589 7642103366052
-19-668 1239 5856102944653
669 324 1376100085434
670 1635 7897101021017
671 1994 9691100768236
672 1085 5024103891888
673 1126 5211103157936
674 1073 4982103110479
675 2058 9970100153612
676 914 4219100976616
677 86 0383103106799
678 1966 9577100927343
679 1712 8268101306210
680 931 4291101684353
681 257 1101101973121
682 1710 8253100755096
683 1159 5418103411655
684 934 4300102954098
685 1014 4719100612242
686 56 0253102903256
687 1331 6281103657414
688 541 2480102817160
689 954 4409103596617
690 1203 5634102184218
691 569 2598100401927
692 909 4181103176808
693 99 0476103848341
694 1886 9160103523463
695 966 4458102797312
696 706 3219103794351
697 1424 6774101510409
698 1438 6826102107688
699 328 1396102397126
700 1597 7666103378724
701 1763 8598102080653
702 867 4012103351733
703 723 3327101108519
704 655 2925103036589
705 225 0945101909024
-20-706 584 2649102488377
707 1939 9423103894970
708 1816 8811103334416
709 1964 9570102642602
710 1774 8655100147985
711 1363 6425103738982
712 176 0781103783517
713 437 1930100539337
714 1198 5612100172099
715 1909 9297101877433
716 1882 9130102419330
717 832 3831102246091
718 175 0771101538786
719 1887 9172102833818
720 194 0833100217079
721 228 0952100436078
722 1652 7975101891420
723 365 1576103848154
724 255 1092100495469
725 1790 8725102309352
726 1015 4723103239225
727 1772 8648102856229
728 1736 8462100359320
729 262 1114103836520
730 1019 4735100367502
731 1641 7929100753165
732 222 0939101736320
733 329 1398101439222
734 1985 9644103606514
735 2000 9739103370964
736 1051 4889103749585
737 243 1027102957285
738 1160 5423103888282
739 1076 4995103010622
740 489 2197103860520
741 1944 9464100912672
742 517 2336101912408
743 635 2852100543293
-21-744 220 0932103197358
745 149 0647101904973
746 20 0083102993645
747 949 4393101567396
748 1319 6224101344348
749 965 4458101357065
750 1101 5098102795380
751 1220 5755101989363
752 1952 9495102136686
753 1614 7781103746752
754 1924 9364102705741
755 241 1013102926899
756 1965 9574103205595
757 1296 6152103165512
758 602 2740103572972
759 1568 7574101960900
760 637 2871101567834
761 2001 9741103154218
762 1284 6098103760756
763 703 3189103897681
764 1701 8195102977372
765 1745 8502101957685
766 694 3120102707826
767 120 0544102788819
768 1011 4700102519809
769 1828 8868103737817
770 74 0322100977225
771 309 1279102051844
772 682 3060101730738
773 1341 6317102932627
774 1711 8259103130475
775 1270 6032102291467
776 627 2834102448444
777 1703 8213103011231
778 1488 7084101105052
779 702 3185103810727
780 69 0307102366860
781 1194 5584102043179
-22-782 98 0476102821223
783 1570 7581103879448
784 573 2601102009741
785 1445 6857100136333
786 488 2186100764722
787 1061 4923103161363
788 1282 6096102136466
789 1356 6387103035643
790 527 2409102156279
791 604 2752103271176
792 97 0475103132675
793 1737 8462100877813
794 1601 7695103513966
795 930 4291101219784
796 1492 7096100155963
797 251 1078101319595
798 844 3892102185904
799 644 2904102145162
800 1430 6797101132551
801 658 2944102349771
802 214 0914103092191
803 625 2832100847705
804 1731 8384100158485
805 1059 4912103845694
806 1563 7530101812086
807 647 2915101831227
808 1353 6370101282585
809 59 0275102753053
810 356 1539101831915
811 921 4236103829016
812 530 2421103843105
813 2028 9813100036095
814 951 4401101012372
815 1163 5436101634834
816 1747 8518101048403
817 494 2215103758580
818 1765 8605103029393
819 1316 6209101355502
-23-820 1992 9685101515235
821 1440 6839102681142
822 239 1011103197363
823 675 3020101711297
824 786 3620100911371
825 1565 7552101922474
826 1618 7807102312257
827 1097 5079102040599
828 1943 9457102658078
829 1510 7173103686866
830 1287 6104101591644
831 910 4195103684008
832 1554 7493102049704
833 1953 9496100779373
834 506 2272102518649
835 195 0840101588517
836 568 2596103171014
837 1295 6129100623711
838 103 0478103790148
839 1350 6362102406463
840 1977 9623102922392
841 1566 7565102506559
842 531 2436103801752
843 147 0644103784468
844 1817 8816103319584
845 87 0395102718449
846 359 1555102832484
847 714 3290102956189
848 1833 8892103800124
849 1620 7828103861798
850 13 0048102773428
851 1827 8865101620762
852 1783 8710103174215
853 223 0942103719985
854 456 2041101201823
855 1371 6460102880760
856 1335 6301103001520
857 323 1370101585202
-24-858 26 0098100374638
859 1810 8795103026719
860 1697 8180100813408
861 311 1282102891633
862 1947 9476101465358
863 1262 6000101855488
864 1879 9097103528090
865 576 2616102000715
866 2020 9801100985712
867 1562 7528103311977
868 984 4521103831396
869 1544 7414103135123
870 797 3690101713113
871 90 0441100571517
872 18 0075101655027
873 724 3328101011428
874 1628 7850102387308
875 839 3869103104199
876 656 2938100159407
877 174 0758103395721
878 967 4462101935546
879 46 0204101209542
880 1205 5648100250711
881 184 0804103114494
882 129 0576103768504
883 70 0307103744781
884 1004 4643102697163
885 838 3859101672900
886 1826 8853103703642
887 1535 7350103524507
888 1890 9183103638363
889 873 4032102386131
890 236 0997103663073
891 1792 8738102374801
892 846 3919101114615
893 320 1354103085227
894 424 1847101612482
895 733 3371102310705
-25-896 918 4225103002714
897 810 3753102715428
898 1655 7981102034770
899 1177 5519100319521
900 1782 8705101002034
901 654 2923103080398
902 957 4428101356568
903 1351 6366103881953
904 870 4022103383031
905 1717 8289103141624
906 303 1254101768221
907 1709 8242101558695
908 1980 9627102710471
909 919 4226102640922
910 1281 6094101782620
911 1122 5195102034674
912 2035 9841101037449
913 827 3812101045441
914 1624 7834101077866
915 987 4560102905244
916 196 0841100193807
917 1474 6996100759290
918 395 1718103677681
919 3 0014102589050
920 1534 7342100069283
921 629 2842100573282
922 316 1335103066012
923 1009 4671100376862
924 232 0967103820296
925 1242 5862101851449
926 620 2818103122334
927 57 0262102467408
928 1518 7223102833494
929 168 0715103760137
930 1376 6483100737405
931 1366 6451100634026
932 285 1199103169969
933 1596 7660102170489
-26-934 94 0452102065970
935 1675 8070103240499
936 235 0997101738310
937 1865 9041101971071
938 1253 5924103764314
939 623 2826103431327
940 2049 9912103155802
941 1663 8031102782837
942 652 2923100735314
943 1885 9149100850214
944 1542 7412103446926
945 851 3938102943219
946 1900 9246103022370
947 722 3316101905500
948 755 3473102368317
949 1017 4732102977035
950 338 1452102892311
951 2039 9871102625032
952 932 4293103091155
953 1098 5080101322356
954 344 1466101051282
955 1761 8594103380350
956 68 0306103112954
957 1486 7069102071808
958 1727 8366102799961
959 1340 6317102846988
960 1100 5087102079718
961 1042 4865102830576
962 857 3964101533342
963 1918 9341100155876
964 1654 7977103207972
965 1064 4929101816160
966 1496 7106102600039
967 1758 8580103263659
968 1248 5911103707630
969 1643 7936101026843
970 1482 7052102488870
971 288 1204101900018
-27-972 1714 8274102316247
973 1345 6349102734803
974 1475 6996102432356
975 998 4614102290270
976 1186 5565102999702
977 1776 8660100207405
978 398 1728100472737
979 2060 9984103791186
980 121 0552101992997
981 1892 9188103849007
982 2056 9958103183473
983 1764 8600100984270
984 276 1159102670750
985 1759 8581102917714
986 1094 5055101273372
987 1437 6817103422540
988 1683 8112101283778
989 1928 9380103628054
990 210 0896103888417
991 180 0797101892760
992 67 0305101210005
993 1813 8797102309521
994 261 1113102538768
995 1446 6858101599829
996 1067 4961101801228
997 1256 5955101407355
998 1553 7473103879265
999 572 2599102377924
1000 242 1020103280193
1001 1336 6302102231614
1002 1464 6949102836782
1003 1365 6441101398968
1004 911 4198102909019
1005 864 3997103862699
1006 1819 8824103155743
1007 1367 6455100819527
1008 486 2175103889063
1009 1300 6161102647078
-28-1010 2030 9820100011170
1011 1531 7312101866289
1012 1303 6166102142810
1013 1322 6233103409416
1014 299 1240102914462
1015 693 3113103841969
1016 764 3503100605071
1017 865 4006102041184
1018 1441 6845101817474
1019 592 2699100856037
1020 808 3736100387081
1021 1453 6892100606684
1022 1497 7115100198784
1023 834 3837103312900
1024 1462 6937103403695
1025 823 3798102603896
1026 496 2233100062353
1027 163 0706100506273
1028 2062 9990102855753
1029 1549 7447102115465
1030 44 0202101514845
1031 923 4246102161624
1032 171 0739102856613
1033 1056 4907103397023
1034 1821 8833101654282
1035 988 4563101278036
1036 1622 7832100366815
1037 1770 8634100254239
1038 1658 7988102132652
1039 1196 5594102312813
1040 1200 5621101057151
1041 533 2454102032911
1042 726 3341100990067
1043 828 3823100116810
1044 1396 6615103853673
1045 1001 4626100518663
1046 77 0323102783091
1047 601 2733103028293
-29-1048 81 0343103388989
1049 1454 6895101190052
1050 165 0707103462833
1051 1413 6723101415382
1052 1193 5583103850215
1053 1906 9285102004355
1054 342 1462100919120
1055 1140 5287103728357
1056 390 1706101570463
1057 835 3844101790588
1058 53 0243103826536
1059 1117 5164103491272
1060 1070 4969102793854
1061 1278 6077101716252
1062 1984 9642102256628
1063 868 4013103737199
1064 455 2036102587144
1065 1809 8793103454110
1066 928 4278101811027
1067 907 4176101898347
1068 1743 8496102864281
1069 595 2713103776383
1070 204 0883102921180
1071 1359 6412102762589
1072 1477 7026101448105
1073 1552 7470100684420
1074 1690 8154102785254
1075 1389 6543103841909
1076 1362 6422100437844
1077 2050 9917103761293
1078 546 2494103379932
1079 1447 6862100856710
1080 138 0616101679414
1081 164 0707102459538
1082 364 1575100336686
1083 1519 7228100380771
1084 111 0523103503551
1085 1580 7614103855276
-30-1086 119 0543100583978
1087 622 2821102854991
1088 685 3085100539007
1089 29 0124102109753
1090 51 0236102808380
1091 366 1582100126069
1092 1733 8425101489284
1093 1932 9404100013175
1094 157 0686100245467
1095 389 1699101182569
1096 1305 6168102853122
1097 219 0925100302601
1098 126 0566102491915
1099 1357 6395100678019
1100 727 3341101994249
1101 1285 6100103197005
1102 1328 6266102276672
1103 1330 6274103069746
1104 1862 9027103632943
1105 336 1432102816048
1106 2034 9838101951505
1107 133 0594103181899
1108 200 0874103399526
1109 785 3617101116741
1110 1086 5025103887101
1111 953 4407101915305
1112 1214 5710103805613
1113 751 3455101914462
1114 985 4534102249694
1115 485 2171101404141
1116 748 3434100050744
1117 1418 6745101964541
1118 884 4070103143980
1119 510 2308101894289
1120 349 1490102820992
1121 1398 6641102043258
1122 626 2832103806945
1123 1815 8803103452813
-31-1124 417 1803100297212
1125 272 1144100628144
1126 1837 8903103467978
1127 1876 9089100626725
1128 345 1471101070456
1129 1854 8989101230077
1130 1397 6626102092652
1131 353 1520103747296
1132 1448 6862102278131
1133 307 1272103851066
1134 646 2912102550140
1135 443 1978101787187
1136 1416 6741100307098
1137 1233 5809101748495
1138 743 3420102169478
1139 21 0086101028982
1140 476 2130102695571
1141 1942 9453101927574
1142 1272 6044101128252
1143 1105 5122103518299
1144 1934 9407102316079
1145 444 1978102453827
1146 683 3065103846027
1147 1181 5541103487866
1148 1175 5516100152017
1149 1112 5144101633795
1150 286 1201101754343
1151 972 4478100247641
1152 666 2992103811025
1153 326 1377103817903
1154 642 2899103222879
1155 871 4023103082272
1156 544 2486101671894
1157 431 1886103104451
1158 850 3938101699993
1159 553 2529102587483
1160 889 4080103333023
1161 583 2648101199439
-32-1162 1301 6163103096884
1163 1268 6021102013074
1164 1053 4895101255092
1165 1125 5203102150845
1166 85 0381100160214
1167 1895 9193101363462
1168 1539 7393100562216
1169 1426 6780103859713
1170 93 0450103224000
1171 1470 6985103742924
1172 1623 7833101523087
1173 1989 9657101275715
1174 122 0554102981936
1175 118 0538100847162
1176 913 4217101272590
1177 187 0811103880691
1178 1021 4742101395116
1179 490 2203103070438
1180 1666 8037100029374
1181 1034 4803100799722
1182 1888 9179102906677
1183 394 1716103037462
1184 766 3524102771340
1185 716 3300103769246
1186 1130 5229102982195
1187 818 3778101047432
1188 244 1030100053295
1189 1252 5922103757683
1190 821 3789103442103
1191 1151 5346101895652
1192 1559 7521103135825
1193 2014 9785103592821
1194 792 3662100909933
1195 938 4336103334885
1196 1127 5211103406232
1197 1395 6615102943118
1198 1644 7941102624547
1199 1609 7745101530979
-33-1200 1419 6754100724660
1201 1555 7499103039976
1202 1732 8389102518575
1203 134 0595103831785
1204 515 2320101272983
1205 816 3776103519903
1206 2016 9795101415106
1207 63 0278102637321
1208 1702 8204100130575
1209 1785 8711103889617
1210 471 2116103732732
1211 1405 6673103279612
1212 2054 9943100789564
1213 710 3249102480195
1214 1671 8058101273300
1215 746 3427101977107
1216 1749 8523102890534
1217 5 0020102751913
1218 1571 7584101936499
1219 107 0501101884145
1220 554 2536102327328
1221 2043 9882100039350
1222 1551 7468100433068
1223 768 3537103410798
1224 684 3081101960321
1225 1780 8690102261231
1226 1742 8494102710276
1227 503 2261100977497
1228 247 1052100949228
1229 458 2042102474199
1230 140 0627102558451
1231 216 0921101503424
1232 829 3830103380641
1233 2018 9799102803422
1234 1304 6168102032698
1235 1106 5128103745424
1236 355 1529102380739
1237 955 4411103798763
-34-1238 638 2885102594540
1239 1931 9397102887710
1240 1744 8500101626340
1241 1791 8729101172688
1242 201 0876103850098
1243 8 0036101409584
1244 1667 8037100171395
1245 624 2830103483311
1246 774 3570102389656
1247 860 3979103806706
1248 217 0924100228199
1249 1245 5883101572469
1250 1591 7648100921406
1251 837 3853101028601
1252 674 3016102892945
1253 1894 9192102512531
1254 1027 4758102280014
1255 1997 9728101620671
1256 61 0276101735453
1257 730 3367101886625
1258 1896 9202103322165
1259 564 2580103772203
1260 439 1951102638406
1261 680 3056101721051
1262 1204 5645101196550
1263 575 2611103577839
1264 1954 9506103853711
1265 1528 7276103800812
1266 770 3555101375096
1267 1801 8780103550793
1268 690 3102103830270
1269 1241 5861103378537
1270 927 4277103857487
1271 1970 9587103370080
1272 1483 7058101643223
1273 1842 8944103140663
1274 52 0241101737634
1275 1593 7654102964848
-35-1276 613 2793102328826
1277 2025 9807101825433
1278 112 0528102885205
1279 1612 7778102963799
1280 40 0179103325410
1281 1875 9087102531565
1282 1313 6197102688817
1283 249 1055101370682
1284 936 4306103096282
1285 2022 9805102154695
1286 127 0567102251698
1287 327 1392101723589
1288 2004 9753101913854
1289 48 0213103159593
1290 643 2902103452614
1291 1439 6830101741899
1292 230 0961102449791
1293 863 3995101674074
1294 1834 8894101068194
1295 1344 6321101612763
1296 1090 5032101092377
1297 1407 6678103742961
1298 590 2676101774734
1299 1941 9447103154177
1300 399 1731100405068
1301 1068 4967103155733
1302 170 0737103022485
1303 806 3729100632118
1304 1107 5132102969298
1305 1150 5343103756472
1306 1129 5219103686412
1307 670 3000103234921
1308 319 1346101439726
1309 1911 9300102997141
1310 925 4269103782489
1311 420 1830102567983
1312 1228 5797102236714
1313 760 3491101186742
-36-1314 1057 4908103840790
1315 1189 5574103152272
1316 427 1870103658056
1317 451 2014100378854
1318 466 2091103124672
1319 411 1770102445814
1320 1868 9059101258255
1321 108 0504101815135
1322 1863 9032103781208
1323 1491 7093101672812
1324 651 2920103175553
1325 852 3946102350854
1326 264 1116102035362
1327 1111 5141100306823
1328 4 0016100263440
1329 1760 8592100418647
1330 192 0827103523185
1331 1532 7319101703475
1332 999 4618103882991
1333 450 2008102781045
1334 567 2596101972362
1335 1922 9356100498876
1336 1927 9367103767318
1337 571 2598103755767
1338 1823 8845101167148
1339 992 4581103515889
1340 1403 6654103814281
1341 941 4351102975293
1342 971 4474102115115
1343 739 3411103726367
1344 1818 8820101338287
1345 1223 5786101112764
1346 1251 5921101774145
1347 282 1195102183021
1348 1861 9009103107018
1349 671 3005103628663
1350 1793 8740103753957
1351 1835 8900102399301
-37-1352 362 1563103388203
1353 587 2658103886984
1354 825 3803100333942
1355 406 1757103640127
1356 1084 5022102567995
1357 1543 7413103834135
1358 551 2525101105376
1359 218 0924102402499
1360 1673 8069101308419
1361 922 4245103122137
1362 250 1059102722047
1363 1781 8701101457421
1364 1066 4946101033839
1365 172 0745102197249
1366 1822 8836102780038
1367 1672 8064102351850
1368 426 1862101898127
1369 1381 6504103608231
1370 793 3666103886420
1371 1493 7097101364956
1372 1923 9358102264819
1373 189 0820101686739
1374 1212 5704103857304
1375 337 1440102500802
1376 405 1756103870097
1377 862 3992103265851
1378 1325 6253102670077
1379 1905 9276101875200
1380 497 2233102520602
1381 23 0091101586239
1382 1855 8996101057066
1383 1946 9466100786632
1384 1355 6387101107465
1385 1812 8797101405813
1386 2 0006101595467
1387 1383 6508102865886
1388 975 4482103778868
1389 522 2372102149699
-38-1390 1725 8346101982765
1391 414 1778102483088
1392 413 1773102154505
1393 266 1129103407079
1394 1386 6526103520948
1395 1184 5557102019577
1396 698 3147102773734
1397 64 0287101010262
1398 409 1766101961381
1399 1981 9630103827331
1400 1162 5424103735294
1401 1729 8367100913993
1402 459 2052103879271
1403 1221 5771100030792
1404 160 0698102484693
1405 1938 9415102117702
1406 1859 9004102898593
1407 933 4299103860405
1408 422 1843102236939
1409 1720 8305101530325
1410 1213 5707103834844
1411 906 4174103845572
1412 1661 8021103364019
1413 1033 4788103409353
1414 136 0610103426652
1415 1632 7869102050239
1416 747 3433102614320
1417 1840 8938101768214
1418 1631 7867101105652
1419 1487 7072100226738
1420 1038 4850102906577
1421 1259 5987102548866
1422 1478 7030102198589
1423 221 0937103267339
1424 1721 8311103464998
1425 1625 7838102415642
1426 407 1761102866055
1427 1385 6525100431813
-39-1428 1113 5149101712096
1429 1155 5388103270083
1430 1993 9686102961023
1431 990 4569101750290
1432 376 1638102431817
1433 1490 7091102384657
1434 19 0076103788765
1435 1088 5028101676787
1436 1929 9385103833373
1437 609 2778103157307
1438 9 0039103437716
1439 1715 8282103261338
1440 39 0175102449418
1441 712 3278103106038
1442 1348 6359102837937
1443 145 0642103380099
1444 1577 7599100824148
1445 1310 6181103736492
1446 1752 8552102588023
1447 260 1108101855164
1448 1257 5965102456109
1449 939 4344103738108
1450 203 0883101721238
1451 1380 6501103182563
1452 1087 5026102087506
1453 1576 7596103797961
1454 400 1733102797020
1455 734 3375101155805
1456 917 4225102330462
1457 1091 5040102899257
1458 472 2117102361598
1459 880 4058102743902
1460 397 1727103432135
1461 1358 6402103866298
1462 1957 9528103848990
1463 1211 5691103853928
1464 1449 6871102773770
1465 2059 9984101541377
-40-1466 2023 9806102449930
1467 1329 6273103473484
1468 1092 5047102189815
1469 520 2361103140661
1470 191 0823103018964
1471 1010 4673103428971
1472 1930 9388101255060
1473 227 0951103744285
1474 1123 5195102443070
1475 1460 6928101829094
1476 253 1083100821466
1477 370 1612102472734
1478 1958 9529102774160
1479 1836 8901103283556
1480 1192 5581100028968
1481 1604 7727100156392
1482 1691 8156102792547
1483 1916 9324103276061
1484 1142 5289103831172
1485 1858 9002101739739
1486 1699 8184100696086
1487 1507 7144103456911
1488 1039 4852101785128
1489 2007 9760102990518
1490 859 3971102979154
1491 1998 9730101829411
1492 143 0641101376390
1493 505 2271102905093
1494 1899 9243103907062
1495 1302 6164103215554
1496 382 1661101629479
1497 1132 5243101375962
1498 1400 6648101023921
1499 361 1562103898767
1500 1218 5746101030430
1501 891 4103101296693
1502 58 0275101764820
1503 1799 8763103779860
-41-1504 304 1254103818413
1505 1375 6471103199731
1506 1800 8771103303232
1507 798 3693101621368
1508 1020 4737101449355
1509 1074 4985102392589
1510 131 0583103642117
1511 1141 5288101656619
1512 1029 4761102957092
1513 178 0795101313056
1514 493 2214103485764
1515 198 0865101160460
1516 1436 6816102599673
1517 777 3573103831799
1518 1149 5329103835168
1519 1244 5866100517775
1520 560 2570101593032
1521 1450 6874102345618
1522 2031 9821102766877
1523 1949 9490103442231
1524 557 2550102702714
1525 2055 9958102078271
1526 117 0537102331779
1527 1226 5794103651122
1528 1547 7431103887731
1529 28 0116103493226
1530 1598 7679101487862
1531 1897 9212103308710
1532 1557 7502102527642
1533 14 0052101103223
1534 1937 9414103874549
1535 877 4048100369879
1536 667 2993101617625
1537 425 1847102775072
1538 547 2499102978324
1539 721 3316101294939
1540 742 3418103823298
1541 1805 8788102619964
-42-1542 1311 6185102154549
1543 350 1504100700303
1544 632 2848101759003
1545 1719 8297102394875
1546 1231 5802102002963
1547 1143 5299103817072
1548 1219 5747102703910
1549 1201 5625100845337
1550 83 0353101750906
1551 822 3798101364839
1552 22 0089102118719
1553 478 2142102041144
1554 1669 8041101776072
1555 1013 4712103499426
1556 1032 4788101925615
1557 1146 5317103148393
1558 1784 8711101717178
1559 11 0042100331846
1560 1180 5541102050010
1561 1857 9001100510862
1562 1360 6419100340722
1563 509 2306102515975
1564 1327 6259102176392
1565 1556 7499103878165
1566 1676 8073103112071
1567 524 2391103813036
1568 317 1336102816725
1569 396 1727101238954
1570 1750 8526103885428
1571 487 2179102992594
1572 315 1334102964735
1573 753 3471102018652
1574 617 2805102719464
1575 182 0798103825991
1576 347 1483100789372
1577 1869 9068103830109
1578 929 4286103763725
1579 423 1843103726489
-43-1580 512 2316103750976
1581 152 0665103024713
1582 492 2212101743920
1583 1796 8750102481596
1584 875 4036102844441
1585 1234 5821101399398
1586 1168 5470102637821
1587 772 3565100437619
1588 1058 4910103212313
1589 1616 7788100652321
1590 1582 7618102514764
1591 1935 9408101140421
1592 900 4147103830840
1593 208 0894101875689
1594 1904 9273102136669
1595 1315 6208103834497
1596 895 4119103831218
1597 234 0997100089754
1598 1377 6487102090040
1599 1280 6093100286663
1600 883 4068103900960
1601 1748 8518102988950
1602 277 1164102167526
1603 775 3571101909157
1604 1071 4978102336383
1605 62 0277101943519
1606 1769 8623103837426
1607 199 0867102233724
1608 1611 7765100253579
1609 1839 8937103427774
1610 974 4482101066602
1611 436 1927102467653
1612 95 0467101301166
1613 1550 7453102272975
1614 1583 7618103094951
1615 1807 8788103842115
1616 1948 9476103124038
1617 1777 8663101201666
-44-1618 1514 7191101273465
1619 1633 7871102411751
1620 1417 6741101207480
1621 1680 8106102323544
1622 181 0797102842103
1623 1410 6684102342368
1624 581 2636103809012
1625 334 1423103282513
1626 732 3367103592999
1627 156 0684101851479
1628 256 1093103095864
1629 499 2243103819628
1630 1504 7139101576403
1631 1 0000101832854
1632 784 3613102221542
1633 826 3809102814638
1634 150 0660103783129
1635 483 2158100770322
1636 697 3143103016905
1637 1681 8107100914125
1638 912 4210103789783
1639 1393 6598103550002
1640 782 3601100101818
1641 1961 9537100130023
1642 1109 5140101136921
1643 1265 6008101312017
1644 848 3932102519228
1645 769 3554103858387
1646 474 2122102601929
1647 672 3006101993736
1648 1575 7593102702632
1649 1847 8960103674022
1650 1227 5795100915562
1651 229 0953100360945
1652 1846 8959101655558
1653 1408 6681101716609
1654 1018 4734103661990
1655 1740 8483101135239
-45-1656 1995 9700103782780
1657 1508 7154100073751
1658 876 4043103136516
1659 1230 5799102040052
1660 1560 7527103186993
1661 1626 7847103082803
1662 1283 6098102436892
1663 100 0478102795335
1664 1878 9097103228278
1665 357 1547103330094
1666 1191 5576102329848
1667 1974 9614103065231
1668 819 3780103910753
1669 612 2786102072597
1670 881 4065103765111
1671 1116 5153102856434
1672 1148 5329102451099
1673 207 0891101378652
1674 1794 8744101270213
1675 1789 8722102332658
1676 532 2445103466051
1677 634 2849101627512
1678 1773 8654102935104
1679 607 2769102299132
1680 1124 5201103209432
1681 2045 9889100053788
1682 154 0671100988720
1683 246 1045103265211
1684 1495 7103103747657
1685 1830 8882103461023
1686 1852 8982101986960
1687 1870 9069103110500
1688 1679 8100103887303
1689 30 0132102100960
1690 1255 5937103049287
1691 1950 9493101802025
1692 1069 4969100648594
1693 718 3312103349932
-46-1694 709 3237102959374
1695 1429 6796100325195
1696 65 0295103131490
1697 1536 7353101832004
1698 1083 5020102316192
1699 1741 8494101735080
1700 369 1606101173693
1701 245 1039101433848
1702 410 1768101234235
1703 508 2293101094993
1704 1746 8517101017850
1705 401 1745100642133
1706 2032 9825100870526
1707 1258 5970101471280
1708 1421 6761103312608
1709 677 3030103167518
1710 1235 5839103871313
1711 322 1367103752525
1712 1276 6073101160261
1713 432 1893103218114
1714 332 1411101835557
1715 1372 6462102020749
1716 463 2067102909508
1717 711 3258103885046
1718 393 1714102820636
1719 1173 5502102067829
1720 983 4515103848317
1721 310 1281102259797
1722 280 1179103001137
1723 1144 5307103375216
1724 54 0245103110181
1725 1541 7399102569851
1726 1657 7986103881913
1727 858 3966100299347
1728 1238 5853102216888
1729 1972 9597102440733
1730 1768 8622103383532
1731 719 3312103760817
-47-1732 663 2975102410933
1733 1138 5280103146341
1734 377 1639102093677
1735 1382 6505102879501
1736 1814 8798102178138
1737 267 1130101575298
1738 767 3537101232619
1739 1391 6562103766784
1740 1082 5018102728619
1741 1484 7066102195686
1742 1506 7144101877470
1743 1903 9264101974306
1744 358 1552103049092
1745 479 2143100694806
1746 815 3776102092027
1747 1079 5005101445588
1748 438 1933103822785
1749 608 2770100496502
1750 807 3731101832774
1751 1008 4661102401658
1752 1695 8175103768536
1753 1041 4864103723107
1754 896 4122102054425
1755 1197 5595101547304
1756 1318 6224100845835
1757 887 4077103190802
1758 1249 5918103708678
1759 80 0339102114891
1760 765 3504103070731
1761 146 0644102448036
1762 1936 9409100938266
1763 1829 8871102873444
1764 692 3109102004283
1765 449 2002103737891
1766 2012 9778103813670
1767 521 2366103825797
1768 1608 7742101148914
1769 1240 5859102421699
-48-1770 1096 5078103841977
1771 1273 6053102951060
1772 6 0030101581058
1773 1388 6536103847092
1774 2010 9767103085131
1775 1692 8159103854270
1776 791 3648103420133
1777 1243 5863102933240
1778 1023 4746103112533
1779 1533 7337103853712
1780 678 3047101296700
1781 2002 9746102046017
1782 611 2784103815036
1783 1456 6908101608871
1784 636 2869103061192
1785 159 0692100356623
1786 1275 6066100116958
1787 1849 8966100860236
1788 803 3710103517508
1789 1108 5135102344383
1790 1354 6371103904089
1791 1687 8120101498369
1792 1104 5114103190520
1793 598 2721102891547
1794 115 0533103147027
1795 1147 5323102223642
1796 1406 6674102751078
1797 1910 9299102606355
1798 144 0642101643663
1799 982 4513102851355
1800 589 2675103138261
1801 102 0478103583647
1802 1811 8796103115626
1803 2061 9990101025464
1804 1707 8236103052099
1805 2036 9847103807395
1806 1619 7816101299894
1807 1724 8332101273427
-49-1808 559 2557102184711
1809 1636 7898102005934
1810 186 0810103008942
1811 563 2580101014920
1812 1545 7416103770763
1813 1722 8313103908474
1814 110 0521103608902
1815 47 0206103866917
1816 1299 6158102438236
1817 1564 7538100713797
1818 2021 9804101115114
1819 1599 7686103733055
1820 1457 6914100055098
1821 1925 9365103911609
1822 1286 6102103808604
1823 704 3200103751086
1824 491 2207101787113
1825 762 3496101815841
1826 1247 5905102447225
1827 1971 9589100497966
1828 402 1747103804216
1829 1627 7848103431960
1830 805 3723103208748
1831 278 1165102758524
1832 556 2550101960904
1833 996 4597101608609
1834 142 0639102770351
1835 1976 9620103410464
1836 452 2027103726329
1837 1578 7607101189318
1838 562 2579101114677
1839 1078 4998103513239
1840 2008 9761101020051
1841 404 1755103330960
1842 1708 8239103832815
1843 1025 4754102889828
1844 1573 7590101025217
1845 908 4180101867967
-50-1846 453 2030100285097
1847 1755 8560103474523
1848 1399 6641103142798
1849 388 1683101279587
1850 1128 5215100599215
1851 648 2915101841585
1852 687 3091102381531
1853 1277 6073101960709
1854 1102 5105102456832
1855 408 1763101985222
1856 470 2106103549713
1857 1293 6125102762097
1858 1605 7728103158313
1859 1434 6807100315456
1860 92 0448102600988
1861 1115 5150101756486
1862 213 0910102228652
1863 1390 6543103862002
1864 274 1153101335130
1865 1696 8179100977527
1866 878 4050100828118
1867 1778 8680103760223
1868 1527 7266101455868
1869 386 1673102990227
1870 1261 5997100619141
1871 1881 9118103896169
1872 813 3756103485447
1873 757 3479100497801
1874 1485 7069101591398
1875 1630 7865102907774
1876 273 1148100599750
1877 197 0848103836525
1878 75 0323102004686
1879 295 1235101661996
1880 1914 9312101630632
1881 1347 6359102603248
1882 1594 7658103526210
1883 348 1487100296546
-51-1884 1969 9584100324038
1885 756 3478101424497
1886 384 1662103798541
1887 1730 8381100979003
1888 737 3406103738150
1889 1339 6305101918132
1890 507 2288102815763
1891 84 0356100488329
1892 504 2264100005066
1893 1346 6355100010221
1894 796 3689102788772
1895 924 4246103178491
1896 964 4447103114939
1897 1254 5936101473885
1898 1757 8572102439425
1899 240 1012101254031
1900 720 3314100832776
1901 1373 6464102282564
1902 1753 8552103209602
1903 1292 6120103349302
1904 435 1914101031156